# Curvature data file for data/reference/trefoil_3.1_plcurve_kl400.vect output from plcurvature
# VECT file has 1 components, 400 verts 
# cp = component #, vt = vertex # 
# s = arclength from vertex 0 to vertex (vt+1), k = curvature, 1/k radius of curvature 
# cp    vt     s     k       1/k     
      0      0 0.0812101 0.503399   1.9865 
      0      1 0.163695 0.526376  1.89978 
      0      2 0.245065 0.503024  1.98798 
      0      3 0.327332 0.529426  1.88884 
      0      4 0.40894 0.518862  1.92729 
      0      5 0.490929 0.539753   1.8527 
      0      6 0.572692 0.535825  1.86628 
      0      7 0.654682 0.536143  1.86517 
      0      8 0.736464 0.533906  1.87299 
      0      9 0.818357 0.550883  1.81527 
      0     10 0.900233 0.545965  1.83162 
      0     11 0.982086  0.56051  1.78409 
      0     12 1.06408 0.586436  1.70522 
      0     13 1.14559 0.663146  1.50796 
      0     14 1.22791 0.666922  1.49943 
      0     15 1.31023 0.707002  1.41442 
      0     16 1.39003 0.975399  1.02522 
      0     17 1.47306  1.00002 0.999978 
      0     18 1.55385 0.627363  1.59397 
      0     19 1.63712 0.475302  2.10393 
      0     20 1.71934 0.616748  1.62141 
      0     21 1.80011 0.498269  2.00695 
      0     22 1.88285  0.79008  1.26569 
      0     23 1.96352  1.00003 0.999972 
      0     24 2.04667 0.931035  1.07407 
      0     25 2.12774 0.680472  1.46957 
      0     26 2.21057 0.637839  1.56779 
      0     27 2.29152 0.606736  1.64816 
      0     28 2.37423 0.617283     1.62 
      0     29 2.4553 0.581199  1.72058 
      0     30 2.53788  0.56939  1.75627 
      0     31 2.61911 0.539693   1.8529 
      0     32 2.70165  0.53563  1.86696 
      0     33 2.78284 0.537081  1.86192 
      0     34 2.86548 0.519172  1.92614 
      0     35 2.94659 0.528441  1.89236 
      0     36 3.02893 0.549431  1.82007 
      0     37 3.11083 0.482403  2.07296 
      0     38 3.1923 0.545444  1.83337 
      0     39 3.27465 0.521889  1.91612 
      0     40 3.35609  0.50349  1.98614 
      0     41 3.43833 0.520323  1.92188 
      0     42 3.5199 0.503347   1.9867 
      0     43 3.60203 0.509209  1.96383 
      0     44 3.68364 0.506762  1.97331 
      0     45 3.76569 0.510836  1.95758 
      0     46 3.84748 0.500123  1.99951 
      0     47 3.92943 0.506437  1.97458 
      0     48 4.01114 0.508572  1.96629 
      0     49 4.09323 0.501749  1.99303 
      0     50 4.17482 0.506674  1.97366 
      0     51 4.25705 0.499227   2.0031 
      0     52 4.33842 0.515429  1.94013 
      0     53 4.42094 0.494359  2.02282 
      0     54 4.50213 0.509708  1.96191 
      0     55 4.58458  0.51665  1.93555 
      0     56 4.6661 0.484027    2.066 
      0     57 4.74807 0.522945  1.91225 
      0     58 4.82992 0.489372  2.04343 
      0     59 4.9118 0.500562  1.99776 
      0     60 4.99368 0.502891   1.9885 
      0     61 5.0755 0.501941  1.99227 
      0     62 5.15748 0.497014  2.01202 
      0     63 5.23918 0.507792  1.96931 
      0     64 5.32127 0.496966  2.01221 
      0     65 5.40283 0.507876  1.96898 
      0     66 5.48512 0.495381  2.01865 
      0     67 5.56646 0.513406  1.94778 
      0     68 5.6489 0.497719  2.00917 
      0     69 5.73031 0.494294  2.02309 
      0     70 5.81248  0.51494  1.94197 
      0     71 5.89419 0.492848  2.02902 
      0     72 5.97611 0.506179  1.97559 
      0     73 6.05794 0.498944  2.00423 
      0     74 6.13985  0.50144  1.99426 
      0     75 6.22168 0.501274  1.99492 
      0     76 6.30363 0.501173  1.99532 
      0     77 6.38534 0.505307    1.979 
      0     78 6.4674 0.496949  2.01228 
      0     79 6.54913 0.498588  2.00566 
      0     80 6.63108 0.507188  1.97166 
      0     81 6.71294 0.496453  2.01429 
      0     82 6.79475 0.505831  1.97695 
      0     83 6.8767 0.492604  2.03003 
      0     84 6.95844 0.503131  1.98755 
      0     85 7.04045 0.501011  1.99597 
      0     86 7.12224 0.499429  2.00229 
      0     87 7.20414 0.506394  1.97475 
      0     88 7.28597 0.503919  1.98445 
      0     89 7.36795 0.493637  2.02578 
      0     90 7.44967 0.503885  1.98458 
      0     91 7.53164 0.504228  1.98323 
      0     92 7.61344  0.49716  2.01142 
      0     93 7.69536 0.503491  1.98613 
      0     94 7.77717 0.502308  1.99081 
      0     95 7.85911 0.498935  2.00427 
      0     96 7.94088 0.502961  1.98823 
      0     97 8.0229 0.498639  2.00546 
      0     98 8.10451 0.511892  1.95354 
      0     99 8.18679 0.492079  2.03219 
      0    100 8.26812 0.512986  1.94937 
      0    101 8.35062 0.493416  2.02669 
      0    102 8.43188 0.505059  1.97997 
      0    103 8.51423 0.513021  1.94924 
      0    104 8.59574 0.489016  2.04492 
      0    105 8.67786  0.51018  1.96009 
      0    106 8.75954 0.497344  2.01068 
      0    107 8.84155 0.507204   1.9716 
      0    108 8.92329 0.499631  2.00148 
      0    109 9.00529 0.501039  1.99585 
      0    110 9.08702 0.504218  1.98327 
      0    111 9.16905 0.499522  2.00192 
      0    112 9.25073 0.503191  1.98732 
      0    113 9.33281 0.500273  1.99891 
      0    114 9.41451  0.49787  2.00856 
      0    115 9.49649 0.505762  1.97721 
      0    116 9.57821 0.508422  1.96687 
      0    117 9.66028 0.494923  2.02052 
      0    118 9.74195 0.501864  1.99257 
      0    119 9.82397 0.505536   1.9781 
      0    120 9.90573 0.500948  1.99622 
      0    121 9.98768 0.504543  1.98199 
      0    122 10.0695 0.503714  1.98525 
      0    123 10.1514 0.503882  1.98459 
      0    124 10.2333 0.502259    1.991 
      0    125 10.3151 0.506091  1.97593 
      0    126 10.397 0.506751  1.97336 
      0    127 10.4789 0.496769  2.01301 
      0    128 10.5607 0.511768  1.95401 
      0    129 10.6426 0.511954   1.9533 
      0    130 10.7244 0.502661  1.98941 
      0    131 10.8064 0.507124   1.9719 
      0    132 10.8882 0.507885  1.96895 
      0    133 10.9701 0.516667  1.93548 
      0    134 11.0519 0.518347  1.92921 
      0    135 11.1338 0.514464  1.94377 
      0    136 11.2156 0.525137  1.90426 
      0    137 11.2976 0.514863  1.94226 
      0    138 11.3793  0.52975  1.88768 
      0    139 11.4614 0.517236  1.93335 
      0    140 11.5429 0.538633  1.85655 
      0    141 11.6252 0.529293  1.88931 
      0    142 11.7066  0.54096  1.84856 
      0    143 11.7889 0.563804  1.77366 
      0    144 11.8705 0.576913  1.73336 
      0    145 11.9525 0.615279  1.62528 
      0    146 12.0344 0.595174  1.68018 
      0    147 12.1162 0.636711  1.57057 
      0    148 12.1991 0.653565  1.53007 
      0    149 12.2788 0.969485  1.03148 
      0    150 12.3616  1.00002 0.999983 
      0    151 12.4428 0.765626  1.30612 
      0    152 12.5251 0.465636   2.1476 
      0    153 12.6082 0.637886  1.56768 
      0    154 12.6889 0.463542   2.1573 
      0    155 12.7718 0.668657  1.49554 
      0    156 12.8518  1.00004 0.999958 
      0    157 12.935 0.976219  1.02436 
      0    158 13.0165 0.700823  1.42689 
      0    159 13.0986 0.697464  1.43377 
      0    160 13.1803  0.64325   1.5546 
      0    161 13.2624 0.601085  1.66366 
      0    162 13.3441 0.553876  1.80546 
      0    163 13.4261 0.554009  1.80502 
      0    164 13.5079 0.543795  1.83893 
      0    165 13.5899 0.536391  1.86431 
      0    166 13.6717 0.535947  1.86586 
      0    167 13.7536 0.538866  1.85575 
      0    168 13.8354 0.531863  1.88018 
      0    169 13.9173 0.528075  1.89367 
      0    170 13.9992 0.511144   1.9564 
      0    171 14.081 0.517371  1.93285 
      0    172 14.163 0.511399  1.95542 
      0    173 14.2448 0.513651  1.94685 
      0    174 14.3267 0.503602  1.98569 
      0    175 14.4086 0.509133  1.96412 
      0    176 14.4904 0.508847  1.96523 
      0    177 14.5723 0.510845  1.95754 
      0    178 14.6541 0.505649  1.97766 
      0    179 14.736 0.506638   1.9738 
      0    180 14.8179 0.504493  1.98219 
      0    181 14.8998 0.502718  1.98919 
      0    182 14.9817 0.502952  1.98826 
      0    183 15.0634 0.507548  1.97026 
      0    184 15.1455 0.492826  2.02911 
      0    185 15.2271 0.514246  1.94459 
      0    186 15.3092 0.505554  1.97803 
      0    187 15.3909 0.492279  2.03137 
      0    188 15.4728 0.510721  1.95801 
      0    189 15.5548  0.49244   2.0307 
      0    190 15.6364 0.516967  1.93436 
      0    191 15.7188 0.483988  2.06617 
      0    192 15.7999  0.52069  1.92053 
      0    193 15.8825 0.503699  1.98531 
      0    194 15.9638 0.495826  2.01684 
      0    195 16.0461 0.520209   1.9223 
      0    196 16.1276 0.492081  2.03218 
      0    197 16.2098 0.506296  1.97513 
      0    198 16.2915 0.493518  2.02627 
      0    199 16.3734 0.517394  1.93276 
      0    200 16.4553 0.487824  2.04992 
      0    201 16.5371 0.498501  2.00602 
      0    202 16.619 0.502708  1.98923 
      0    203 16.7009 0.503129  1.98756 
      0    204 16.7827 0.500779  1.99689 
      0    205 16.8646 0.500004  1.99998 
      0    206 16.9465 0.502647  1.98947 
      0    207 17.0284 0.497053  2.01186 
      0    208 17.1101 0.510193  1.96004 
      0    209 17.1923 0.487669  2.05057 
      0    210 17.2738 0.509596  1.96234 
      0    211 17.356 0.508519  1.96649 
      0    212 17.4376 0.487357  2.05188 
      0    213 17.5196 0.513318  1.94811 
      0    214 17.6014 0.494909  2.02057 
      0    215 17.6832 0.503304  1.98687 
      0    216 17.7652 0.499892  2.00043 
      0    217 17.847 0.499869  2.00052 
      0    218 17.9289 0.506642  1.97378 
      0    219 18.0108 0.497431  2.01033 
      0    220 18.0926 0.504075  1.98383 
      0    221 18.1746 0.495927  2.01643 
      0    222 18.2563 0.499626   2.0015 
      0    223 18.3383 0.505117  1.97974 
      0    224 18.4201 0.493996  2.02431 
      0    225 18.5019 0.512236  1.95222 
      0    226 18.5839 0.497832  2.00871 
      0    227 18.6656 0.503325  1.98679 
      0    228 18.7477 0.499047  2.00382 
      0    229 18.8293 0.507814  1.96923 
      0    230 18.9115 0.495016  2.02014 
      0    231 18.9931 0.501169  1.99534 
      0    232 19.0751 0.506905  1.97276 
      0    233 19.1569 0.490862  2.03723 
      0    234 19.2388 0.502919  1.98839 
      0    235 19.3207 0.500859  1.99657 
      0    236 19.4025 0.502211   1.9912 
      0    237 19.4844 0.499146  2.00342 
      0    238 19.5662 0.504412  1.98251 
      0    239 19.6482 0.500728  1.99709 
      0    240 19.7299 0.503388  1.98654 
      0    241 19.812  0.49526  2.01914 
      0    242 19.8936 0.507759  1.96944 
      0    243 19.9758 0.495012  2.02015 
      0    244 20.0573 0.506458   1.9745 
      0    245 20.1395 0.508491   1.9666 
      0    246 20.2211 0.494651  2.02163 
      0    247 20.3032 0.509289  1.96352 
      0    248 20.3849 0.497111  2.01162 
      0    249 20.4668 0.506482   1.9744 
      0    250 20.5487 0.496267  2.01504 
      0    251 20.6305 0.507577  1.97014 
      0    252 20.7125 0.497238  2.01111 
      0    253 20.7943 0.506281  1.97519 
      0    254 20.8762 0.498779  2.00489 
      0    255 20.958 0.505261  1.97917 
      0    256 21.0399 0.501537  1.99387 
      0    257 21.1218 0.506522  1.97425 
      0    258 21.2037 0.496524    2.014 
      0    259 21.2854 0.508099  1.96812 
      0    260 21.3675 0.502859  1.98863 
      0    261 21.4492 0.505219  1.97934 
      0    262 21.5311 0.514197  1.94478 
      0    263 21.613 0.510622  1.95839 
      0    264 21.6948 0.503873  1.98463 
      0    265 21.7767 0.513515  1.94736 
      0    266 21.8586 0.506521  1.97425 
      0    267 21.9404 0.518641  1.92812 
      0    268 22.0223 0.510835  1.95758 
      0    269 22.1042  0.51471  1.94284 
      0    270 22.1861 0.518196  1.92977 
      0    271 22.2679 0.519389  1.92534 
      0    272 22.3498 0.522485  1.91393 
      0    273 22.4317 0.525272  1.90378 
      0    274 22.5134  0.54994  1.81838 
      0    275 22.5954  0.55139   1.8136 
      0    276 22.6772 0.562327  1.77833 
      0    277 22.7592 0.564215  1.77237 
      0    278 22.8409 0.572631  1.74633 
      0    279 22.923 0.584014  1.71229 
      0    280 23.0046  0.61975  1.61355 
      0    281 23.087 0.706873  1.41468 
      0    282 23.1685 0.804927  1.24235 
      0    283 23.25 0.999637  1.00036 
      0    284 23.3318  0.86165  1.16056 
      0    285 23.4127 0.518812  1.92748 
      0    286 23.4967 0.573707  1.74305 
      0    287 23.5776 0.532593  1.87761 
      0    288 23.6592 0.555211  1.80112 
      0    289 23.7415 0.893835  1.11878 
      0    290 23.8229 0.991733  1.00834 
      0    291 23.9052 0.820652  1.21854 
      0    292 23.987  0.70873  1.41098 
      0    293 24.069 0.618394  1.61709 
      0    294 24.1508 0.575804   1.7367 
      0    295 24.2328 0.573237  1.74448 
      0    296 24.3146 0.564429   1.7717 
      0    297 24.3964 0.568749  1.75824 
      0    298 24.4784 0.545329  1.83376 
      0    299 24.5601 0.546353  1.83032 
      0    300 24.6422 0.531161  1.88267 
      0    301 24.7239 0.520163  1.92247 
      0    302 24.8059 0.522125  1.91525 
      0    303 24.8876 0.519458  1.92508 
      0    304 24.9697 0.515289  1.94066 
      0    305 25.0514  0.51258  1.95091 
      0    306 25.1333  0.51492  1.94205 
      0    307 25.2152  0.51109   1.9566 
      0    308 25.2971 0.508918  1.96495 
      0    309 25.3789 0.510266  1.95976 
      0    310 25.4608 0.507737  1.96952 
      0    311 25.5426  0.51016  1.96017 
      0    312 25.6246 0.503395  1.98651 
      0    313 25.7064 0.503169   1.9874 
      0    314 25.7882 0.508407  1.96693 
      0    315 25.8702 0.498811  2.00477 
      0    316 25.952 0.506153  1.97569 
      0    317 26.0339 0.500803  1.99679 
      0    318 26.1158 0.503705  1.98529 
      0    319 26.1976 0.497952  2.00823 
      0    320 26.2795 0.507758  1.96944 
      0    321 26.3614 0.499588  2.00165 
      0    322 26.4432 0.501384  1.99448 
      0    323 26.5251 0.500914  1.99635 
      0    324 26.607  0.50381  1.98488 
      0    325 26.6889 0.499328  2.00269 
      0    326 26.7707 0.501223  1.99512 
      0    327 26.8527 0.494586  2.02189 
      0    328 26.9343 0.515847  1.93856 
      0    329 27.0164 0.492409  2.03083 
      0    330 27.0981 0.499082  2.00368 
      0    331 27.1801 0.508036  1.96836 
      0    332 27.2619 0.499028   2.0039 
      0    333 27.3438  0.50019  1.99924 
      0    334 27.4256 0.503914  1.98447 
      0    335 27.5076 0.501273  1.99492 
      0    336 27.5893 0.504406  1.98253 
      0    337 27.6714 0.496726  2.01318 
      0    338 27.7529 0.510431  1.95913 
      0    339 27.8353 0.487431  2.05157 
      0    340 27.9166 0.514419  1.94394 
      0    341 27.999 0.503146   1.9875 
      0    342 28.0804 0.492098  2.03212 
      0    343 28.1626 0.512855  1.94987 
      0    344 28.2442 0.496605  2.01367 
      0    345 28.3263 0.505472  1.97835 
      0    346 28.408 0.499529  2.00189 
      0    347 28.4899 0.505249  1.97922 
      0    348 28.5718 0.503073  1.98778 
      0    349 28.6537 0.496403  2.01449 
      0    350 28.7356 0.496391  2.01454 
      0    351 28.8172 0.521923  1.91599 
      0    352 28.8996 0.477064  2.09616 
      0    353 28.9809 0.506669  1.97367 
      0    354 29.0632 0.518661  1.92804 
      0    355 29.1448 0.488549  2.04688 
      0    356 29.2268 0.507183  1.97167 
      0    357 29.3086 0.500785  1.99686 
      0    358 29.3904 0.508427  1.96685 
      0    359 29.4725 0.486457  2.05568 
      0    360 29.5541 0.508379  1.96704 
      0    361 29.6362 0.507993  1.96853 
      0    362 29.7179 0.490439  2.03899 
      0    363 29.7998 0.505621  1.97777 
      0    364 29.8817 0.498525  2.00592 
      0    365 29.9635  0.50213  1.99152 
      0    366 30.0455 0.498895  2.00443 
      0    367 30.1272 0.506573  1.97405 
      0    368 30.2093 0.497398  2.01046 
      0    369 30.2909 0.507554  1.97023 
      0    370 30.3731 0.497829  2.00872 
      0    371 30.4546 0.503321   1.9868 
      0    372 30.5368 0.502832  1.98874 
      0    373 30.6184 0.498912  2.00436 
      0    374 30.7005 0.502354  1.99063 
      0    375 30.7822 0.498267  2.00696 
      0    376 30.8641 0.504713  1.98133 
      0    377 30.946 0.496694  2.01331 
      0    378 31.0278 0.505837  1.97692 
      0    379 31.1097 0.498565  2.00576 
      0    380 31.1916 0.501987  1.99208 
      0    381 31.2735 0.504369  1.98267 
      0    382 31.3553 0.498052  2.00782 
      0    383 31.4372 0.503699  1.98531 
      0    384 31.519 0.500114  1.99955 
      0    385 31.6009 0.500772  1.99691 
      0    386 31.6829 0.494995  2.02022 
      0    387 31.7645 0.512043  1.95296 
      0    388 31.8466 0.510004  1.96077 
      0    389 31.9284 0.491865  2.03308 
      0    390 32.0102   0.5067  1.97355 
      0    391 32.0922 0.498287  2.00688 
      0    392 32.1738  0.51387  1.94602 
      0    393 32.2561 0.500903  1.99639 
      0    394 32.3375 0.511568  1.95478 
      0    395 32.4199  0.50515  1.97961 
      0    396 32.5012 0.514916  1.94207 
      0    397 32.5837 0.506861  1.97293 
      0    398 32.6645 0.518959  1.92694 
      0    399 32.7474 0.526434  1.89957 
#
