1 6.29452e-05 
2 6.29494e-05 
3 6.44043e-05 
4 6.44059e-05 
5 0.000159449 
6 0.000162883 
7 0.0001725 
8 0.000203776 
9 0.000203823 
10 0.000203827 
11 0.000203838 
12 0.000203839 
13 0.000219559 
14 0.000342907 
15 0.000359992 
16 0.000372087 
17 0.000377113 
18 0.000377317 
19 0.000377318 
20 0.000377882 
21 0.000379951 
22 0.000380078 
23 0.0003803 
24 0.000380306 
25 0.000380558 
26 0.000421085 
27 0.000424168 
28 0.000426203 
29 0.000428861 
30 0.000428871 
31 0.000435622 
32 0.000435651 
33 0.000440276 
34 0.000443841 
35 0.000448268 
36 0.000636328 
37 0.00064351 
38 0.000646166 
39 0.000650326 
40 0.000650494 
41 0.000650495 
42 0.000650661 
43 0.00065074 
44 0.000650915 
45 0.000651668 
46 0.00065167 
47 0.000651919 
48 0.000653765 
49 0.000653774 
50 0.000659031 
51 0.000680781 
52 0.000682634 
53 0.000684419 
54 0.000684428 
55 0.000684596 
56 0.000686058 
57 0.000687085 
58 0.000687876 
59 0.000696054 
60 0.000696823 
61 0.000697477 
62 0.000697729 
63 0.00069773 
64 0.000697774 
65 0.000697818 
66 0.000697897 
67 0.000697939 
68 0.000699028 
69 0.00070477 
70 0.000705262 
71 0.00070617 
72 0.000706414 
73 0.000706838 
74 0.000707139 
75 0.000707608 
76 0.0007091 
77 0.000769652 
78 0.00077664 
79 0.000776642 
80 0.000778637 
81 0.00078005 
82 0.000780102 
83 0.000784364 
84 0.000786818 
85 0.000787472 
86 0.000790264 
87 0.000791383 
88 0.00080394 
89 0.000804924 
90 0.000805341 
91 0.000805795 
92 0.000805797 
93 0.000805933 
94 0.000805981 
95 0.000805984 
96 0.000806407 
97 0.000808501 
98 0.000808967 
99 0.000851946 
100 0.000856386 
101 0.000857156 
102 0.000857157 
103 0.00085891 
104 0.000858915 
105 0.000860668 
106 0.000862107 
107 0.000862236 
108 0.00086461 
109 0.000867478 
110 0.000868151 
111 0.000875653 
112 0.000897438 
113 0.000899654 
114 0.000899875 
115 0.000899876 
116 0.000899963 
117 0.000900111 
118 0.000900319 
119 0.000900371 
120 0.0009005 
121 0.000901496 
122 0.000901503 
123 0.000903655 
124 0.000903701 
125 0.000905302 
126 0.000910052 
127 0.0011033 
128 0.00111336 
129 0.0011143 
130 0.00111595 
131 0.00111602 
132 0.00111944 
133 0.00112373 
134 0.00112396 
135 0.00112499 
136 0.00113047 
137 0.00113232 
138 0.00113819 
139 0.001166 
140 0.00116688 
141 0.00116722 
142 0.00116722 
143 0.00116725 
144 0.00116735 
145 0.00116744 
146 0.00116799 
147 0.00116828 
148 0.00116846 
149 0.0011686 
150 0.00116863 
151 0.00116868 
152 0.0011753 
153 0.00117576 
154 0.0011758 
155 0.00117585 
156 0.00117585 
157 0.00117611 
158 0.00117621 
159 0.0011765 
160 0.0011766 
161 0.00117672 
162 0.00117686 
163 0.00117714 
164 0.00117765 
165 0.00117774 
166 0.00117943 
167 0.00130679 
168 0.00132159 
169 0.00132182 
170 0.00132294 
171 0.00132463 
172 0.00132566 
173 0.00132956 
174 0.0013313 
175 0.00133411 
176 0.00133594 
177 0.00133806 
178 0.00136461 
179 0.00136734 
180 0.00136735 
181 0.00136735 
182 0.00136864 
183 0.00136865 
184 0.00136952 
185 0.00137006 
186 0.00137095 
187 0.00137178 
188 0.00137194 
189 0.00137282 
190 0.00137388 
191 0.00137457 
192 0.00137942 
193 0.00137981 
194 0.00137995 
195 0.00137997 
196 0.00138001 
197 0.00138007 
198 0.00138013 
199 0.0013802 
200 0.00138033 
201 0.0013804 
202 0.00138045 
203 0.00138083 
204 0.00138112 
205 0.00138812 
206 0.00138877 
207 0.00138889 
208 0.00138889 
209 0.00138938 
210 0.00138967 
211 0.00138994 
212 0.00139026 
213 0.00139077 
214 0.00139113 
215 0.00139167 
216 0.00139277 
217 0.00141534 
218 0.00141572 
219 0.00141573 
220 0.00141575 
221 0.00141579 
222 0.00141581 
223 0.00141588 
224 0.0014159 
225 0.00141592 
226 0.00141604 
227 0.00141612 
228 0.00141625 
229 0.00141631 
230 0.00141663 
231 0.00141898 
232 0.0015709 
233 0.00157835 
234 0.00157805 
235 0.00157644 
236 0.00157796 
237 0.00157796 
238 0.0015788 
239 0.00157952 
240 0.00157952 
241 0.00157975 
242 0.00158021 
243 0.00158033 
244 0.00158054 
245 0.00158114 
246 0.00158129 
247 0.00158134 
248 0.00158246 
249 0.00158294 
250 0.00158489 
251 0.00158542 
252 0.00158877 
253 0.00159481 
254 0.00159688 
255 0.00159943 
256 0.00161721 
257 0.00161799 
258 0.00161806 
259 0.00161878 
260 0.00161955 
261 0.00162125 
262 0.00162544 
263 0.00196443 
264 0.00197745 
265 0.00198256 
266 0.0019834 
267 0.00198447 
268 0.00198456 
269 0.00198457 
270 0.00198466 
271 0.00198521 
272 0.00198609 
273 0.00198812 
274 0.00198878 
275 0.0019894 
276 0.00199524 
277 0.00199588 
278 0.00199633 
279 0.00199689 
280 0.00199755 
281 0.00199815 
282 0.0020033 
283 0.00200835 
284 0.00201763 
285 0.00202999 
286 0.00203657 
287 0.00203921 
288 0.00205087 
289 0.00205367 
290 0.00209401 
291 0.00209537 
292 0.00209517 
293 0.00209597 
294 0.00209724 
295 0.00209905 
296 0.00210564 
297 0.0022268 
298 0.00222986 
299 0.00223226 
300 0.00223264 
301 0.00223296 
302 0.00223345 
303 0.00223398 
304 0.00223507 
305 0.00223587 
306 0.00223662 
307 0.00223771 
308 0.0022389 
309 0.00223992 
310 0.00224113 
311 0.00224729 
312 0.00225613 
313 0.00226386 
314 0.00226657 
315 0.00231542 
316 0.00231752 
317 0.00231752 
318 0.00231696 
319 0.00231685 
320 0.0023169 
321 0.00231705 
322 0.0023172 
323 0.00231745 
324 0.0023176 
325 0.00231772 
326 0.00231793 
327 0.00231829 
328 0.00232011 
329 0.00232939 
330 0.00234129 
331 0.00243988 
332 0.00244244 
333 0.00244119 
334 0.00244119 
335 0.00244113 
336 0.00244118 
337 0.00244123 
338 0.00244128 
339 0.00244132 
340 0.00244152 
341 0.00244158 
342 0.00244167 
343 0.0024417 
344 0.00244182 
345 0.00244187 
346 0.00244188 
347 0.00244193 
348 0.00244196 
349 0.00244203 
350 0.00244215 
351 0.00244217 
352 0.00244219 
353 0.00244223 
354 0.00244238 
355 0.00244255 
356 0.00244261 
357 0.00244274 
358 0.00244294 
359 0.00244304 
360 0.00244316 
361 0.00244536 
362 0.00244538 
363 0.00244551 
364 0.00244577 
365 0.00244655 
366 0.00245005 
367 0.00246159 
368 0.00247657 
369 0.00247684 
370 0.00248088 
371 0.00255611 
372 0.00255676 
373 0.00255673 
374 0.00255684 
375 0.00255687 
376 0.00255697 
377 0.002557 
378 0.00255713 
379 0.00255746 
380 0.00255772 
381 0.00255823 
382 0.00255898 
383 0.00255977 
384 0.00256059 
385 0.00256454 
386 0.00265024 
387 0.00265245 
388 0.00265202 
389 0.00265202 
390 0.00265213 
391 0.00265221 
392 0.00265239 
393 0.0026525 
394 0.00265262 
395 0.00265282 
396 0.00265302 
397 0.00265339 
398 0.00265357 
399 0.00265367 
400 0.00265382 
401 0.00265587 
402 0.00265706 
403 0.00265873 
404 0.00265948 
405 0.00265972 
406 0.0026603 
407 0.00266236 
408 0.00267017 
409 0.00271044 
410 0.00271113 
411 0.00272052 
412 0.00281697 
413 0.00281876 
414 0.00281799 
415 0.00281774 
416 0.00281773 
417 0.00281765 
418 0.00281762 
419 0.00281775 
420 0.00281808 
421 0.00281816 
422 0.00281837 
423 0.00281861 
424 0.00281884 
425 0.00281906 
426 0.00282 
427 0.0028203 
428 0.00282104 
429 0.00282187 
430 0.00282228 
431 0.00282299 
432 0.00282315 
433 0.00293509 
434 0.00293528 
435 0.00293506 
436 0.00293481 
437 0.00293479 
438 0.002935 
439 0.00293567 
440 0.00293784 
441 0.00293833 
442 0.00293868 
443 0.00294594 
444 0.00295142 
445 0.00296648 
446 0.00296726 
447 0.00296701 
448 0.00296699 
449 0.00296691 
450 0.00296672 
451 0.00296657 
452 0.00296655 
453 0.00296656 
454 0.00296662 
455 0.00296673 
456 0.00296683 
457 0.00296702 
458 0.00296717 
459 0.00296735 
460 0.00296791 
461 0.00296906 
462 0.00296959 
463 0.00296979 
464 0.00297031 
465 0.00295326 
466 0.00295365 
467 0.00295365 
468 0.00295362 
469 0.0029536 
470 0.00295358 
471 0.00295338 
472 0.00295344 
473 0.00295347 
474 0.00295354 
475 0.00295373 
476 0.00295454 
477 0.00295473 
478 0.00295496 
479 0.00294644 
480 0.00293141 
481 0.00293184 
482 0.00293199 
483 0.00293367 
484 0.00293466 
485 0.0029357 
486 0.00293564 
487 0.00292197 
488 0.00291508 
489 0.00289035 
490 0.00279032 
491 0.00279131 
492 0.00279093 
493 0.00279079 
494 0.00279077 
495 0.00279077 
496 0.00279074 
497 0.00279072 
498 0.00279068 
499 0.00279065 
500 0.00279066 
501 0.00279069 
502 0.00279072 
503 0.00279075 
504 0.00279081 
505 0.00279088 
506 0.00279094 
507 0.00279106 
508 0.00279113 
509 0.00279134 
510 0.0027918 
511 0.00279201 
512 0.00279275 
513 0.00279303 
514 0.00279365 
515 0.00279374 
516 0.00279435 
517 0.0027943 
518 0.00278048 
519 0.00270873 
520 0.00269049 
521 0.00269081 
522 0.0026908 
523 0.00269077 
524 0.00269068 
525 0.0026906 
526 0.00269057 
527 0.00269058 
528 0.0026906 
529 0.00269064 
530 0.00269067 
531 0.00269073 
532 0.00269083 
533 0.00269089 
534 0.00269097 
535 0.00269133 
536 0.00269166 
537 0.00269205 
538 0.00269253 
539 0.00269275 
540 0.00269283 
541 0.00269283 
542 0.00266399 
543 0.00264115 
544 0.00262534 
545 0.00255657 
546 0.00255712 
547 0.00255669 
548 0.00255662 
549 0.00255667 
550 0.00255684 
551 0.00255728 
552 0.00255887 
553 0.00255955 
554 0.00255442 
555 0.00254452 
556 0.00242969 
557 0.00242951 
558 0.00242961 
559 0.00242622 
560 0.00241345 
561 0.00240556 
562 0.00235519 
563 0.00235569 
564 0.00235569 
565 0.00235558 
566 0.00235557 
567 0.00235554 
568 0.00235554 
569 0.00235553 
570 0.00235552 
571 0.00235552 
572 0.00235552 
573 0.0023555 
574 0.00235549 
575 0.00235548 
576 0.00235547 
577 0.00235546 
578 0.00235546 
579 0.00235549 
580 0.0023555 
581 0.00235554 
582 0.00235557 
583 0.00235564 
584 0.00235569 
585 0.00235584 
586 0.00235603 
587 0.00235654 
588 0.00235662 
589 0.00235672 
590 0.00235681 
591 0.00235687 
592 0.00235317 
593 0.00234363 
594 0.00233231 
595 0.00233231 
596 0.00232131 
597 0.00231777 
598 0.00228151 
599 0.00228153 
600 0.00227668 
601 0.0022755 
602 0.00215233 
603 0.00215202 
604 0.00215201 
605 0.00215212 
606 0.00215154 
607 0.0021457 
608 0.00213977 
609 0.00213218 
610 0.00212804 
611 0.00210001 
612 0.00209995 
613 0.00209771 
614 0.002091 
615 0.00208659 
616 0.00207387 
617 0.00207162 
618 0.0020719 
619 0.00207185 
620 0.0020719 
621 0.00207195 
622 0.00207209 
623 0.00207237 
624 0.00207294 
625 0.00207326 
626 0.00207349 
627 0.00207274 
628 0.00207101 
629 0.00197989 
630 0.00197962 
631 0.00197948 
632 0.00197967 
633 0.00197973 
634 0.00197955 
635 0.00197757 
636 0.00197336 
637 0.00197133 
638 0.00194659 
639 0.00191786 
640 0.00191759 
641 0.0019162 
642 0.00190974 
643 0.00190587 
644 0.00190332 
645 0.00189012 
646 0.00188902 
647 0.00188706 
648 0.00188734 
649 0.00188731 
650 0.00188726 
651 0.00188724 
652 0.00188723 
653 0.00188722 
654 0.00188721 
655 0.00188721 
656 0.00188721 
657 0.00188721 
658 0.00188721 
659 0.00188721 
660 0.00188722 
661 0.00188727 
662 0.00188728 
663 0.00188738 
664 0.00188739 
665 0.00188744 
666 0.00188752 
667 0.00188759 
668 0.00188766 
669 0.00188818 
670 0.00188824 
671 0.00188846 
672 0.00188853 
673 0.00188763 
674 0.00186856 
675 0.00186855 
676 0.00186854 
677 0.0018685 
678 0.00186848 
679 0.00186524 
680 0.00186245 
681 0.00183233 
682 0.00183232 
683 0.0018327 
684 0.00183264 
685 0.0018189 
686 0.00181792 
687 0.00181212 
688 0.00180485 
689 0.00179119 
690 0.00178632 
691 0.00177716 
692 0.00177667 
693 0.00176883 
694 0.00176704 
695 0.00176171 
696 0.00175766 
697 0.00175506 
698 0.00174123 
699 0.00174049 
700 0.00173868 
701 0.00172418 
702 0.00172321 
703 0.00172102 
704 0.00170849 
705 0.00170754 
706 0.00170472 
707 0.00170139 
708 0.0016981 
709 0.00169565 
710 0.00168789 
711 0.00168688 
712 0.00168354 
713 0.00168043 
714 0.00167777 
715 0.00167234 
716 0.00167108 
717 0.00165626 
718 0.00165538 
719 0.00165339 
720 0.00164222 
721 0.0016422 
722 0.00164225 
723 0.00164225 
724 0.00164271 
725 0.00164148 
726 0.00163781 
727 0.00163454 
728 0.00163129 
729 0.00162869 
730 0.00162361 
731 0.00162235 
732 0.00159884 
733 0.00159814 
734 0.00159707 
735 0.00158718 
736 0.00158641 
737 0.00158486 
738 0.00149295 
739 0.00149326 
740 0.00149296 
741 0.00149236 
742 0.00149176 
743 0.00149204 
744 0.00149203 
745 0.001492 
746 0.00149197 
747 0.00149196 
748 0.00149193 
749 0.00149191 
750 0.0014919 
751 0.00149189 
752 0.00149188 
753 0.00149188 
754 0.00149186 
755 0.00149185 
756 0.00149181 
757 0.00149174 
758 0.00149171 
759 0.00149168 
760 0.00149166 
761 0.00149166 
762 0.00149168 
763 0.00149216 
764 0.0014923 
765 0.00149291 
766 0.00149298 
767 0.00149315 
768 0.00149324 
769 0.00149213 
770 0.00148625 
771 0.00148624 
772 0.00148526 
773 0.00145854 
774 0.00145851 
775 0.00145851 
776 0.00145844 
777 0.00145736 
778 0.00145621 
779 0.00145419 
780 0.00141865 
781 0.00141863 
782 0.00141865 
783 0.0014192 
784 0.00141953 
785 0.0014194 
786 0.00140907 
787 0.00140908 
788 0.00140763 
789 0.00140477 
790 0.00139859 
791 0.00139789 
792 0.00139305 
793 0.00139212 
794 0.00138637 
795 0.00138568 
796 0.00138159 
797 0.00138065 
798 0.0013681 
799 0.00136805 
800 0.00136762 
801 0.00136687 
802 0.00135739 
803 0.00135734 
804 0.00135661 
805 0.00135525 
806 0.00131627 
807 0.00131633 
808 0.00131725 
809 0.00131684 
810 0.00131274 
811 0.00131199 
812 0.0013025 
813 0.00130184 
814 0.00130047 
815 0.00128987 
816 0.00128943 
817 0.00128834 
818 0.00128373 
819 0.00128303 
820 0.00127878 
821 0.00127818 
822 0.00127494 
823 0.00127409 
824 0.00123319 
825 0.00123322 
826 0.00123306 
827 0.00123283 
828 0.00123243 
829 0.00123054 
830 0.00122891 
831 0.00122698 
832 0.00122589 
833 0.00122164 
834 0.00122113 
835 0.00121888 
836 0.00121814 
837 0.00120375 
838 0.00120372 
839 0.00119964 
840 0.00119915 
841 0.00119798 
842 0.00119433 
843 0.00119385 
844 0.00119189 
845 0.00119107 
846 0.00118142 
847 0.00118136 
848 0.00118104 
849 0.00118044 
850 0.00110725 
851 0.00110718 
852 0.00110724 
853 0.00110707 
854 0.00110693 
855 0.00110676 
856 0.00110626 
857 0.00110558 
858 0.00110484 
859 0.00110367 
860 0.0011032 
861 0.00106778 
862 0.00106767 
863 0.00106769 
864 0.00106753 
865 0.00106742 
866 0.00106731 
867 0.00106709 
868 0.00106665 
869 0.00106654 
870 0.00106491 
871 0.00106477 
872 0.00106454 
873 0.00106003 
874 0.00105996 
875 0.00105987 
876 0.00105957 
877 0.00105924 
878 0.00105891 
879 0.00105854 
880 0.00105825 
881 0.00105755 
882 0.0010574 
883 0.00105601 
884 0.00105591 
885 0.00105568 
886 0.00105451 
887 0.00105442 
888 0.00105413 
889 0.00105374 
890 0.00105351 
891 0.0010528 
892 0.00105269 
893 0.00105129 
894 0.00105119 
895 0.00105105 
896 0.00104419 
897 0.00104425 
898 0.00104417 
899 0.00104404 
900 0.00104362 
901 0.00104354 
902 0.00104321 
903 0.00104316 
904 0.00104217 
905 0.00104212 
906 0.00104206 
907 0.00104227 
908 0.00104226 
909 0.00104225 
910 0.00104224 
911 0.00104221 
912 0.0010422 
913 0.0010422 
914 0.00104218 
915 0.00104218 
916 0.00104217 
917 0.00104216 
918 0.00104215 
919 0.00104215 
920 0.00104214 
921 0.00104212 
922 0.00104212 
923 0.00104211 
924 0.00104212 
925 0.00104211 
926 0.00104211 
927 0.0010421 
928 0.00104214 
929 0.00104216 
930 0.00104261 
931 0.00104275 
932 0.00104296 
933 0.00104301 
934 0.00104306 
935 0.00103982 
936 0.00103982 
937 0.00104033 
938 0.00104091 
939 0.00104296 
940 0.00104231 
941 0.00103877 
942 0.00103901 
943 0.00104013 
944 0.00104258 
945 0.00104112 
946 0.00104137 
947 0.00104124 
948 0.00104108 
949 0.00103851 
950 0.00103851 
951 0.00103852 
952 0.00103954 
953 0.00104032 
954 0.00104112 
955 0.0010441 
956 0.00104235 
957 0.00103924 
958 0.00104367 
959 0.00104239 
960 0.0010427 
961 0.00104278 
962 0.00104286 
963 0.00104375 
964 0.00104375 
965 0.00104378 
966 0.00104432 
967 0.00104439 
968 0.00104453 
969 0.00104576 
970 0.0010458 
971 0.00104586 
972 0.00104619 
973 0.00104627 
974 0.00104761 
975 0.00104765 
976 0.00104773 
977 0.00105368 
978 0.00105372 
979 0.00105404 
980 0.00105439 
981 0.00105771 
982 0.00105731 
983 0.00105687 
984 0.00105756 
985 0.00105771 
986 0.00107687 
987 0.00107681 
988 0.0010768 
989 0.00107679 
990 0.00107608 
991 0.00107692 
992 0.00107755 
993 0.00107773 
994 0.00108116 
995 0.00108134 
996 0.0010815 
997 0.00108167 
998 0.00108194 
999 0.00108558 
1000 0.00108554 
1001 0.00108546 
1002 0.00108541 
1003 0.00108589 
1004 0.00108626 
1005 0.00108687 
1006 0.00109939 
1007 0.00109685 
1008 0.00109579 
1009 0.0010961 
1010 0.00109727 
1011 0.00109944 
1012 0.00109897 
1013 0.00109994 
1014 0.00110318 
1015 0.00110207 
1016 0.00110626 
1017 0.00110611 
1018 0.00110602 
1019 0.00110857 
1020 0.00110946 
1021 0.0011114 
1022 0.00111139 
1023 0.0011123 
1024 0.00111257 
1025 0.00111394 
1026 0.00111402 
1027 0.00111472 
1028 0.00111496 
1029 0.00111767 
1030 0.00111767 
1031 0.00111775 
1032 0.00112239 
1033 0.00112542 
1034 0.00112518 
1035 0.00112519 
1036 0.00112993 
1037 0.0011303 
1038 0.00113062 
1039 0.00113284 
1040 0.00113292 
1041 0.00113309 
1042 0.00115334 
1043 0.00115343 
1044 0.00115349 
1045 0.0011537 
1046 0.00115404 
1047 0.00115435 
1048 0.00115468 
1049 0.0011558 
1050 0.00115587 
1051 0.00116096 
1052 0.00116094 
1053 0.00116144 
1054 0.00116202 
1055 0.00116477 
1056 0.00116452 
1057 0.00116435 
1058 0.00116654 
1059 0.00116683 
1060 0.00116748 
1061 0.00116772 
1062 0.00119644 
1063 0.00119637 
1064 0.00119638 
1065 0.00119646 
1066 0.00119659 
1067 0.00121251 
1068 0.00121418 
1069 0.00121803 
1070 0.00121596 
1071 0.0012186 
1072 0.00121835 
1073 0.00121897 
1074 0.0012192 
1075 0.00123302 
1076 0.00123311 
1077 0.0012332 
1078 0.00123337 
1079 0.00124143 
1080 0.00124169 
1081 0.00124221 
1082 0.00124297 
1083 0.00124313 
1084 0.0012447 
1085 0.00124486 
1086 0.00124536 
1087 0.00124569 
1088 0.00124648 
1089 0.00124667 
1090 0.00125341 
1091 0.00125345 
1092 0.00125354 
1093 0.00125381 
1094 0.00125449 
1095 0.00125464 
1096 0.00126568 
1097 0.00126571 
1098 0.00126587 
1099 0.0012661 
1100 0.00127623 
1101 0.00127661 
1102 0.0012771 
1103 0.00127804 
1104 0.00127811 
1105 0.00127875 
1106 0.00127897 
1107 0.00128145 
1108 0.00128064 
1109 0.00128165 
1110 0.00128184 
1111 0.0012893 
1112 0.00128941 
1113 0.00128972 
1114 0.00129013 
1115 0.00129509 
1116 0.0012944 
1117 0.00129426 
1118 0.00129436 
1119 0.00129455 
1120 0.00129478 
1121 0.00129504 
1122 0.00129529 
1123 0.00129556 
1124 0.00129581 
1125 0.00129609 
1126 0.00129632 
1127 0.00129665 
1128 0.00129686 
1129 0.00129739 
1130 0.00129754 
1131 0.00130926 
1132 0.00130943 
1133 0.00131032 
1134 0.00131034 
1135 0.00132051 
1136 0.00132059 
1137 0.00132118 
1138 0.00132115 
1139 0.00132177 
1140 0.00132185 
1141 0.00132213 
1142 0.00132211 
1143 0.00132213 
1144 0.00132225 
1145 0.00132265 
1146 0.0013226 
1147 0.00132322 
1148 0.00132348 
1149 0.00132498 
1150 0.00132463 
1151 0.00132346 
1152 0.00132351 
1153 0.00132689 
1154 0.00133087 
1155 0.0013309 
1156 0.00132865 
1157 0.00132913 
1158 0.0013324 
1159 0.00133187 
1160 0.00133229 
1161 0.0013331 
1162 0.00133385 
1163 0.0013345 
1164 0.00133595 
1165 0.00133665 
1166 0.00133777 
1167 0.00133937 
1168 0.00133967 
1169 0.00134139 
1170 0.00134279 
1171 0.0013431 
1172 0.00134468 
1173 0.001346 
1174 0.00134645 
1175 0.0013546 
1176 0.00135442 
1177 0.0013549 
1178 0.001356 
1179 0.00135863 
1180 0.00135895 
1181 0.00135959 
1182 0.00137313 
1183 0.00137309 
1184 0.00137758 
1185 0.00137929 
1186 0.0013862 
1187 0.00138691 
1188 0.00138952 
1189 0.00139138 
1190 0.00139244 
1191 0.00139949 
1192 0.00140122 
1193 0.00140186 
1194 0.00141846 
1195 0.00141815 
1196 0.00141958 
1197 0.00141964 
1198 0.00143334 
1199 0.00143363 
1200 0.00143363 
1201 0.00143363 
1202 0.00143361 
1203 0.00143353 
1204 0.00143348 
1205 0.00143341 
1206 0.00143332 
1207 0.00143319 
1208 0.00143306 
1209 0.00143291 
1210 0.00143267 
1211 0.00143149 
1212 0.00142912 
1213 0.00143459 
1214 0.00143467 
1215 0.00143651 
1216 0.0014435 
1217 0.00144336 
1218 0.00144333 
1219 0.00145024 
1220 0.00145592 
1221 0.0014584 
1222 0.00146961 
1223 0.00147116 
1224 0.00147534 
1225 0.00148905 
1226 0.00148877 
1227 0.00149167 
1228 0.00151705 
1229 0.00152492 
1230 0.0015328 
1231 0.00156019 
1232 0.00156036 
1233 0.00156451 
1234 0.00158318 
1235 0.00159235 
1236 0.00160722 
1237 0.00160756 
1238 0.00160756 
1239 0.00160757 
1240 0.00160754 
1241 0.00160752 
1242 0.00160749 
1243 0.00160744 
1244 0.00160736 
1245 0.00160725 
1246 0.00160713 
1247 0.00160701 
1248 0.00160699 
1249 0.00160697 
1250 0.00160703 
1251 0.00160713 
1252 0.00160761 
1253 0.00160962 
1254 0.00162696 
1255 0.00162707 
1256 0.00163122 
1257 0.00165717 
1258 0.00165698 
1259 0.00165749 
1260 0.00166528 
1261 0.00168189 
1262 0.00169351 
1263 0.00169943 
1264 0.00172051 
1265 0.00175286 
1266 0.00175334 
1267 0.0017623 
1268 0.00176848 
1269 0.00179123 
1270 0.00179631 
1271 0.0018316 
1272 0.0018397 
1273 0.00184433 
1274 0.00187123 
1275 0.00187153 
1276 0.00187595 
1277 0.00189247 
1278 0.001896 
1279 0.0019051 
1280 0.00190521 
1281 0.0020506 
1282 0.00205068 
1283 0.00205022 
1284 0.00205141 
1285 0.00205636 
1286 0.00206309 
1287 0.00208338 
1288 0.00208931 
1289 0.00209552 
1290 0.00210064 
1291 0.00212907 
1292 0.00212961 
1293 0.00213199 
1294 0.00213877 
1295 0.00215638 
1296 0.00215795 
1297 0.00216125 
1298 0.00216165 
1299 0.00216165 
1300 0.00216165 
1301 0.00216164 
1302 0.00216162 
1303 0.00216162 
1304 0.00216161 
1305 0.00216157 
1306 0.00216154 
1307 0.00216147 
1308 0.00216144 
1309 0.00216141 
1310 0.00216137 
1311 0.00216134 
1312 0.00216123 
1313 0.00216113 
1314 0.00216109 
1315 0.00216089 
1316 0.00216086 
1317 0.00216082 
1318 0.00216082 
1319 0.00216083 
1320 0.0021609 
1321 0.00216109 
1322 0.00216118 
1323 0.00216188 
1324 0.00216218 
1325 0.00216294 
1326 0.00216419 
1327 0.00219429 
1328 0.00219432 
1329 0.00220197 
1330 0.00220205 
1331 0.00220536 
1332 0.00227701 
1333 0.002277 
1334 0.00227704 
1335 0.0022771 
1336 0.00227728 
1337 0.00227814 
1338 0.00228172 
1339 0.00230401 
1340 0.00231917 
1341 0.00232378 
1342 0.00233569 
1343 0.00233818 
1344 0.00234324 
1345 0.00236198 
1346 0.00236497 
1347 0.00239117 
1348 0.00239128 
1349 0.00239236 
1350 0.00239475 
1351 0.00245241 
1352 0.00245243 
1353 0.00245243 
1354 0.00245343 
1355 0.00246313 
1356 0.00246541 
1357 0.00249071 
1358 0.0024907 
1359 0.00249223 
1360 0.00249874 
1361 0.0025028 
1362 0.00250879 
1363 0.00251011 
1364 0.00251403 
1365 0.00251444 
1366 0.00251579 
1367 0.00253288 
1368 0.00253308 
1369 0.00253344 
1370 0.00253426 
1371 0.00255341 
1372 0.00255412 
1373 0.00255514 
1374 0.00256584 
1375 0.00256619 
1376 0.00256723 
1377 0.00256987 
1378 0.00258258 
1379 0.00258271 
1380 0.00258309 
1381 0.00258406 
1382 0.00258735 
1383 0.00258806 
1384 0.00266897 
1385 0.00266872 
1386 0.00266873 
1387 0.00266925 
1388 0.00267063 
1389 0.00267153 
1390 0.00267505 
1391 0.00267548 
1392 0.00267654 
1393 0.00267851 
1394 0.00267916 
1395 0.00271127 
1396 0.00271116 
1397 0.00271117 
1398 0.00271124 
1399 0.00271137 
1400 0.00271162 
1401 0.00271242 
1402 0.00271937 
1403 0.00271958 
1404 0.00271975 
1405 0.00272005 
1406 0.00272105 
1407 0.00272628 
1408 0.00272649 
1409 0.00272693 
1410 0.00273022 
1411 0.0027309 
1412 0.00274278 
1413 0.0027429 
1414 0.00274315 
1415 0.00274381 
1416 0.00279096 
1417 0.00279097 
1418 0.00279101 
1419 0.00279107 
1420 0.00279124 
1421 0.00279154 
1422 0.00279239 
1423 0.00279553 
1424 0.00279584 
1425 0.00279906 
1426 0.00279951 
1427 0.00280059 
1428 0.00280274 
1429 0.00280326 
1430 0.0028067 
1431 0.00280698 
1432 0.00280863 
1433 0.00280928 
1434 0.00285616 
1435 0.00285602 
1436 0.00285591 
1437 0.00285599 
1438 0.00285651 
1439 0.00286019 
1440 0.00286052 
1441 0.00286112 
1442 0.00286608 
1443 0.00286639 
1444 0.00286689 
1445 0.00288839 
1446 0.00288834 
1447 0.00288845 
1448 0.00288927 
1449 0.0028896 
1450 0.00289282 
1451 0.00289302 
1452 0.00289361 
1453 0.00289451 
1454 0.00289497 
1455 0.00291528 
1456 0.00291521 
1457 0.00291557 
1458 0.00291598 
1459 0.00292581 
1460 0.00292569 
1461 0.00292575 
1462 0.00292584 
1463 0.00292598 
1464 0.00292627 
1465 0.00292941 
1466 0.00292971 
1467 0.00293081 
1468 0.00293133 
1469 0.00294079 
1470 0.00294085 
1471 0.00294094 
1472 0.00294112 
1473 0.00294189 
1474 0.00294258 
1475 0.0029435 
1476 0.00294412 
1477 0.00294574 
1478 0.00294609 
1479 0.00295027 
1480 0.00295038 
1481 0.00295057 
1482 0.00295127 
1483 0.00295234 
1484 0.00295272 
1485 0.00297683 
1486 0.00297663 
1487 0.0029767 
1488 0.00297683 
1489 0.002977 
1490 0.00297753 
1491 0.00297979 
1492 0.00298 
1493 0.00298089 
1494 0.00298151 
1495 0.00298337 
1496 0.00298371 
1497 0.00298612 
1498 0.00298631 
1499 0.002987 
1500 0.00298809 
1501 0.0029885 
1502 0.00300044 
1503 0.00300054 
1504 0.00300069 
1505 0.003001 
1506 0.00301634 
1507 0.00301632 
1508 0.00301653 
1509 0.00301677 
1510 0.00301718 
1511 0.00305205 
1512 0.00305235 
1513 0.00305291 
1514 0.0030563 
1515 0.00305667 
1516 0.00305797 
1517 0.00305987 
1518 0.00306052 
1519 0.00307211 
1520 0.00307248 
1521 0.00307302 
1522 0.00308259 
1523 0.00308253 
1524 0.00308331 
1525 0.00308804 
1526 0.00308819 
1527 0.00308869 
1528 0.00309232 
1529 0.00309247 
1530 0.00309282 
1531 0.00310924 
1532 0.0031099 
1533 0.00311007 
1534 0.0031111 
1535 0.00311185 
1536 0.00311406 
1537 0.00311445 
1538 0.00311586 
1539 0.00311623 
1540 0.00313062 
1541 0.00313066 
1542 0.00313073 
1543 0.00313085 
1544 0.00313118 
1545 0.0031415 
1546 0.0031425 
1547 0.00314255 
1548 0.00314288 
1549 0.00314332 
1550 0.00314374 
1551 0.00314405 
1552 0.00314465 
1553 0.00314482 
1554 0.00314613 
1555 0.00314621 
1556 0.00314641 
1557 0.00314779 
1558 0.00314787 
1559 0.00314806 
1560 0.00315233 
1561 0.00315238 
1562 0.00315247 
1563 0.00315266 
1564 0.00316521 
1565 0.00316519 
1566 0.00316523 
1567 0.00316529 
1568 0.00316541 
1569 0.00316888 
1570 0.00316994 
1571 0.00317087 
1572 0.00317104 
1573 0.00317431 
1574 0.00317467 
1575 0.00317497 
1576 0.0031763 
1577 0.00317644 
1578 0.00317669 
1579 0.00319138 
1580 0.00319117 
1581 0.00319125 
1582 0.0031914 
1583 0.00319623 
1584 0.00319637 
1585 0.00319746 
1586 0.00319776 
1587 0.00319782 
1588 0.00319794 
1589 0.0032001 
1590 0.00320028 
1591 0.0032006 
1592 0.00320188 
1593 0.00320203 
1594 0.00320244 
1595 0.00320293 
1596 0.00320316 
1597 0.00321253 
1598 0.00321252 
1599 0.00321253 
1600 0.00321257 
1601 0.0032127 
1602 0.00322625 
1603 0.00322629 
1604 0.00322652 
1605 0.00322696 
1606 0.00322761 
1607 0.00322784 
1608 0.0032308 
1609 0.00323084 
1610 0.00323092 
1611 0.0032314 
1612 0.00323162 
1613 0.00323806 
1614 0.00323823 
1615 0.00323841 
1616 0.00323878 
1617 0.00323954 
1618 0.00323971 
1619 0.00324083 
1620 0.00324091 
1621 0.00324128 
1622 0.00324157 
1623 0.00324232 
1624 0.00324249 
1625 0.00324348 
1626 0.00324355 
1627 0.00324377 
1628 0.00324472 
1629 0.0032448 
1630 0.00324515 
1631 0.00324544 
1632 0.00324615 
1633 0.00324629 
1634 0.00324696 
1635 0.00324707 
1636 0.0032495 
1637 0.0032496 
1638 0.00324972 
1639 0.00325002 
1640 0.00325063 
1641 0.00325078 
1642 0.00325204 
1643 0.0032521 
1644 0.00325227 
1645 0.00325578 
1646 0.00325581 
1647 0.00325587 
1648 0.00325602 
1649 0.00326975 
1650 0.00326996 
1651 0.00327045 
1652 0.00327059 
1653 0.00327126 
1654 0.00327133 
1655 0.00327192 
1656 0.00327206 
1657 0.00327259 
1658 0.00327269 
1659 0.00328709 
1660 0.00328753 
1661 0.0032876 
1662 0.0032888 
1663 0.00328894 
1664 0.0032892 
1665 0.00328966 
1666 0.00328981 
1667 0.00329149 
1668 0.0032915 
1669 0.00329162 
1670 0.00329343 
1671 0.00329345 
1672 0.00329354 
1673 0.00330537 
1674 0.00330602 
1675 0.00330612 
1676 0.00330748 
1677 0.00330765 
1678 0.0033084 
1679 0.00330852 
1680 0.00331096 
1681 0.00331138 
1682 0.00331212 
1683 0.00331224 
1684 0.00331449 
1685 0.00331497 
1686 0.00331505 
1687 0.00331517 
1688 0.00331536 
1689 0.003321 
1690 0.00332096 
1691 0.00332104 
1692 0.00332537 
1693 0.00332551 
1694 0.00332591 
1695 0.00332609 
1696 0.00332623 
1697 0.00332658 
1698 0.00332666 
1699 0.0033353 
1700 0.00333541 
1701 0.00333553 
1702 0.0033358 
1703 0.00333623 
1704 0.00333635 
1705 0.00333754 
1706 0.00333757 
1707 0.00333766 
1708 0.00333809 
1709 0.00333813 
1710 0.00333857 
1711 0.00333864 
1712 0.00333883 
1713 0.00333895 
1714 0.00333914 
1715 0.00333925 
1716 0.00333947 
1717 0.00333955 
1718 0.00334021 
1719 0.00334023 
1720 0.00334031 
1721 0.0033409 
1722 0.00334092 
1723 0.00334101 
1724 0.00334134 
1725 0.00334137 
1726 0.00334197 
1727 0.00334203 
1728 0.00334213 
1729 0.00334427 
1730 0.00334433 
1731 0.00334438 
1732 0.00334447 
1733 0.00334565 
1734 0.0033457 
1735 0.00334576 
1736 0.00334593 
1737 0.003346 
1738 0.00334639 
1739 0.00334641 
1740 0.00334652 
1741 0.00334663 
1742 0.0033469 
1743 0.00334695 
1744 0.00334718 
1745 0.00334722 
1746 0.00335032 
1747 0.00335038 
1748 0.00335042 
1749 0.00335048 
1750 0.00335213 
1751 0.00335213 
1752 0.00335214 
1753 0.00335219 
1754 0.00335252 
1755 0.00335253 
1756 0.00335261 
1757 0.00335271 
1758 0.00335283 
1759 0.00335289 
1760 0.00335519 
1761 0.00335523 
1762 0.00335527 
1763 0.00335533 
1764 0.00335699 
1765 0.00335698 
1766 0.00335699 
1767 0.00335702 
1768 0.00335797 
1769 0.00335858 
1770 0.00335855 
1771 0.00335852 
1772 0.00335851 
1773 0.0033585 
1774 0.00335848 
1775 0.0033584 
1776 0.00335825 
1777 0.00335808 
1778 0.00335796 
1779 0.0033578 
1780 0.00335753 
1781 0.00335747 
1782 0.00335736 
1783 0.00335738 
1784 0.00335738 
1785 0.00335733 
1786 0.00335733 
1787 0.00335731 
1788 0.00335728 
1789 0.0033577 
1790 0.00335804 
1791 0.00335831 
1792 0.00335857 
1793 0.00335879 
1794 0.0033591 
1795 0.00335923 
1796 0.00336253 
1797 0.00336257 
1798 0.00336261 
1799 0.00336271 
1800 0.00336277 
1801 0.00336287 
1802 0.00336297 
1803 0.00336304 
1804 0.00336397 
1805 0.00336402 
1806 0.00336407 
1807 0.00336425 
1808 0.0033643 
1809 0.00336469 
1810 0.00336471 
1811 0.00336487 
1812 0.00336493 
1813 0.00336595 
1814 0.00336596 
1815 0.00336599 
1816 0.00337049 
1817 0.0033705 
1818 0.00337053 
1819 0.00337058 
1820 0.00337308 
1821 0.00337308 
1822 0.00337312 
1823 0.00337319 
1824 0.00337322 
1825 0.00337327 
1826 0.00337333 
1827 0.00337336 
1828 0.0033752 
1829 0.00337524 
1830 0.00337527 
1831 0.00337533 
1832 0.00337553 
1833 0.00337556 
1834 0.00337563 
1835 0.00337568 
1836 0.00337573 
1837 0.00337587 
1838 0.0033759 
1839 0.00337597 
1840 0.003376 
1841 0.00337611 
1842 0.00337612 
1843 0.00337725 
1844 0.00337728 
1845 0.0033773 
1846 0.00337733 
1847 0.00337769 
1848 0.00337772 
1849 0.00337774 
1850 0.00337784 
1851 0.00337785 
1852 0.00337992 
1853 0.0033799 
1854 0.0033799 
1855 0.00337999 
1856 0.00338001 
1857 0.00338005 
1858 0.00338025 
1859 0.00338028 
1860 0.00338034 
1861 0.00338038 
1862 0.00338044 
1863 0.00338047 
1864 0.00338054 
1865 0.00338057 
1866 0.00338067 
1867 0.00338068 
1868 0.00338231 
1869 0.00338233 
1870 0.00338235 
1871 0.00338237 
1872 0.00338253 
1873 0.00338255 
1874 0.00338257 
1875 0.00338301 
1876 0.003383 
1877 0.00338301 
1878 0.00338312 
1879 0.00338314 
1880 0.00338316 
1881 0.0033833 
1882 0.00338331 
1883 0.00338333 
1884 0.00338406 
1885 0.00338407 
1886 0.00338409 
1887 0.0033841 
1888 0.00338413 
1889 0.00338415 
1890 0.00338417 
1891 0.00338422 
1892 0.00338423 
1893 0.00338429 
1894 0.00338429 
1895 0.00338462 
1896 0.00338464 
1897 0.00338465 
1898 0.00338467 
1899 0.0033847 
1900 0.00338471 
1901 0.00338494 
1902 0.00338494 
1903 0.00338494 
1904 0.00338509 
1905 0.0033851 
1906 0.00338512 
1907 0.00338516 
1908 0.00338516 
1909 0.00338533 
1910 0.00338534 
1911 0.00338535 
1912 0.00338537 
1913 0.00338538 
1914 0.00338542 
1915 0.00338542 
1916 0.00338547 
1917 0.00338548 
1918 0.0033855 
1919 0.00338559 
1920 0.0033856 
1921 0.00338561 
1922 0.00338568 
1923 0.00338568 
1924 0.00338568 
1925 0.0033857 
1926 0.00338571 
1927 0.00338572 
1928 0.00338575 
1929 0.00338576 
1930 0.00338578 
1931 0.00338579 
1932 0.0033858 
1933 0.00338632 
1934 0.00338632 
1935 0.00338634 
1936 0.00338632 
1937 0.00338633 
1938 0.00338635 
1939 0.00338637 
1940 0.00338638 
1941 0.00338707 
1942 0.00338706 
1943 0.00338705 
1944 0.00338703 
1945 0.00338703 
1946 0.00338699 
1947 0.003387 
1948 0.003387 
1949 0.00338699 
1950 0.003387 
1951 0.00338698 
1952 0.00338699 
1953 0.003387 
1954 0.003387 
1955 0.00338701 
1956 0.00338701 
1957 0.00338702 
1958 0.00338702 
1959 0.00338704 
1960 0.00338704 
1961 0.00338703 
1962 0.00338706 
1963 0.00338705 
1964 0.00338704 
1965 0.00338703 
1966 0.00338703 
1967 0.00338704 
1968 0.00338699 
1969 0.003387 
1970 0.00338701 
1971 0.00338701 
1972 0.00338697 
1973 0.00338698 
1974 0.00338698 
1975 0.00338694 
1976 0.00338693 
1977 0.00338693 
1978 0.0033869 
1979 0.0033869 
1980 0.0033869 
1981 0.0033869 
1982 0.00338689 
1983 0.00338688 
1984 0.00338686 
1985 0.00338687 
1986 0.00338684 
1987 0.00338683 
1988 0.00338683 
1989 0.0033868 
1990 0.00338679 
1991 0.00338678 
1992 0.00338676 
1993 0.00338675 
1994 0.00338674 
1995 0.00338672 
1996 0.00338671 
1997 0.0033867 
1998 0.0033867 
1999 0.00338669 
2000 0.00338668 
2001 0.00338668 
2002 0.00338638 
2003 0.00338637 
2004 0.00338633 
2005 0.00338633 
2006 0.00338632 
2007 0.00338631 
2008 0.00338631 
2009 0.00338629 
2010 0.00338629 
2011 0.00338624 
2012 0.00338624 
2013 0.00338623 
2014 0.00338619 
2015 0.00338619 
2016 0.00338619 
2017 0.00338617 
2018 0.00338617 
2019 0.00338613 
2020 0.00338613 
2021 0.00338612 
2022 0.00338611 
2023 0.00338606 
2024 0.00338605 
2025 0.00338604 
2026 0.00338602 
2027 0.00338601 
2028 0.00338594 
2029 0.00338594 
2030 0.00338594 
2031 0.00338544 
2032 0.00338543 
2033 0.00338509 
2034 0.00338509 
2035 0.00338509 
2036 0.00338509 
2037 0.00338504 
2038 0.00338503 
2039 0.003385 
2040 0.003385 
2041 0.00338487 
2042 0.00338486 
2043 0.00338484 
2044 0.0033848 
2045 0.0033848 
2046 0.00338476 
2047 0.00338476 
2048 0.00338471 
2049 0.0033847 
2050 0.00338468 
2051 0.00338467 
2052 0.00338427 
2053 0.00338427 
2054 0.00338427 
2055 0.00338421 
2056 0.00338421 
2057 0.00338419 
2058 0.00338417 
2059 0.00338412 
2060 0.00338411 
2061 0.00338409 
2062 0.00338408 
2063 0.0033837 
2064 0.0033837 
2065 0.0033837 
2066 0.00338369 
2067 0.0033835 
2068 0.00338351 
2069 0.0033835 
2070 0.00338311 
2071 0.00338307 
2072 0.00338306 
2073 0.00338297 
2074 0.00338295 
2075 0.00338293 
2076 0.00338293 
2077 0.0033829 
2078 0.0033829 
2079 0.00338274 
2080 0.00338273 
2081 0.00338264 
2082 0.00338263 
2083 0.00338257 
2084 0.00338258 
2085 0.00338258 
2086 0.00338257 
2087 0.00338253 
2088 0.00338253 
2089 0.00338245 
2090 0.00338245 
2091 0.00338244 
2092 0.0033824 
2093 0.00338239 
2094 0.00338237 
2095 0.00338236 
2096 0.00338178 
2097 0.00338177 
2098 0.00338176 
2099 0.0033817 
2100 0.0033817 
2101 0.00338163 
2102 0.00338163 
2103 0.00338161 
2104 0.00338156 
2105 0.00338155 
2106 0.00338152 
2107 0.00338152 
2108 0.00338094 
2109 0.00338093 
2110 0.00338092 
2111 0.0033809 
2112 0.00338088 
2113 0.00338084 
2114 0.00338084 
2115 0.00338079 
2116 0.00338078 
2117 0.00338076 
2118 0.00338075 
2119 0.0033807 
2120 0.0033807 
2121 0.00338066 
2122 0.00338065 
2123 0.00338061 
2124 0.0033806 
2125 0.00338057 
2126 0.00338056 
2127 0.00338043 
2128 0.00338043 
2129 0.00338042 
2130 0.00338029 
2131 0.00338028 
2132 0.00338027 
2133 0.0033801 
2134 0.0033801 
2135 0.00338009 
2136 0.00338004 
2137 0.00338004 
2138 0.00337999 
2139 0.00337999 
2140 0.00337995 
2141 0.00337994 
2142 0.00337984 
2143 0.00337983 
2144 0.00337982 
2145 0.00337977 
2146 0.00337976 
2147 0.00337974 
2148 0.00337973 
2149 0.0033797 
2150 0.00337969 
2151 0.00337956 
2152 0.00337955 
2153 0.00337954 
2154 0.00337927 
2155 0.00337927 
2156 0.00337926 
2157 0.00337925 
2158 0.00337922 
2159 0.00337921 
2160 0.00337916 
2161 0.00337916 
2162 0.00337913 
2163 0.00337912 
2164 0.0033782 
2165 0.0033782 
2166 0.00337818 
2167 0.00337813 
2168 0.00337813 
2169 0.00337809 
2170 0.00337808 
2171 0.00337759 
2172 0.00337758 
2173 0.00337758 
2174 0.00337757 
2175 0.00337746 
2176 0.00337746 
2177 0.00337745 
2178 0.00337691 
2179 0.0033769 
2180 0.0033769 
2181 0.00337689 
2182 0.00337678 
2183 0.00337677 
2184 0.00337676 
2185 0.00337628 
2186 0.00337628 
2187 0.00337627 
2188 0.00337626 
2189 0.00337618 
2190 0.00337617 
2191 0.00337616 
2192 0.00337612 
2193 0.00337611 
2194 0.00337562 
2195 0.00337561 
2196 0.00337561 
2197 0.00337559 
2198 0.00337555 
2199 0.00337554 
2200 0.00337541 
2201 0.0033754 
2202 0.00337539 
2203 0.00337433 
2204 0.0033743 
2205 0.00337428 
2206 0.00337426 
2207 0.00337421 
2208 0.0033742 
2209 0.00337414 
2210 0.00337413 
2211 0.00337409 
2212 0.00337408 
2213 0.00337397 
2214 0.00337397 
2215 0.00337395 
2216 0.00337385 
2217 0.00337385 
2218 0.00337383 
2219 0.00337372 
2220 0.00337372 
2221 0.00337371 
2222 0.00337353 
2223 0.00337352 
2224 0.00337352 
2225 0.00337339 
2226 0.00337339 
2227 0.00337337 
2228 0.00337279 
2229 0.00337278 
2230 0.00337277 
2231 0.00337275 
2232 0.00337271 
2233 0.0033727 
2234 0.00337237 
2235 0.00337237 
2236 0.00337236 
2237 0.00337234 
2238 0.00337232 
2239 0.00337229 
2240 0.00337227 
2241 0.00337222 
2242 0.00337221 
2243 0.00337212 
2244 0.00337211 
2245 0.0033721 
2246 0.00337205 
2247 0.00337204 
2248 0.00337156 
2249 0.00337155 
2250 0.00337154 
2251 0.00337152 
2252 0.00337147 
2253 0.00337146 
2254 0.00337136 
2255 0.00337135 
2256 0.00337134 
2257 0.00337127 
2258 0.00337126 
2259 0.00337123 
2260 0.00337122 
2261 0.00337074 
2262 0.00337073 
2263 0.00337073 
2264 0.00337071 
2265 0.00337066 
2266 0.00337065 
2267 0.00337053 
2268 0.00337052 
2269 0.00337051 
2270 0.00337033 
2271 0.00337032 
2272 0.00337031 
2273 0.00337012 
2274 0.00337011 
2275 0.0033701 
2276 0.00336999 
2277 0.00336998 
2278 0.00336997 
2279 0.00336983 
2280 0.00336982 
2281 0.00336981 
2282 0.00336886 
2283 0.00336886 
2284 0.00336885 
2285 0.00336883 
2286 0.00336881 
2287 0.00336878 
2288 0.00336876 
2289 0.0033687 
2290 0.00336869 
2291 0.00336863 
2292 0.00336863 
2293 0.00336852 
2294 0.00336851 
2295 0.0033685 
2296 0.00336842 
2297 0.00336841 
2298 0.00336838 
2299 0.00336837 
2300 0.00336831 
2301 0.0033683 
2302 0.0033682 
2303 0.00336819 
2304 0.00336817 
2305 0.0033681 
2306 0.00336809 
2307 0.00336806 
2308 0.00336804 
2309 0.00336798 
2310 0.00336797 
2311 0.00336791 
2312 0.0033679 
2313 0.00336785 
2314 0.00336784 
2315 0.00336748 
2316 0.00336747 
2317 0.00336746 
2318 0.00336744 
2319 0.00336741 
2320 0.00336739 
2321 0.00336734 
2322 0.00336733 
2323 0.00336699 
2324 0.00336699 
2325 0.00336698 
2326 0.00336695 
2327 0.00336693 
2328 0.00336686 
2329 0.00336685 
2330 0.00336682 
2331 0.0033668 
2332 0.003366 
2333 0.00336599 
2334 0.00336598 
2335 0.00336597 
2336 0.00336591 
2337 0.0033659 
2338 0.00336577 
2339 0.00336577 
2340 0.00336575 
2341 0.0033654 
2342 0.0033654 
2343 0.00336539 
2344 0.00336536 
2345 0.00336534 
2346 0.00336531 
2347 0.00336528 
2348 0.00336526 
2349 0.00336522 
2350 0.00336521 
2351 0.0033641 
2352 0.00336409 
2353 0.00336408 
2354 0.00336405 
2355 0.00336403 
2356 0.00336399 
2357 0.00336398 
2358 0.00336334 
2359 0.00336334 
2360 0.00336333 
2361 0.00336331 
2362 0.00336326 
2363 0.00336324 
2364 0.00336304 
2365 0.00336303 
2366 0.00336302 
2367 0.00336292 
2368 0.00336291 
2369 0.00336289 
2370 0.00336285 
2371 0.00336284 
2372 0.00336274 
2373 0.00336273 
2374 0.00336271 
2375 0.00336267 
2376 0.00336266 
2377 0.00336255 
2378 0.00336254 
2379 0.00336252 
2380 0.00336247 
2381 0.00336246 
2382 0.00336142 
2383 0.00336141 
2384 0.0033614 
2385 0.00336138 
2386 0.00336131 
2387 0.0033613 
2388 0.00336126 
2389 0.00336125 
2390 0.00335993 
2391 0.00335992 
2392 0.0033599 
2393 0.00335985 
2394 0.00335984 
2395 0.00335952 
2396 0.00335951 
2397 0.0033595 
2398 0.00335947 
2399 0.00335945 
2400 0.0033594 
2401 0.00335939 
2402 0.00335803 
2403 0.00335803 
2404 0.00335801 
2405 0.00335777 
2406 0.00335776 
2407 0.00335775 
2408 0.00335763 
2409 0.00335762 
2410 0.0033576 
2411 0.00335743 
2412 0.00335742 
2413 0.00335741 
2414 0.00335701 
2415 0.003357 
2416 0.00335699 
2417 0.00335696 
2418 0.00335694 
2419 0.00335687 
2420 0.00335686 
2421 0.00335682 
2422 0.0033568 
2423 0.00335638 
2424 0.00335638 
2425 0.00335637 
2426 0.00335634 
2427 0.00335632 
2428 0.00335625 
2429 0.00335624 
2430 0.00335618 
2431 0.00335617 
2432 0.00335607 
2433 0.00335606 
2434 0.00335604 
2435 0.00335599 
2436 0.00335597 
2437 0.00335546 
2438 0.00335545 
2439 0.00335545 
2440 0.00335542 
2441 0.00335539 
2442 0.00335537 
2443 0.00335534 
2444 0.00335531 
2445 0.00335529 
2446 0.00335523 
2447 0.00335522 
2448 0.00335507 
2449 0.00335506 
2450 0.00335505 
2451 0.00335473 
2452 0.00335473 
2453 0.00335472 
2454 0.00335466 
2455 0.00335465 
2456 0.00335452 
2457 0.00335451 
2458 0.00335449 
2459 0.00335439 
2460 0.00335438 
2461 0.00335436 
2462 0.00335433 
2463 0.0033543 
2464 0.00335428 
2465 0.00335418 
2466 0.00335417 
2467 0.00335415 
2468 0.0033541 
2469 0.00335409 
2470 0.0033527 
2471 0.00335269 
2472 0.00335267 
2473 0.00335264 
2474 0.00335261 
2475 0.00335258 
2476 0.00335256 
2477 0.00335253 
2478 0.00335251 
2479 0.00335246 
2480 0.00335244 
2481 0.00335094 
2482 0.00335093 
2483 0.00335092 
2484 0.00335005 
2485 0.00335004 
2486 0.00335003 
2487 0.00335002 
2488 0.0033486 
2489 0.00334859 
2490 0.00334856 
2491 0.00334852 
2492 0.00334851 
2493 0.00334814 
2494 0.00334813 
2495 0.00334812 
2496 0.00334807 
2497 0.00334806 
2498 0.00334763 
2499 0.00334762 
2500 0.00334761 
2501 0.00334757 
2502 0.00334756 
2503 0.00334716 
2504 0.00334715 
2505 0.00334714 
2506 0.00334714 
2507 0.00334712 
2508 0.00334682 
2509 0.00334681 
2510 0.0033468 
2511 0.00334669 
2512 0.00334668 
2513 0.0033466 
2514 0.00334659 
2515 0.00334643 
2516 0.00334642 
2517 0.00334638 
2518 0.00334634 
2519 0.00334632 
2520 0.00334622 
2521 0.00334621 
2522 0.00334619 
2523 0.00334613 
2524 0.00334612 
2525 0.00334601 
2526 0.003346 
2527 0.00334598 
2528 0.00334595 
2529 0.00334592 
2530 0.00334589 
2531 0.00334586 
2532 0.00334583 
2533 0.00334581 
2534 0.00334574 
2535 0.00334573 
2536 0.00334562 
2537 0.00334561 
2538 0.00334559 
2539 0.0033455 
2540 0.0033455 
2541 0.00334547 
2542 0.00334544 
2543 0.00334541 
2544 0.00334538 
2545 0.00334536 
2546 0.00334527 
2547 0.00334526 
2548 0.00334523 
2549 0.0033452 
2550 0.00334518 
2551 0.00334514 
2552 0.00334512 
2553 0.00334448 
2554 0.00334447 
2555 0.00334446 
2556 0.00334445 
2557 0.00334285 
2558 0.00334284 
2559 0.00334282 
2560 0.00334258 
2561 0.00334257 
2562 0.00334256 
2563 0.0033425 
2564 0.00334249 
2565 0.00334183 
2566 0.00334182 
2567 0.00334181 
2568 0.0033418 
2569 0.00334017 
2570 0.00334016 
2571 0.00334013 
2572 0.0033401 
2573 0.00334007 
2574 0.00334004 
2575 0.00334002 
2576 0.00333996 
2577 0.00333995 
2578 0.0033397 
2579 0.00333969 
2580 0.00333968 
2581 0.00333944 
2582 0.00333943 
2583 0.00333942 
2584 0.00333937 
2585 0.00333935 
2586 0.00333868 
2587 0.00333868 
2588 0.00333867 
2589 0.00333865 
2590 0.00333766 
2591 0.00333765 
2592 0.00333764 
2593 0.0033376 
2594 0.00333759 
2595 0.00333743 
2596 0.00333742 
2597 0.00333741 
2598 0.00333611 
2599 0.0033361 
2600 0.00333609 
2601 0.00333479 
2602 0.00333479 
2603 0.00333478 
2604 0.00333472 
2605 0.00333471 
2606 0.00333377 
2607 0.00333373 
2608 0.00333368 
2609 0.00333366 
2610 0.0033333 
2611 0.0033333 
2612 0.00333327 
2613 0.00333302 
2614 0.00333301 
2615 0.00333294 
2616 0.00333294 
2617 0.0033329 
2618 0.00333288 
2619 0.00333284 
2620 0.00333282 
2621 0.00333266 
2622 0.00333265 
2623 0.00333263 
2624 0.00333223 
2625 0.00333223 
2626 0.00333222 
2627 0.00333216 
2628 0.00333214 
2629 0.00333202 
2630 0.00333202 
2631 0.00333199 
2632 0.00333196 
2633 0.00333194 
2634 0.00333188 
2635 0.00333187 
2636 0.0033313 
2637 0.00333129 
2638 0.00333128 
2639 0.00333127 
2640 0.00332983 
2641 0.00332982 
2642 0.00332981 
2643 0.0033298 
2644 0.00332821 
2645 0.00332819 
2646 0.00332811 
2647 0.0033281 
2648 0.00332804 
2649 0.00332803 
2650 0.00332705 
2651 0.00332705 
2652 0.00332704 
2653 0.00332704 
2654 0.00332698 
2655 0.00332696 
2656 0.00332636 
2657 0.00332637 
2658 0.00332635 
2659 0.00332628 
2660 0.00332627 
2661 0.00332622 
2662 0.0033262 
2663 0.00332615 
2664 0.00332614 
2665 0.00332602 
2666 0.00332601 
2667 0.003326 
2668 0.00332575 
2669 0.00332574 
2670 0.00332573 
2671 0.00332569 
2672 0.00332567 
2673 0.00332504 
2674 0.00332504 
2675 0.00332503 
2676 0.00332499 
2677 0.00332497 
2678 0.00332487 
2679 0.00332486 
2680 0.00332484 
2681 0.00332478 
2682 0.00332477 
2683 0.0033247 
2684 0.00332469 
2685 0.00332449 
2686 0.00332448 
2687 0.00332447 
2688 0.00332438 
2689 0.00332437 
2690 0.00332432 
2691 0.00332431 
2692 0.00332296 
2693 0.00332295 
2694 0.00332293 
2695 0.00332262 
2696 0.00332261 
2697 0.0033226 
2698 0.00332247 
2699 0.00332246 
2700 0.00332244 
2701 0.00332195 
2702 0.00332194 
2703 0.00332193 
2704 0.00332192 
2705 0.0033212 
2706 0.00332119 
2707 0.00332119 
2708 0.00332117 
2709 0.00332105 
2710 0.00332104 
2711 0.00332101 
2712 0.00332098 
2713 0.00332095 
2714 0.00332089 
2715 0.00332088 
2716 0.0033207 
2717 0.0033207 
2718 0.00332068 
2719 0.00332036 
2720 0.00332035 
2721 0.00332034 
2722 0.00332018 
2723 0.00332017 
2724 0.00332016 
2725 0.00331902 
2726 0.00331902 
2727 0.00331901 
2728 0.00331901 
2729 0.00331898 
2730 0.00331893 
2731 0.00331892 
2732 0.00331824 
2733 0.00331822 
2734 0.00331818 
2735 0.00331815 
2736 0.00331812 
2737 0.00331802 
2738 0.00331801 
2739 0.00331797 
2740 0.00331796 
2741 0.00331738 
2742 0.00331737 
2743 0.00331736 
2744 0.00331735 
2745 0.00331643 
2746 0.00331642 
2747 0.00331642 
2748 0.00331641 
2749 0.00331625 
2750 0.00331623 
2751 0.0033162 
2752 0.00331618 
2753 0.00331613 
2754 0.00331612 
2755 0.00331498 
2756 0.00331496 
2757 0.00331492 
2758 0.0033149 
2759 0.00331481 
2760 0.0033148 
2761 0.00331478 
2762 0.00331474 
2763 0.00331472 
2764 0.00331441 
2765 0.0033144 
2766 0.00331439 
2767 0.00331436 
2768 0.00331433 
2769 0.00331431 
2770 0.00331423 
2771 0.00331422 
2772 0.00331418 
2773 0.00331416 
2774 0.00331413 
2775 0.0033141 
2776 0.00331407 
2777 0.00331404 
2778 0.003314 
2779 0.00331398 
2780 0.00331302 
2781 0.00331302 
2782 0.00331301 
2783 0.00331296 
2784 0.00331295 
2785 0.00331146 
2786 0.00331145 
2787 0.00331139 
2788 0.00331138 
2789 0.00331112 
2790 0.00331111 
2791 0.0033111 
2792 0.00331078 
2793 0.00331078 
2794 0.00331077 
2795 0.00331074 
2796 0.00331071 
2797 0.00331069 
2798 0.00331059 
2799 0.00331058 
2800 0.00331056 
2801 0.0033105 
2802 0.00331049 
2803 0.00331039 
2804 0.00331038 
2805 0.00331034 
2806 0.00331032 
2807 0.00331009 
2808 0.00331008 
2809 0.00331007 
2810 0.00331002 
2811 0.00331001 
2812 0.00330876 
2813 0.00330875 
2814 0.00330874 
2815 0.00330815 
2816 0.00330814 
2817 0.00330813 
2818 0.00330812 
2819 0.00330741 
2820 0.0033074 
2821 0.00330739 
2822 0.00330736 
2823 0.00330734 
2824 0.00330719 
2825 0.00330719 
2826 0.00330717 
2827 0.00330625 
2828 0.00330625 
2829 0.00330624 
2830 0.00330619 
2831 0.00330618 
2832 0.00330559 
2833 0.00330558 
2834 0.00330557 
2835 0.00330553 
2836 0.00330551 
2837 0.00330507 
2838 0.00330506 
2839 0.00330505 
2840 0.0033049 
2841 0.00330488 
2842 0.00330485 
2843 0.0033048 
2844 0.00330479 
2845 0.00330416 
2846 0.00330415 
2847 0.00330413 
2848 0.00330399 
2849 0.00330398 
2850 0.00330389 
2851 0.00330387 
2852 0.00330366 
2853 0.00330365 
2854 0.00330361 
2855 0.00330357 
2856 0.00330354 
2857 0.0033035 
2858 0.00330349 
2859 0.00330278 
2860 0.00330278 
2861 0.00330277 
2862 0.00330276 
2863 0.00330264 
2864 0.00330263 
2865 0.0033026 
2866 0.00330258 
2867 0.00330242 
2868 0.00330241 
2869 0.0033024 
2870 0.00330187 
2871 0.00330187 
2872 0.00330186 
2873 0.00330182 
2874 0.0033018 
2875 0.00330163 
2876 0.00330162 
2877 0.00330161 
2878 0.00330146 
2879 0.00330145 
2880 0.00330143 
2881 0.00330139 
2882 0.00330137 
2883 0.00330133 
2884 0.00330131 
2885 0.00330125 
2886 0.00330124 
2887 0.00330072 
2888 0.00330071 
2889 0.0033007 
2890 0.00330069 
2891 0.00329926 
2892 0.00329932 
2893 0.0032993 
2894 0.0032993 
2895 0.00329928 
2896 0.00329927 
2897 0.00329925 
2898 0.00329924 
2899 0.00329899 
2900 0.00329899 
2901 0.00329898 
2902 0.00329895 
2903 0.00329892 
2904 0.0032989 
2905 0.00329883 
2906 0.00329883 
2907 0.00329878 
2908 0.00329877 
2909 0.00329832 
2910 0.00329831 
2911 0.00329831 
2912 0.00329827 
2913 0.00329826 
2914 0.00329807 
2915 0.00329806 
2916 0.00329805 
2917 0.00329799 
2918 0.00329798 
2919 0.0032979 
2920 0.00329789 
2921 0.00329786 
2922 0.00329784 
2923 0.00329781 
2924 0.00329776 
2925 0.00329775 
2926 0.00329762 
2927 0.00329762 
2928 0.0032976 
2929 0.00329753 
2930 0.00329752 
2931 0.00329742 
2932 0.00329741 
2933 0.0032974 
2934 0.00329728 
2935 0.00329727 
2936 0.00329726 
2937 0.00329673 
2938 0.00329673 
2939 0.00329672 
2940 0.00329671 
2941 0.00329568 
2942 0.00329567 
2943 0.00329566 
2944 0.00329561 
2945 0.0032956 
2946 0.00329542 
2947 0.00329541 
2948 0.00329539 
2949 0.00329455 
2950 0.00329454 
2951 0.00329453 
2952 0.0032945 
2953 0.00329448 
2954 0.00329438 
2955 0.00329437 
2956 0.00329435 
2957 0.00329426 
2958 0.00329425 
2959 0.00329423 
2960 0.00329417 
2961 0.00329416 
2962 0.00329406 
2963 0.00329405 
2964 0.00329401 
2965 0.003294 
2966 0.0032936 
2967 0.00329359 
2968 0.00329359 
2969 0.00329357 
2970 0.00329334 
2971 0.00329333 
2972 0.00329332 
2973 0.00329328 
2974 0.00329326 
2975 0.00329282 
2976 0.00329282 
2977 0.00329281 
2978 0.00329276 
2979 0.00329275 
2980 0.0032924 
2981 0.0032924 
2982 0.00329238 
2983 0.00329231 
2984 0.0032923 
2985 0.00329226 
2986 0.00329224 
2987 0.00329219 
2988 0.00329217 
2989 0.00329145 
2990 0.00329144 
2991 0.00329143 
2992 0.00329142 
2993 0.00329128 
2994 0.00329128 
2995 0.00329126 
2996 0.00329119 
2997 0.00329118 
2998 0.00329097 
2999 0.00329096 
3000 0.00329095 
3001 0.00329089 
3002 0.00329088 
3003 0.00329055 
3004 0.00329054 
3005 0.00329053 
3006 0.00329051 
3007 0.00329045 
3008 0.00329044 
3009 0.00329038 
3010 0.00329036 
3011 0.00329006 
3012 0.00329006 
3013 0.00329005 
3014 0.00329002 
3015 0.00328998 
3016 0.00328997 
3017 0.00328834 
3018 0.00328833 
3019 0.00328833 
3020 0.00328831 
3021 0.00328799 
3022 0.00328798 
3023 0.00328797 
3024 0.00328795 
3025 0.0032879 
3026 0.00328788 
3027 0.00328775 
3028 0.00328774 
3029 0.00328772 
3030 0.00328767 
3031 0.00328765 
3032 0.00328658 
3033 0.00328657 
3034 0.00328657 
3035 0.00328656 
3036 0.00328649 
3037 0.00328648 
3038 0.00328628 
3039 0.00328628 
3040 0.00328626 
3041 0.00328619 
3042 0.00328618 
3043 0.0032861 
3044 0.00328609 
3045 0.00328605 
3046 0.00328604 
3047 0.00328589 
3048 0.00328588 
3049 0.00328586 
3050 0.00328579 
3051 0.00328578 
3052 0.00328569 
3053 0.00328568 
3054 0.00328566 
3055 0.00328561 
3056 0.0032856 
3057 0.00328511 
3058 0.00328511 
3059 0.0032851 
3060 0.00328505 
3061 0.00328504 
3062 0.00328414 
3063 0.00328413 
3064 0.00328412 
3065 0.00328408 
3066 0.00328407 
3067 0.00328242 
3068 0.00328221 
3069 0.0032822 
3070 0.00328219 
3071 0.00328199 
3072 0.00328198 
3073 0.00328196 
3074 0.00328192 
3075 0.0032819 
3076 0.00328172 
3077 0.00328172 
3078 0.0032817 
3079 0.00328128 
3080 0.00328128 
3081 0.00328127 
3082 0.00328122 
3083 0.00328121 
3084 0.00328084 
3085 0.00328083 
3086 0.00328082 
3087 0.00328077 
3088 0.00328076 
3089 0.00328045 
3090 0.00328044 
3091 0.00328043 
3092 0.00328034 
3093 0.00328033 
3094 0.00328029 
3095 0.00328025 
3096 0.00328023 
3097 0.00327945 
3098 0.00327943 
3099 0.00327937 
3100 0.00327935 
3101 0.00327934 
3102 0.00327912 
3103 0.00327911 
3104 0.00327911 
3105 0.00327908 
3106 0.00327902 
3107 0.00327901 
3108 0.00327893 
3109 0.00327892 
3110 0.00327887 
3111 0.00327886 
3112 0.0032782 
3113 0.00327819 
3114 0.00327817 
3115 0.00327773 
3116 0.00327775 
3117 0.00327767 
3118 0.00327763 
3119 0.00327761 
3120 0.00327758 
3121 0.00327754 
3122 0.00327753 
3123 0.00327571 
3124 0.00327572 
3125 0.00327571 
3126 0.00327564 
3127 0.0032756 
3128 0.00327557 
3129 0.00327554 
3130 0.0032755 
3131 0.00327548 
3132 0.00327533 
3133 0.00327532 
3134 0.0032753 
3135 0.00327518 
3136 0.00327517 
3137 0.00327514 
3138 0.0032751 
3139 0.00327509 
3140 0.00327485 
3141 0.00327484 
3142 0.00327483 
3143 0.00327422 
3144 0.00327421 
3145 0.0032742 
3146 0.00327419 
3147 0.00327396 
3148 0.00327396 
3149 0.00327394 
3150 0.00327304 
3151 0.00327303 
3152 0.00327303 
3153 0.00327302 
3154 0.00327295 
3155 0.00327294 
3156 0.00327281 
3157 0.0032728 
3158 0.00327279 
3159 0.00327106 
3160 0.00327105 
3161 0.00327105 
3162 0.00327102 
3163 0.00327096 
3164 0.00327095 
3165 0.00327088 
3166 0.00327087 
3167 0.00327074 
3168 0.00327074 
3169 0.00327072 
3170 0.00326896 
3171 0.00326895 
3172 0.00326894 
3173 0.00326871 
3174 0.0032687 
3175 0.00326869 
3176 0.00326854 
3177 0.00326852 
3178 0.00326835 
3179 0.00326833 
3180 0.00326816 
3181 0.00326815 
3182 0.00326809 
3183 0.00326805 
3184 0.00326804 
3185 0.00326797 
3186 0.00326796 
3187 0.00326785 
3188 0.00326784 
3189 0.00326782 
3190 0.00326749 
3191 0.00326748 
3192 0.00326748 
3193 0.00326744 
3194 0.00326742 
3195 0.00326736 
3196 0.00326735 
3197 0.00326719 
3198 0.00326719 
3199 0.00326717 
3200 0.00326696 
3201 0.00326696 
3202 0.00326694 
3203 0.00326611 
3204 0.0032661 
3205 0.0032661 
3206 0.00326609 
3207 0.00326607 
3208 0.00326594 
3209 0.00326593 
3210 0.00326592 
3211 0.00326553 
3212 0.00326552 
3213 0.00326551 
3214 0.00326547 
3215 0.00326546 
3216 0.00326471 
3217 0.0032647 
3218 0.00326467 
3219 0.00326465 
3220 0.00326455 
3221 0.00326454 
3222 0.00326452 
3223 0.00326431 
3224 0.0032643 
3225 0.00326429 
3226 0.00326423 
3227 0.00326422 
3228 0.00326404 
3229 0.00326403 
3230 0.00326402 
3231 0.00326378 
3232 0.00326378 
3233 0.00326376 
3234 0.0032637 
3235 0.00326368 
3236 0.00326315 
3237 0.00326315 
3238 0.00326314 
3239 0.00326312 
3240 0.00326303 
3241 0.00326302 
3242 0.00326299 
3243 0.00326297 
3244 0.00326291 
3245 0.00326289 
3246 0.00326264 
3247 0.00326263 
3248 0.00326262 
3249 0.00326259 
3250 0.00326257 
3251 0.00326254 
3252 0.00326249 
3253 0.00326248 
3254 0.00326231 
3255 0.0032623 
3256 0.00326228 
3257 0.00326191 
3258 0.0032619 
3259 0.00326189 
3260 0.00326182 
3261 0.00326181 
3262 0.00326177 
3263 0.00326176 
3264 0.00326132 
3265 0.00326131 
3266 0.0032613 
3267 0.00326125 
3268 0.00326124 
3269 0.00326094 
3270 0.00326093 
3271 0.00326092 
3272 0.00326079 
3273 0.00326079 
3274 0.00326077 
3275 0.00325916 
3276 0.00325902 
3277 0.00325901 
3278 0.003259 
3279 0.00325862 
3280 0.00325861 
3281 0.00325859 
3282 0.00325857 
3283 0.0032583 
3284 0.00325829 
3285 0.00325828 
3286 0.00325827 
3287 0.00325809 
3288 0.00325808 
3289 0.00325807 
3290 0.00325781 
3291 0.0032578 
3292 0.00325777 
3293 0.00325775 
3294 0.00325771 
3295 0.0032577 
3296 0.00325665 
3297 0.00325664 
3298 0.00325663 
3299 0.00325647 
3300 0.00325646 
3301 0.00325645 
3302 0.00325616 
3303 0.00325615 
3304 0.00325612 
3305 0.00325611 
3306 0.00325601 
3307 0.00325601 
3308 0.00325598 
3309 0.00325593 
3310 0.00325592 
3311 0.00325583 
3312 0.00325582 
3313 0.00325578 
3314 0.00325577 
3315 0.00325546 
3316 0.00325545 
3317 0.00325544 
3318 0.00325542 
3319 0.00325535 
3320 0.00325534 
3321 0.00325531 
3322 0.00325529 
3323 0.00325514 
3324 0.00325513 
3325 0.00325512 
3326 0.00325502 
3327 0.00325501 
3328 0.00325498 
3329 0.00325496 
3330 0.00325488 
3331 0.00325487 
3332 0.00325484 
3333 0.00325482 
3334 0.00325479 
3335 0.00325476 
3336 0.00325474 
3337 0.0032544 
3338 0.0032544 
3339 0.00325439 
3340 0.00325437 
3341 0.00325424 
3342 0.00325423 
3343 0.00325422 
3344 0.00325331 
3345 0.0032533 
3346 0.00325329 
3347 0.00325324 
3348 0.00325323 
3349 0.00325313 
3350 0.00325312 
3351 0.00325309 
3352 0.00325307 
3353 0.00325301 
3354 0.003253 
3355 0.00325295 
3356 0.00325293 
3357 0.00325234 
3358 0.00325233 
3359 0.00325233 
3360 0.00325231 
3361 0.00325215 
3362 0.00325214 
3363 0.00325212 
3364 0.00325182 
3365 0.00325182 
3366 0.00325181 
3367 0.0032517 
3368 0.00325169 
3369 0.00325168 
3370 0.00325146 
3371 0.00325146 
3372 0.00325145 
3373 0.00325141 
3374 0.00325139 
3375 0.00325113 
3376 0.00325112 
3377 0.00325111 
3378 0.00325091 
3379 0.00325091 
3380 0.0032509 
3381 0.00325085 
3382 0.00325084 
3383 0.00324939 
3384 0.00324938 
3385 0.00324938 
3386 0.00324937 
3387 0.00324916 
3388 0.00324915 
3389 0.00324914 
3390 0.00324882 
3391 0.00324881 
3392 0.00324881 
3393 0.00324879 
3394 0.0032479 
3395 0.00324788 
3396 0.00324787 
3397 0.00324786 
3398 0.00324771 
3399 0.0032477 
3400 0.00324766 
3401 0.00324765 
3402 0.00324755 
3403 0.00324754 
3404 0.00324752 
3405 0.0032474 
3406 0.0032474 
3407 0.00324738 
3408 0.00324605 
3409 0.00324605 
3410 0.00324604 
3411 0.003246 
3412 0.00324598 
3413 0.00324595 
3414 0.00324591 
3415 0.0032459 
3416 0.00324568 
3417 0.00324567 
3418 0.00324566 
3419 0.00324499 
3420 0.00324498 
3421 0.00324498 
3422 0.00324497 
3423 0.00324491 
3424 0.0032449 
3425 0.00324474 
3426 0.00324474 
3427 0.00324473 
3428 0.00324463 
3429 0.00324462 
3430 0.00324459 
3431 0.00324456 
3432 0.00324454 
3433 0.00324451 
3434 0.00324448 
3435 0.00324447 
3436 0.00324436 
3437 0.00324435 
3438 0.00324434 
3439 0.00324404 
3440 0.00324404 
3441 0.00324403 
3442 0.00324401 
3443 0.00324394 
3444 0.00324393 
3445 0.0032439 
3446 0.00324388 
3447 0.0032438 
3448 0.00324379 
3449 0.00324375 
3450 0.00324374 
3451 0.00324278 
3452 0.00324277 
3453 0.00324277 
3454 0.00324269 
3455 0.00324268 
3456 0.00324266 
3457 0.00324263 
3458 0.0032426 
3459 0.00324258 
3460 0.00324255 
3461 0.00324253 
3462 0.0032425 
3463 0.00324247 
3464 0.00324245 
3465 0.00324234 
3466 0.00324233 
3467 0.00324232 
3468 0.00324122 
3469 0.00324121 
3470 0.00324121 
3471 0.0032412 
3472 0.00324115 
3473 0.00324114 
3474 0.00323998 
3475 0.00323997 
3476 0.00323997 
3477 0.00323996 
3478 0.00323991 
3479 0.00323989 
3480 0.00323943 
3481 0.00323942 
3482 0.00323941 
3483 0.0032394 
3484 0.00323879 
3485 0.00323878 
3486 0.00323877 
3487 0.00323873 
3488 0.00323872 
3489 0.00323799 
3490 0.00323798 
3491 0.00323797 
3492 0.00323782 
3493 0.00323781 
3494 0.00323779 
3495 0.00323769 
3496 0.00323768 
3497 0.00323766 
3498 0.00323759 
3499 0.00323759 
3500 0.00323755 
3501 0.00323753 
3502 0.0032374 
3503 0.00323739 
3504 0.00323738 
3505 0.00323731 
3506 0.0032373 
3507 0.00323721 
3508 0.0032372 
3509 0.00323719 
3510 0.00323712 
3511 0.00323711 
3512 0.00323708 
3513 0.00323706 
3514 0.00323697 
3515 0.00323696 
3516 0.00323693 
3517 0.00323691 
3518 0.0032368 
3519 0.0032368 
3520 0.00323678 
3521 0.0032364 
3522 0.00323639 
3523 0.00323639 
3524 0.00323637 
3525 0.00323547 
3526 0.00323546 
3527 0.00323545 
3528 0.00323544 
3529 0.0032354 
3530 0.00323539 
3531 0.00323382 
3532 0.00323382 
3533 0.00323378 
3534 0.00323377 
3535 0.0032337 
3536 0.00323369 
3537 0.00323362 
3538 0.00323361 
3539 0.00323358 
3540 0.00323356 
3541 0.00323353 
3542 0.0032335 
3543 0.00323348 
3544 0.00323209 
3545 0.00323208 
3546 0.00323208 
3547 0.00323206 
3548 0.00323167 
3549 0.00323167 
3550 0.00323166 
3551 0.00323161 
3552 0.0032316 
3553 0.00323146 
3554 0.00323146 
3555 0.00323144 
3556 0.00323135 
3557 0.00323134 
3558 0.00323131 
3559 0.0032313 
3560 0.00323108 
3561 0.00323108 
3562 0.00323107 
3563 0.00323104 
3564 0.00323102 
3565 0.00323096 
3566 0.00323095 
3567 0.00323084 
3568 0.00323083 
3569 0.00323082 
3570 0.00323018 
3571 0.00323017 
3572 0.00323017 
3573 0.00323016 
3574 0.00323008 
3575 0.00323007 
3576 0.00323003 
3577 0.00323002 
3578 0.00322848 
3579 0.00322847 
3580 0.00322846 
3581 0.00322837 
3582 0.00322836 
3583 0.00322834 
3584 0.00322824 
3585 0.00322823 
3586 0.00322822 
3587 0.00322782 
3588 0.00322781 
3589 0.00322781 
3590 0.00322779 
3591 0.00322632 
3592 0.00322631 
3593 0.00322602 
3594 0.00322601 
3595 0.00322601 
3596 0.00322599 
3597 0.00322586 
3598 0.00322586 
3599 0.00322584 
3600 0.00322498 
3601 0.00322498 
3602 0.00322497 
3603 0.00322495 
3604 0.00322407 
3605 0.00322404 
3606 0.00322398 
3607 0.00322397 
3608 0.00322345 
3609 0.00322341 
3610 0.0032234 
3611 0.00322338 
3612 0.00322334 
3613 0.00322333 
3614 0.00322303 
3615 0.00322302 
3616 0.00322301 
3617 0.00322289 
3618 0.00322289 
3619 0.00322287 
3620 0.00322245 
3621 0.00322244 
3622 0.00322238 
3623 0.00322232 
3624 0.00322229 
3625 0.00322227 
3626 0.00322225 
3627 0.0032222 
3628 0.00322219 
3629 0.00322211 
3630 0.0032221 
3631 0.00322207 
3632 0.00322205 
3633 0.00322053 
3634 0.00322053 
3635 0.00322052 
3636 0.00322046 
3637 0.00322045 
3638 0.00322036 
3639 0.00322035 
3640 0.00322034 
3641 0.00322017 
3642 0.00322016 
3643 0.00322015 
3644 0.0032201 
3645 0.00322009 
3646 0.00321954 
3647 0.00321954 
3648 0.00321953 
3649 0.00321952 
3650 0.00321945 
3651 0.00321944 
3652 0.0032194 
3653 0.00321939 
3654 0.00321924 
3655 0.00321923 
3656 0.00321922 
3657 0.00321879 
3658 0.00321879 
3659 0.00321878 
3660 0.0032186 
3661 0.00321859 
3662 0.00321858 
3663 0.0032185 
3664 0.00321849 
3665 0.00321839 
3666 0.00321838 
3667 0.00321836 
3668 0.00321831 
3669 0.0032183 
3670 0.00321825 
3671 0.00321824 
3672 0.00321762 
3673 0.00321762 
3674 0.00321761 
3675 0.0032176 
3676 0.00321744 
3677 0.00321744 
3678 0.00321743 
3679 0.00321703 
3680 0.00321702 
3681 0.00321696 
3682 0.00321694 
3683 0.0032169 
3684 0.00321685 
3685 0.00321682 
3686 0.00321676 
3687 0.00321674 
3688 0.00321672 
3689 0.0032167 
3690 0.00321664 
3691 0.00321663 
3692 0.00321659 
3693 0.00321658 
3694 0.00321586 
3695 0.00321586 
3696 0.00321585 
3697 0.00321581 
3698 0.0032158 
3699 0.00321557 
3700 0.00321556 
3701 0.00321555 
3702 0.00321466 
3703 0.00321459 
3704 0.00321459 
3705 0.00321457 
3706 0.00321452 
3707 0.00321451 
3708 0.00321441 
3709 0.0032144 
3710 0.00321438 
3711 0.00321436 
3712 0.0032143 
3713 0.00321429 
3714 0.00321426 
3715 0.00321424 
3716 0.00321411 
3717 0.0032141 
3718 0.00321409 
3719 0.00321398 
3720 0.00321397 
3721 0.00321395 
3722 0.00321392 
3723 0.0032139 
3724 0.00321327 
3725 0.00321327 
3726 0.00321326 
3727 0.00321323 
3728 0.00321321 
3729 0.00321225 
3730 0.00321224 
3731 0.00321224 
3732 0.00321223 
3733 0.00321219 
3734 0.00321217 
3735 0.0032111 
3736 0.00321109 
3737 0.00321107 
3738 0.00321097 
3739 0.00321096 
3740 0.00321094 
3741 0.0032109 
3742 0.00321089 
3743 0.00321049 
3744 0.00321048 
3745 0.00321047 
3746 0.00321044 
3747 0.00321043 
3748 0.00320983 
3749 0.00320982 
3750 0.00320981 
3751 0.00320978 
3752 0.00320977 
3753 0.00320926 
3754 0.00320926 
3755 0.00320925 
3756 0.00320924 
3757 0.00320913 
3758 0.00320912 
3759 0.0032091 
3760 0.00320904 
3761 0.00320903 
3762 0.00320897 
3763 0.00320897 
3764 0.00320893 
3765 0.00320892 
3766 0.0032088 
3767 0.0032088 
3768 0.00320878 
3769 0.00320872 
3770 0.00320872 
3771 0.0032086 
3772 0.00320859 
3773 0.00320858 
3774 0.00320809 
3775 0.00320809 
3776 0.00320808 
3777 0.00320805 
3778 0.00320804 
3779 0.00320759 
3780 0.00320758 
3781 0.00320757 
3782 0.00320756 
3783 0.00320734 
3784 0.00320733 
3785 0.00320732 
3786 0.00320716 
3787 0.00320716 
3788 0.00320715 
3789 0.00320709 
3790 0.00320708 
3791 0.00320702 
3792 0.00320701 
3793 0.00320698 
3794 0.00320697 
3795 0.00320683 
3796 0.00320683 
3797 0.00320681 
3798 0.00320667 
3799 0.00320667 
3800 0.00320665 
3801 0.00320645 
3802 0.00320644 
3803 0.00320643 
3804 0.00320608 
3805 0.00320608 
3806 0.00320607 
3807 0.00320606 
3808 0.00320597 
3809 0.00320595 
3810 0.00320576 
3811 0.00320575 
3812 0.00320574 
3813 0.0032057 
3814 0.00320569 
3815 0.00320558 
3816 0.00320558 
3817 0.00320556 
3818 0.00320553 
3819 0.00320551 
3820 0.00320532 
3821 0.00320531 
3822 0.0032053 
3823 0.00320493 
3824 0.00320492 
3825 0.00320492 
3826 0.0032049 
3827 0.00320387 
3828 0.00320387 
3829 0.00320387 
3830 0.00320386 
3831 0.00320381 
3832 0.00320378 
3833 0.00320376 
3834 0.00320374 
3835 0.00320372 
3836 0.00320369 
3837 0.00320367 
3838 0.00320362 
3839 0.00320361 
3840 0.00320344 
3841 0.00320343 
3842 0.00320343 
3843 0.00320339 
3844 0.00320338 
3845 0.00320316 
3846 0.00320316 
3847 0.00320315 
3848 0.00320294 
3849 0.00320294 
3850 0.00320293 
3851 0.00320291 
3852 0.00320289 
3853 0.00320286 
3854 0.00320284 
3855 0.00320282 
3856 0.00320269 
3857 0.00320269 
3858 0.00320268 
3859 0.00320255 
3860 0.00320254 
3861 0.00320253 
3862 0.00320241 
3863 0.0032024 
3864 0.00320239 
3865 0.00320227 
3866 0.00320227 
3867 0.00320225 
3868 0.0032022 
3869 0.00320219 
3870 0.00320209 
3871 0.00320208 
3872 0.00320207 
3873 0.0032009 
3874 0.00320089 
3875 0.00320089 
3876 0.00320088 
3877 0.00320076 
3878 0.00320076 
3879 0.00320074 
3880 0.00320068 
3881 0.00320067 
3882 0.00320061 
3883 0.0032006 
3884 0.00320058 
3885 0.00320056 
3886 0.00320054 
3887 0.00320049 
3888 0.00320048 
3889 0.00320044 
3890 0.00320043 
3891 0.00319908 
3892 0.00319907 
3893 0.00319906 
3894 0.00319795 
3895 0.00319795 
3896 0.0031979 
3897 0.00319789 
3898 0.00319782 
3899 0.00319781 
3900 0.00319778 
3901 0.00319777 
3902 0.00319754 
3903 0.00319753 
3904 0.00319753 
3905 0.00319751 
3906 0.00319746 
3907 0.00319746 
3908 0.00319739 
3909 0.00319738 
3910 0.00319734 
3911 0.00319733 
3912 0.00319718 
3913 0.00319718 
3914 0.00319717 
3915 0.00319636 
3916 0.00319636 
3917 0.00319635 
3918 0.00319628 
3919 0.00319628 
3920 0.00319626 
3921 0.00319623 
3922 0.00319622 
3923 0.00319504 
3924 0.00319504 
3925 0.00319503 
3926 0.00319502 
3927 0.00319467 
3928 0.00319467 
3929 0.00319466 
3930 0.00319462 
3931 0.00319461 
3932 0.00319454 
3933 0.00319453 
3934 0.00319449 
3935 0.00319448 
3936 0.00319435 
3937 0.00319435 
3938 0.00319433 
3939 0.0031943 
3940 0.00319429 
3941 0.00319423 
3942 0.00319422 
3943 0.00319417 
3944 0.00319417 
3945 0.0031941 
3946 0.00319409 
3947 0.00319405 
3948 0.00319404 
3949 0.00319396 
3950 0.00319395 
3951 0.00319393 
3952 0.00319392 
3953 0.00319385 
3954 0.00319385 
3955 0.00319383 
3956 0.0031938 
3957 0.00319379 
3958 0.00319374 
3959 0.00319373 
3960 0.00319368 
3961 0.00319367 
3962 0.0031936 
3963 0.00319359 
3964 0.00319357 
3965 0.00319352 
3966 0.00319351 
3967 0.00319348 
3968 0.00319347 
3969 0.00319339 
3970 0.00319338 
3971 0.00319336 
3972 0.00319334 
3973 0.00319328 
3974 0.00319328 
3975 0.00319325 
3976 0.00319323 
3977 0.00319321 
3978 0.00319318 
3979 0.00319317 
3980 0.00319245 
3981 0.00319245 
3982 0.00319244 
3983 0.00319239 
3984 0.00319238 
3985 0.00319234 
3986 0.00319233 
3987 0.00319189 
3988 0.00319189 
3989 0.00319189 
3990 0.00319188 
3991 0.00319176 
3992 0.00319176 
3993 0.00319174 
3994 0.00319171 
3995 0.00319169 
3996 0.00319165 
3997 0.00319164 
3998 0.00319041 
3999 0.0031904 
4000 0.00319038 
4001 0.00319034 
4002 0.00319033 
4003 0.00318995 
4004 0.00318995 
4005 0.00318994 
4006 0.00318976 
4007 0.00318974 
4008 0.00318971 
4009 0.0031897 
4010 0.00318967 
4011 0.00318966 
4012 0.00318962 
4013 0.00318961 
4014 0.00318917 
4015 0.00318916 
4016 0.00318916 
4017 0.00318912 
4018 0.00318911 
4019 0.00318791 
4020 0.00318786 
4021 0.00318785 
4022 0.00318783 
4023 0.00318781 
4024 0.00318779 
4025 0.00318771 
4026 0.00318771 
4027 0.00318769 
4028 0.00318761 
4029 0.0031876 
4030 0.00318759 
4031 0.00318753 
4032 0.00318752 
4033 0.00318749 
4034 0.00318747 
4035 0.00318744 
4036 0.00318743 
4037 0.00318735 
4038 0.00318735 
4039 0.00318732 
4040 0.0031873 
4041 0.00318669 
4042 0.00318668 
4043 0.00318667 
4044 0.00318666 
4045 0.00318651 
4046 0.0031865 
4047 0.00318649 
4048 0.00318611 
4049 0.00318611 
4050 0.0031861 
4051 0.00318606 
4052 0.00318605 
4053 0.00318593 
4054 0.00318592 
4055 0.00318591 
4056 0.00318582 
4057 0.00318582 
4058 0.00318579 
4059 0.00318578 
4060 0.00318573 
4061 0.00318572 
4062 0.00318565 
4063 0.00318564 
4064 0.00318561 
4065 0.0031856 
4066 0.00318462 
4067 0.00318461 
4068 0.0031846 
4069 0.00318459 
4070 0.00318438 
4071 0.00318438 
4072 0.00318437 
4073 0.00318368 
4074 0.00318365 
4075 0.00318365 
4076 0.00318361 
4077 0.0031836 
4078 0.00318351 
4079 0.0031835 
4080 0.0031834 
4081 0.00318339 
4082 0.00318297 
4083 0.00318296 
4084 0.00318294 
4085 0.00318293 
4086 0.00318289 
4087 0.00318288 
4088 0.00318233 
4089 0.00318232 
4090 0.00318231 
4091 0.00318228 
4092 0.00318227 
4093 0.00318222 
4094 0.00318221 
4095 0.00318207 
4096 0.00318207 
4097 0.00318206 
4098 0.00318197 
4099 0.00318197 
4100 0.00318194 
4101 0.00318192 
4102 0.00318189 
4103 0.00318188 
4104 0.00318144 
4105 0.00318144 
4106 0.00318143 
4107 0.0031814 
4108 0.00318139 
4109 0.0031813 
4110 0.00318129 
4111 0.00318128 
4112 0.00318077 
4113 0.00318077 
4114 0.00318076 
4115 0.00318075 
4116 0.00318069 
4117 0.00318068 
4118 0.00318062 
4119 0.00318062 
4120 0.00318059 
4121 0.00318057 
4122 0.00318054 
4123 0.00318053 
4124 0.0031805 
4125 0.00318048 
4126 0.00318043 
4127 0.00318042 
4128 0.00318028 
4129 0.00318027 
4130 0.00318027 
4131 0.0031802 
4132 0.00318019 
4133 0.00318015 
4134 0.00318014 
4135 0.00318 
4136 0.00317999 
4137 0.00317998 
4138 0.00317929 
4139 0.00317929 
4140 0.00317928 
4141 0.00317925 
4142 0.00317924 
4143 0.00317856 
4144 0.00317855 
4145 0.00317854 
4146 0.0031785 
4147 0.00317849 
4148 0.00317841 
4149 0.0031784 
4150 0.00317837 
4151 0.00317836 
4152 0.00317699 
4153 0.003177 
4154 0.00317693 
4155 0.00317694 
4156 0.00317689 
4157 0.00317688 
4158 0.00317684 
4159 0.00317683 
4160 0.0031768 
4161 0.00317678 
4162 0.00317676 
4163 0.00317674 
4164 0.00317671 
4165 0.0031767 
4166 0.00317663 
4167 0.00317662 
4168 0.00317659 
4169 0.00317658 
4170 0.00317557 
4171 0.00317556 
4172 0.00317556 
4173 0.00317555 
4174 0.00317551 
4175 0.0031755 
4176 0.00317501 
4177 0.003175 
4178 0.003175 
4179 0.00317499 
4180 0.00317493 
4181 0.00317492 
4182 0.00317487 
4183 0.00317486 
4184 0.00317483 
4185 0.00317482 
4186 0.00317479 
4187 0.00317477 
4188 0.00317472 
4189 0.00317471 
4190 0.0031746 
4191 0.00317459 
4192 0.00317458 
4193 0.00317443 
4194 0.00317443 
4195 0.00317442 
4196 0.0031732 
4197 0.00317315 
4198 0.00317314 
4199 0.00317294 
4200 0.00317293 
4201 0.00317292 
4202 0.00317291 
4203 0.00317287 
4204 0.00317286 
4205 0.00317262 
4206 0.00317261 
4207 0.0031726 
4208 0.00317254 
4209 0.00317253 
4210 0.00317251 
4211 0.00317248 
4212 0.00317247 
4213 0.00317145 
4214 0.00317144 
4215 0.00317142 
4216 0.0031714 
4217 0.00317132 
4218 0.00317131 
4219 0.0031713 
4220 0.00317083 
4221 0.00317083 
4222 0.00317082 
4223 0.00317081 
4224 0.00317076 
4225 0.00317075 
4226 0.00317069 
4227 0.00317069 
4228 0.00317066 
4229 0.00317064 
4230 0.00317058 
4231 0.00317057 
4232 0.00317054 
4233 0.00317053 
4234 0.00317018 
4235 0.00317018 
4236 0.00317017 
4237 0.00317014 
4238 0.00317013 
4239 0.00316923 
4240 0.00316923 
4241 0.00316922 
4242 0.00316922 
4243 0.00316919 
4244 0.00316917 
4245 0.00316902 
4246 0.00316901 
4247 0.003169 
4248 0.00316816 
4249 0.00316816 
4250 0.00316815 
4251 0.00316815 
4252 0.00316812 
4253 0.00316811 
4254 0.00316807 
4255 0.00316806 
4256 0.00316705 
4257 0.00316704 
4258 0.003167 
4259 0.00316699 
4260 0.00316693 
4261 0.00316692 
4262 0.00316688 
4263 0.00316687 
4264 0.00316683 
4265 0.00316682 
4266 0.00316569 
4267 0.00316549 
4268 0.00316548 
4269 0.00316547 
4270 0.00316543 
4271 0.00316542 
4272 0.00316539 
4273 0.00316538 
4274 0.00316468 
4275 0.00316467 
4276 0.00316467 
4277 0.00316466 
4278 0.00316436 
4279 0.00316436 
4280 0.00316432 
4281 0.00316429 
4282 0.00316427 
4283 0.00316424 
4284 0.00316423 
4285 0.0031638 
4286 0.00316379 
4287 0.00316377 
4288 0.00316375 
4289 0.00316369 
4290 0.00316369 
4291 0.00316365 
4292 0.00316364 
4293 0.00316347 
4294 0.00316347 
4295 0.00316346 
4296 0.00316329 
4297 0.00316329 
4298 0.00316328 
4299 0.00316326 
4300 0.00316323 
4301 0.00316322 
4302 0.00316205 
4303 0.00316204 
4304 0.00316202 
4305 0.003162 
4306 0.00316197 
4307 0.00316196 
4308 0.00316112 
4309 0.00316111 
4310 0.00316111 
4311 0.0031611 
4312 0.00316107 
4313 0.00316106 
4314 0.00316079 
4315 0.00316079 
4316 0.00316078 
4317 0.00316074 
4318 0.00316073 
4319 0.00316066 
4320 0.00316065 
4321 0.00316063 
4322 0.00316061 
4323 0.00316059 
4324 0.00316057 
4325 0.00316003 
4326 0.00316003 
4327 0.00316003 
4328 0.00316002 
4329 0.00315998 
4330 0.00315997 
4331 0.00315886 
4332 0.00315885 
4333 0.00315884 
4334 0.00315868 
4335 0.00315867 
4336 0.00315867 
4337 0.00315865 
4338 0.00315863 
4339 0.00315861 
4340 0.00315859 
4341 0.00315856 
4342 0.00315855 
4343 0.00315849 
4344 0.00315848 
4345 0.00315845 
4346 0.00315844 
4347 0.00315763 
4348 0.00315762 
4349 0.00315762 
4350 0.00315761 
4351 0.00315758 
4352 0.00315757 
4353 0.00315751 
4354 0.0031575 
4355 0.00315747 
4356 0.00315746 
4357 0.00315695 
4358 0.00315695 
4359 0.00315694 
4360 0.00315693 
4361 0.0031569 
4362 0.00315689 
4363 0.00315615 
4364 0.00315615 
4365 0.00315614 
4366 0.00315603 
4367 0.00315603 
4368 0.00315602 
4369 0.00315594 
4370 0.00315594 
4371 0.00315592 
4372 0.0031559 
4373 0.00315588 
4374 0.00315586 
4375 0.00315584 
4376 0.00315582 
4377 0.0031558 
4378 0.00315578 
4379 0.00315576 
4380 0.00315575 
4381 0.00315572 
4382 0.00315571 
4383 0.00315465 
4384 0.00315465 
4385 0.00315464 
4386 0.00315463 
4387 0.00315407 
4388 0.00315406 
4389 0.00315406 
4390 0.00315405 
4391 0.00315402 
4392 0.00315401 
4393 0.00315392 
4394 0.00315391 
4395 0.0031539 
4396 0.00315383 
4397 0.00315382 
4398 0.0031538 
4399 0.00315378 
4400 0.00315376 
4401 0.00315375 
4402 0.00315269 
4403 0.00315268 
4404 0.00315268 
4405 0.00315266 
4406 0.0031526 
4407 0.0031526 
4408 0.00315258 
4409 0.00315253 
4410 0.00315253 
4411 0.0031525 
4412 0.00315249 
4413 0.00315247 
4414 0.00315245 
4415 0.00315243 
4416 0.00315237 
4417 0.00315237 
4418 0.00315235 
4419 0.00315228 
4420 0.00315228 
4421 0.00315227 
4422 0.00315209 
4423 0.00315209 
4424 0.00315208 
4425 0.00315207 
4426 0.00315204 
4427 0.00315203 
4428 0.00315168 
4429 0.00315168 
4430 0.00315167 
4431 0.00315165 
4432 0.00315164 
4433 0.00315148 
4434 0.00315147 
4435 0.00315147 
4436 0.00315145 
4437 0.00315143 
4438 0.00315142 
4439 0.00315138 
4440 0.00315137 
4441 0.00315131 
4442 0.0031513 
4443 0.00315128 
4444 0.00315127 
4445 0.00315062 
4446 0.00315061 
4447 0.00315061 
4448 0.0031506 
4449 0.00315058 
4450 0.00315057 
4451 0.00315052 
4452 0.00315051 
4453 0.00315046 
4454 0.00315045 
4455 0.00315044 
4456 0.00315041 
4457 0.0031504 
4458 0.00315033 
4459 0.00315032 
4460 0.00315031 
4461 0.00314987 
4462 0.00314987 
4463 0.00314986 
4464 0.00314986 
4465 0.00314982 
4466 0.00314981 
4467 0.00314958 
4468 0.00314957 
4469 0.00314957 
4470 0.00314956 
4471 0.00314902 
4472 0.00314901 
4473 0.00314901 
4474 0.003149 
4475 0.00314898 
4476 0.00314896 
4477 0.00314885 
4478 0.00314885 
4479 0.00314884 
4480 0.00314849 
4481 0.00314848 
4482 0.00314848 
4483 0.00314845 
4484 0.00314844 
4485 0.00314833 
4486 0.00314832 
4487 0.00314832 
4488 0.00314828 
4489 0.00314827 
4490 0.00314816 
4491 0.00314815 
4492 0.00314815 
4493 0.00314809 
4494 0.00314809 
4495 0.00314805 
4496 0.00314805 
4497 0.00314794 
4498 0.00314794 
4499 0.00314793 
4500 0.00314767 
4501 0.00314766 
4502 0.00314766 
4503 0.00314763 
4504 0.00314762 
4505 0.00314734 
4506 0.00314734 
4507 0.00314733 
4508 0.00314731 
4509 0.0031473 
4510 0.00314629 
4511 0.00314624 
4512 0.00314624 
4513 0.00314598 
4514 0.00314597 
4515 0.00314596 
4516 0.00314582 
4517 0.00314581 
4518 0.00314581 
4519 0.00314552 
4520 0.00314552 
4521 0.00314551 
4522 0.00314549 
4523 0.00314541 
4524 0.0031454 
4525 0.00314536 
4526 0.00314532 
4527 0.00314529 
4528 0.00314528 
4529 0.00314527 
4530 0.00314518 
4531 0.00314518 
4532 0.00314516 
4533 0.00314514 
4534 0.00314513 
4535 0.00314483 
4536 0.00314482 
4537 0.00314482 
4538 0.0031448 
4539 0.00314479 
4540 0.0031445 
4541 0.0031445 
4542 0.00314449 
4543 0.00314448 
4544 0.00314434 
4545 0.00314434 
4546 0.00314433 
4547 0.00314404 
4548 0.00314404 
4549 0.00314402 
4550 0.00314353 
4551 0.00314352 
4552 0.00314351 
4553 0.00314347 
4554 0.00314346 
4555 0.00314332 
4556 0.00314331 
4557 0.00314328 
4558 0.00314326 
4559 0.00314323 
4560 0.00314322 
4561 0.00314316 
4562 0.00314316 
4563 0.00314315 
4564 0.00314308 
4565 0.00314307 
4566 0.00314306 
4567 0.00314266 
4568 0.00314266 
4569 0.00314265 
4570 0.00314265 
4571 0.0031426 
4572 0.00314259 
4573 0.00314255 
4574 0.00314255 
4575 0.00314252 
4576 0.00314251 
4577 0.00314177 
4578 0.00314176 
4579 0.0031417 
4580 0.0031417 
4581 0.00314164 
4582 0.00314162 
4583 0.0031416 
4584 0.00314159 
4585 0.00314148 
4586 0.00314147 
4587 0.00314147 
4588 0.00314143 
4589 0.00314142 
4590 0.00314123 
4591 0.00314122 
4592 0.00314122 
4593 0.00314121 
4594 0.00314105 
4595 0.00314105 
4596 0.00314104 
4597 0.00314103 
4598 0.003141 
4599 0.00314099 
4600 0.00314052 
4601 0.00314052 
4602 0.00314051 
4603 0.00314049 
4604 0.00314048 
4605 0.00313992 
4606 0.00313992 
4607 0.00313992 
4608 0.00313991 
4609 0.00313988 
4610 0.00313987 
4611 0.00313952 
4612 0.00313952 
4613 0.00313951 
4614 0.0031395 
4615 0.00313946 
4616 0.00313945 
4617 0.00313943 
4618 0.00313942 
4619 0.00313936 
4620 0.00313935 
4621 0.00313934 
4622 0.00313932 
4623 0.00313924 
4624 0.00313924 
4625 0.00313923 
4626 0.00313904 
4627 0.00313904 
4628 0.00313903 
4629 0.00313899 
4630 0.00313898 
4631 0.00313896 
4632 0.00313895 
4633 0.00313893 
4634 0.00313886 
4635 0.00313885 
4636 0.00313885 
4637 0.00313826 
4638 0.00313825 
4639 0.00313825 
4640 0.0031382 
4641 0.00313819 
4642 0.00313818 
4643 0.00313816 
4644 0.00313815 
4645 0.0031373 
4646 0.00313729 
4647 0.00313725 
4648 0.00313724 
4649 0.0031372 
4650 0.00313719 
4651 0.00313717 
4652 0.00313716 
4653 0.00313714 
4654 0.00313713 
4655 0.00313708 
4656 0.00313707 
4657 0.00313705 
4658 0.00313704 
4659 0.00313639 
4660 0.00313638 
4661 0.00313637 
4662 0.00313594 
4663 0.00313593 
4664 0.00313593 
4665 0.00313592 
4666 0.0031359 
4667 0.00313589 
4668 0.00313557 
4669 0.00313556 
4670 0.00313556 
4671 0.00313554 
4672 0.00313553 
4673 0.00313545 
4674 0.00313545 
4675 0.00313544 
4676 0.00313502 
4677 0.00313501 
4678 0.00313501 
4679 0.00313499 
4680 0.00313498 
4681 0.00313488 
4682 0.00313488 
4683 0.00313487 
4684 0.00313483 
4685 0.00313482 
4686 0.00313478 
4687 0.00313478 
4688 0.00313476 
4689 0.00313475 
4690 0.00313467 
4691 0.00313467 
4692 0.00313466 
4693 0.00313462 
4694 0.00313462 
4695 0.00313439 
4696 0.00313438 
4697 0.00313438 
4698 0.00313437 
4699 0.00313375 
4700 0.00313374 
4701 0.00313374 
4702 0.00313348 
4703 0.00313347 
4704 0.00313347 
4705 0.00313346 
4706 0.00313331 
4707 0.0031333 
4708 0.0031333 
4709 0.00313323 
4710 0.00313322 
4711 0.00313321 
4712 0.00313298 
4713 0.00313297 
4714 0.00313297 
4715 0.00313291 
4716 0.00313291 
4717 0.00313288 
4718 0.00313285 
4719 0.00313284 
4720 0.00313281 
4721 0.0031328 
4722 0.00313277 
4723 0.00313276 
4724 0.0031326 
4725 0.0031326 
4726 0.00313259 
4727 0.00313258 
4728 0.00313255 
4729 0.00313254 
4730 0.0031325 
4731 0.00313249 
4732 0.00313246 
4733 0.00313245 
4734 0.00313243 
4735 0.00313242 
4736 0.00313229 
4737 0.00313228 
4738 0.00313228 
4739 0.00313213 
4740 0.00313213 
4741 0.00313213 
4742 0.00313211 
4743 0.00313208 
4744 0.00313208 
4745 0.00313203 
4746 0.00313202 
4747 0.003132 
4748 0.00313199 
4749 0.00313146 
4750 0.00313145 
4751 0.00313145 
4752 0.00313141 
4753 0.00313141 
4754 0.00313139 
4755 0.00313138 
4756 0.00313132 
4757 0.00313132 
4758 0.0031313 
4759 0.00313129 
4760 0.00313113 
4761 0.00313113 
4762 0.00313112 
4763 0.00313111 
4764 0.00313106 
4765 0.00313106 
4766 0.00313105 
4767 0.00313098 
4768 0.00313098 
4769 0.00313097 
4770 0.00313009 
4771 0.00313009 
4772 0.00313008 
4773 0.00312923 
4774 0.00312923 
4775 0.00312922 
4776 0.00312921 
4777 0.00312908 
4778 0.00312907 
4779 0.00312907 
4780 0.00312905 
4781 0.00312904 
4782 0.00312876 
4783 0.00312875 
4784 0.00312867 
4785 0.00312867 
4786 0.00312864 
4787 0.00312863 
4788 0.0031286 
4789 0.00312859 
4790 0.00312849 
4791 0.00312848 
4792 0.00312842 
4793 0.0031284 
4794 0.00312837 
4795 0.00312836 
4796 0.00312834 
4797 0.0031283 
4798 0.0031283 
4799 0.00312829 
4800 0.00312813 
4801 0.00312813 
4802 0.00312812 
4803 0.00312811 
4804 0.00312802 
4805 0.00312802 
4806 0.00312801 
4807 0.003128 
4808 0.00312788 
4809 0.00312788 
4810 0.00312788 
4811 0.00312787 
4812 0.00312774 
4813 0.00312773 
4814 0.00312773 
4815 0.00312772 
4816 0.00312759 
4817 0.00312759 
4818 0.00312757 
4819 0.00312757 
4820 0.00312748 
4821 0.00312747 
4822 0.00312745 
4823 0.00312744 
4824 0.0031274 
4825 0.00312739 
4826 0.00312699 
4827 0.00312699 
4828 0.00312698 
4829 0.00312696 
4830 0.00312693 
4831 0.00312692 
4832 0.0031269 
4833 0.00312689 
4834 0.00312687 
4835 0.00312686 
4836 0.00312685 
4837 0.00312668 
4838 0.00312667 
4839 0.00312667 
4840 0.00312666 
4841 0.00312664 
4842 0.00312663 
4843 0.00312662 
4844 0.00312659 
4845 0.00312659 
4846 0.00312657 
4847 0.00312656 
4848 0.00312654 
4849 0.00312653 
4850 0.00312652 
4851 0.00312634 
4852 0.00312633 
4853 0.00312633 
4854 0.00312632 
4855 0.00312631 
4856 0.00312629 
4857 0.00312628 
4858 0.00312613 
4859 0.00312612 
4860 0.0031261 
4861 0.0031261 
4862 0.00312605 
4863 0.00312604 
4864 0.0031259 
4865 0.00312589 
4866 0.00312589 
4867 0.00312588 
4868 0.00312586 
4869 0.00312585 
4870 0.00312583 
4871 0.00312582 
4872 0.0031258 
4873 0.00312579 
4874 0.00312578 
4875 0.00312537 
4876 0.00312536 
4877 0.00312536 
4878 0.00312536 
4879 0.00312535 
4880 0.00312533 
4881 0.00312532 
4882 0.0031253 
4883 0.00312529 
4884 0.00312527 
4885 0.00312525 
4886 0.00312524 
4887 0.00312522 
4888 0.00312521 
4889 0.00312518 
4890 0.00312518 
4891 0.00312515 
4892 0.00312514 
4893 0.0031251 
4894 0.00312509 
4895 0.00312444 
4896 0.00312444 
4897 0.00312443 
4898 0.00312443 
4899 0.00312442 
4900 0.00312419 
4901 0.00312418 
4902 0.00312416 
4903 0.00312415 
4904 0.00312412 
4905 0.00312411 
4906 0.00312409 
4907 0.00312408 
4908 0.00312407 
4909 0.00312379 
4910 0.00312379 
4911 0.00312378 
4912 0.00312378 
4913 0.00312377 
4914 0.00312374 
4915 0.00312373 
4916 0.0031237 
4917 0.00312369 
4918 0.00312363 
4919 0.00312362 
4920 0.00312329 
4921 0.00312329 
4922 0.00312328 
4923 0.00312328 
4924 0.00312327 
4925 0.00312326 
4926 0.00312324 
4927 0.00312323 
4928 0.00312321 
4929 0.0031232 
4930 0.00312319 
4931 0.00312313 
4932 0.00312312 
4933 0.00312312 
4934 0.00312311 
4935 0.00312305 
4936 0.00312305 
4937 0.00312304 
4938 0.00312303 
4939 0.003123 
4940 0.003123 
4941 0.00312298 
4942 0.00312297 
4943 0.00312296 
4944 0.00312226 
4945 0.00312226 
4946 0.00312225 
4947 0.00312225 
4948 0.00312224 
4949 0.00312224 
4950 0.00312151 
4951 0.0031215 
4952 0.0031215 
4953 0.00312149 
4954 0.00312149 
4955 0.00312148 
4956 0.00312115 
4957 0.00312114 
4958 0.00312047 
4959 0.00312047 
4960 0.00312046 
4961 0.00312046 
4962 0.00312045 
4963 0.00312044 
4964 0.00312042 
4965 0.00312042 
4966 0.00312022 
4967 0.00312021 
4968 0.0031202 
4969 0.00312014 
4970 0.00312013 
4971 0.00312007 
4972 0.00312007 
4973 0.00311998 
4974 0.00311997 
4975 0.00311989 
4976 0.00311989 
4977 0.00311981 
4978 0.00311981 
4979 0.00311976 
4980 0.00311975 
4981 0.00311972 
4982 0.00311971 
4983 0.00311969 
4984 0.00311965 
4985 0.00311964 
4986 0.00311964 
4987 0.00311962 
4988 0.0031196 
4989 0.00311959 
4990 0.00311958 
4991 0.0031194 
4992 0.0031194 
4993 0.00311939 
4994 0.00311939 
4995 0.00311938 
4996 0.00311932 
4997 0.00311931 
4998 0.00311925 
4999 0.00311924 
5000 0.00311917 
