1 18.345036 
2 18.344999 
3 18.333423 
4 18.33341 
5 17.859187 
6 18.039294 
7 17.99961 
8 17.901949 
9 17.903861 
10 17.903842 
11 17.90381 
12 17.903806 
13 17.862255 
14 17.598438 
15 17.79727 
16 17.746085 
17 17.7281 
18 17.732618 
19 17.732613 
20 17.730748 
21 17.724764 
22 17.727712 
23 17.726886 
24 17.726866 
25 17.726215 
26 17.639736 
27 17.703263 
28 17.697566 
29 17.690673 
30 17.690648 
31 17.677095 
32 17.677037 
33 17.667996 
34 17.661503 
35 17.654204 
36 17.398677 
37 17.496403 
38 17.481709 
39 17.462321 
40 17.464099 
41 17.464094 
42 17.463274 
43 17.462902 
44 17.462224 
45 17.459143 
46 17.459135 
47 17.458444 
48 17.454619 
49 17.4546 
50 17.445574 
51 17.413843 
52 17.427455 
53 17.42322 
54 17.423198 
55 17.42291 
56 17.420704 
57 17.419166 
58 17.418131 
59 17.407637 
60 17.417228 
61 17.413694 
62 17.412984 
63 17.41298 
64 17.412887 
65 17.412789 
66 17.412659 
67 17.412593 
68 17.411116 
69 17.403351 
70 17.409412 
71 17.406701 
72 17.406297 
73 17.40569 
74 17.405263 
75 17.404649 
76 17.402732 
77 17.329773 
78 17.372865 
79 17.372855 
80 17.36577 
81 17.361623 
82 17.361521 
83 17.355448 
84 17.352315 
85 17.351503 
86 17.348143 
87 17.346845 
88 17.33307 
89 17.34365 
90 17.341016 
91 17.339382 
92 17.339374 
93 17.339051 
94 17.338957 
95 17.338952 
96 17.33841 
97 17.335808 
98 17.335254 
99 17.288604 
100 17.332036 
101 17.327836 
102 17.327827 
103 17.32183 
104 17.321812 
105 17.316452 
106 17.313871 
107 17.313703 
108 17.310952 
109 17.307686 
110 17.306935 
111 17.298729 
112 17.276706 
113 17.284301 
114 17.286359 
115 17.286355 
116 17.286073 
117 17.285655 
118 17.28525 
119 17.285165 
120 17.285003 
121 17.283844 
122 17.283836 
123 17.281546 
124 17.281497 
125 17.279923 
126 17.275307 
127 17.107502 
128 17.184208 
129 17.177868 
130 17.167024 
131 17.166507 
132 17.156099 
133 17.14925 
134 17.148933 
135 17.147525 
136 17.140952 
137 17.138842 
138 17.132883 
139 17.108418 
140 17.11482 
141 17.112505 
142 17.112501 
143 17.112388 
144 17.112228 
145 17.112093 
146 17.11145 
147 17.111107 
148 17.110915 
149 17.11076 
150 17.110733 
151 17.110688 
152 17.105127 
153 17.108498 
154 17.108333 
155 17.108096 
156 17.108092 
157 17.107354 
158 17.107192 
159 17.106795 
160 17.10667 
161 17.106521 
162 17.106354 
163 17.106036 
164 17.105534 
165 17.105461 
166 17.104119 
167 17.008507 
168 17.073541 
169 17.069249 
170 17.064888 
171 17.05934 
172 17.057231 
173 17.052197 
174 17.050292 
175 17.047446 
176 17.045603 
177 17.043747 
178 17.021333 
179 17.03829 
180 17.038242 
181 17.038237 
182 17.033642 
183 17.033633 
184 17.031895 
185 17.031215 
186 17.030091 
187 17.02907 
188 17.028902 
189 17.028074 
190 17.027109 
191 17.026537 
192 17.022755 
193 17.02519 
194 17.02432 
195 17.024245 
196 17.024174 
197 17.024083 
198 17.024009 
199 17.02393 
200 17.023788 
201 17.023709 
202 17.023659 
203 17.02333 
204 17.023093 
205 17.01757 
206 17.021554 
207 17.020904 
208 17.020896 
209 17.01987 
210 17.01947 
211 17.019154 
212 17.018814 
213 17.018391 
214 17.018094 
215 17.017696 
216 17.016897 
217 17.001527 
218 17.003756 
219 17.003105 
220 17.00303 
221 17.002941 
222 17.0029 
223 17.002804 
224 17.002787 
225 17.002763 
226 17.002642 
227 17.002575 
228 17.002455 
229 17.002411 
230 17.002159 
231 17.000628 
232 16.911516 
233 16.951335 
234 16.948223 
235 16.934132 
236 16.94226 
237 16.942255 
238 16.936808 
239 16.940626 
240 16.940621 
241 16.940078 
242 16.93934 
243 16.939158 
244 16.938841 
245 16.938011 
246 16.937847 
247 16.937791 
248 16.936601 
249 16.93611 
250 16.934404 
251 16.933966 
252 16.931585 
253 16.927561 
254 16.926227 
255 16.924686 
256 16.914738 
257 16.91739 
258 16.916956 
259 16.916341 
260 16.915845 
261 16.914971 
262 16.912869 
263 16.780466 
264 16.828089 
265 16.849848 
266 16.841576 
267 16.846112 
268 16.845228 
269 16.845174 
270 16.844957 
271 16.843681 
272 16.842456 
273 16.839642 
274 16.838871 
275 16.838145 
276 16.831706 
277 16.833208 
278 16.832619 
279 16.832025 
280 16.83132 
281 16.830773 
282 16.826586 
283 16.822929 
284 16.817274 
285 16.810378 
286 16.80707 
287 16.805846 
288 16.800994 
289 16.79988 
290 16.785906 
291 16.790483 
292 16.789729 
293 16.788694 
294 16.78793 
295 16.78729 
296 16.785301 
297 16.753899 
298 16.763776 
299 16.769669 
300 16.77022 
301 16.768286 
302 16.767428 
303 16.766713 
304 16.765449 
305 16.764763 
306 16.764048 
307 16.763304 
308 16.762632 
309 16.762192 
310 16.761742 
311 16.759947 
312 16.757499 
313 16.755427 
314 16.754718 
315 16.743548 
316 16.751136 
317 16.751131 
318 16.74893 
319 16.748556 
320 16.74777 
321 16.74734 
322 16.746983 
323 16.746461 
324 16.746244 
325 16.746087 
326 16.745965 
327 16.745882 
328 16.745495 
329 16.743513 
330 16.741109 
331 16.723342 
332 16.732144 
333 16.7285 
334 16.728493 
335 16.728122 
336 16.727896 
337 16.727727 
338 16.727587 
339 16.727509 
340 16.727083 
341 16.726976 
342 16.726844 
343 16.726803 
344 16.726607 
345 16.726537 
346 16.726523 
347 16.726455 
348 16.726419 
349 16.726349 
350 16.726229 
351 16.726208 
352 16.726187 
353 16.726151 
354 16.726025 
355 16.725909 
356 16.725875 
357 16.725806 
358 16.725722 
359 16.725687 
360 16.72566 
361 16.725197 
362 16.725192 
363 16.725164 
364 16.72511 
365 16.72495 
366 16.724266 
367 16.72208 
368 16.719457 
369 16.719409 
370 16.718747 
371 16.705502 
372 16.707618 
373 16.707418 
374 16.706603 
375 16.70651 
376 16.706396 
377 16.706373 
378 16.706333 
379 16.706244 
380 16.706189 
381 16.706121 
382 16.706018 
383 16.705919 
384 16.705803 
385 16.705161 
386 16.692666 
387 16.699613 
388 16.696693 
389 16.696683 
390 16.696175 
391 16.695914 
392 16.695513 
393 16.695311 
394 16.695118 
395 16.694871 
396 16.694692 
397 16.69438 
398 16.694243 
399 16.694185 
400 16.694108 
401 16.693761 
402 16.693562 
403 16.693225 
404 16.693099 
405 16.693066 
406 16.693001 
407 16.692796 
408 16.691894 
409 16.686992 
410 16.686878 
411 16.685713 
412 16.674079 
413 16.6794 
414 16.677125 
415 16.676358 
416 16.676323 
417 16.676015 
418 16.675899 
419 16.675627 
420 16.675308 
421 16.675265 
422 16.675174 
423 16.675091 
424 16.675034 
425 16.674983 
426 16.674839 
427 16.674792 
428 16.674703 
429 16.674608 
430 16.674562 
431 16.674486 
432 16.674464 
433 16.659524 
434 16.662618 
435 16.662101 
436 16.661086 
437 16.660619 
438 16.660327 
439 16.660096 
440 16.65977 
441 16.659679 
442 16.659597 
443 16.658028 
444 16.657255 
445 16.650693 
446 16.653719 
447 16.653388 
448 16.653351 
449 16.653171 
450 16.652816 
451 16.65254 
452 16.652412 
453 16.652297 
454 16.652166 
455 16.652035 
456 16.65194 
457 16.651868 
458 16.651818 
459 16.651789 
460 16.651733 
461 16.651613 
462 16.651565 
463 16.651528 
464 16.651435 
465 16.647495 
466 16.64892 
467 16.648913 
468 16.648866 
469 16.648832 
470 16.648799 
471 16.648318 
472 16.648173 
473 16.648114 
474 16.648084 
475 16.648052 
476 16.647982 
477 16.647954 
478 16.647917 
479 16.644855 
480 16.642124 
481 16.643325 
482 16.643032 
483 16.642805 
484 16.642644 
485 16.642475 
486 16.642418 
487 16.640381 
488 16.639656 
489 16.636762 
490 16.631416 
491 16.634623 
492 16.634079 
493 16.633784 
494 16.633745 
495 16.633729 
496 16.633582 
497 16.633493 
498 16.633392 
499 16.633293 
500 16.633209 
501 16.633142 
502 16.6331 
503 16.633062 
504 16.633003 
505 16.632955 
506 16.632917 
507 16.632884 
508 16.632863 
509 16.632817 
510 16.632755 
511 16.63273 
512 16.632653 
513 16.632623 
514 16.632552 
515 16.632539 
516 16.632407 
517 16.632385 
518 16.631413 
519 16.629106 
520 16.628147 
521 16.62956 
522 16.629554 
523 16.629504 
524 16.629354 
525 16.629174 
526 16.629059 
527 16.629031 
528 16.628998 
529 16.628952 
530 16.628928 
531 16.628903 
532 16.628874 
533 16.628859 
534 16.628847 
535 16.628812 
536 16.628783 
537 16.628749 
538 16.628714 
539 16.6287 
540 16.628693 
541 16.628678 
542 16.62763 
543 16.626795 
544 16.626191 
545 16.624206 
546 16.626076 
547 16.625303 
548 16.625121 
549 16.624978 
550 16.624885 
551 16.624829 
552 16.624685 
553 16.624631 
554 16.62411 
555 16.623731 
556 16.620914 
557 16.620782 
558 16.620718 
559 16.620435 
560 16.620017 
561 16.619765 
562 16.618576 
563 16.620346 
564 16.62033 
565 16.620099 
566 16.620084 
567 16.620006 
568 16.61995 
569 16.619866 
570 16.619834 
571 16.619759 
572 16.619734 
573 16.619625 
574 16.619598 
575 16.619551 
576 16.619527 
577 16.619508 
578 16.61948 
579 16.619459 
580 16.61945 
581 16.619423 
582 16.619417 
583 16.619401 
584 16.619393 
585 16.619377 
586 16.619359 
587 16.619311 
588 16.619305 
589 16.619297 
590 16.619289 
591 16.619258 
592 16.619075 
593 16.618825 
594 16.61854 
595 16.618533 
596 16.618257 
597 16.618157 
598 16.617348 
599 16.617327 
600 16.617177 
601 16.61715 
602 16.614716 
603 16.61429 
604 16.614211 
605 16.614142 
606 16.614107 
607 16.613899 
608 16.61371 
609 16.613484 
610 16.613337 
611 16.612667 
612 16.612627 
613 16.61242 
614 16.61223 
615 16.612083 
616 16.61177 
617 16.611638 
618 16.61306 
619 16.612794 
620 16.612646 
621 16.612492 
622 16.612439 
623 16.612371 
624 16.612322 
625 16.612304 
626 16.612289 
627 16.612268 
628 16.612229 
629 16.610407 
630 16.610103 
631 16.609915 
632 16.609848 
633 16.609713 
634 16.609613 
635 16.609469 
636 16.609356 
637 16.609299 
638 16.608713 
639 16.608109 
640 16.608014 
641 16.607923 
642 16.607763 
643 16.60765 
644 16.607567 
645 16.607264 
646 16.60715 
647 16.60708 
648 16.608516 
649 16.608445 
650 16.608271 
651 16.608209 
652 16.608159 
653 16.608065 
654 16.608011 
655 16.607992 
656 16.60794 
657 16.607887 
658 16.607844 
659 16.60782 
660 16.607806 
661 16.607768 
662 16.607759 
663 16.607718 
664 16.607714 
665 16.607706 
666 16.607698 
667 16.607692 
668 16.607687 
669 16.607651 
670 16.607648 
671 16.607639 
672 16.607635 
673 16.607617 
674 16.607252 
675 16.607242 
676 16.607239 
677 16.607237 
678 16.607236 
679 16.607095 
680 16.607026 
681 16.606522 
682 16.606496 
683 16.606436 
684 16.606382 
685 16.605982 
686 16.605952 
687 16.6058 
688 16.605705 
689 16.605401 
690 16.605281 
691 16.605169 
692 16.605068 
693 16.604973 
694 16.604884 
695 16.604808 
696 16.604716 
697 16.604657 
698 16.604463 
699 16.604417 
700 16.604373 
701 16.604167 
702 16.604127 
703 16.604086 
704 16.603916 
705 16.603876 
706 16.603827 
707 16.603774 
708 16.603721 
709 16.603679 
710 16.603572 
711 16.603538 
712 16.603487 
713 16.603438 
714 16.603395 
715 16.603318 
716 16.603288 
717 16.603104 
718 16.603066 
719 16.60303 
720 16.602892 
721 16.603411 
722 16.603198 
723 16.603139 
724 16.603089 
725 16.60306 
726 16.603016 
727 16.602971 
728 16.602926 
729 16.602888 
730 16.602822 
731 16.602795 
732 16.602533 
733 16.602488 
734 16.602461 
735 16.602343 
736 16.602312 
737 16.602285 
738 16.6016 
739 16.601371 
740 16.601262 
741 16.601132 
742 16.601081 
743 16.602688 
744 16.602649 
745 16.602489 
746 16.602381 
747 16.602337 
748 16.602257 
749 16.602201 
750 16.60213 
751 16.602086 
752 16.60205 
753 16.602028 
754 16.601991 
755 16.601955 
756 16.601907 
757 16.601862 
758 16.601841 
759 16.601824 
760 16.601816 
761 16.601811 
762 16.601797 
763 16.601771 
764 16.601763 
765 16.601731 
766 16.601727 
767 16.60172 
768 16.601707 
769 16.601685 
770 16.601627 
771 16.601626 
772 16.601605 
773 16.60135 
774 16.601337 
775 16.601329 
776 16.601324 
777 16.601279 
778 16.601257 
779 16.601237 
780 16.600976 
781 16.600968 
782 16.600963 
783 16.600925 
784 16.600899 
785 16.600871 
786 16.60075 
787 16.600743 
788 16.600715 
789 16.600684 
790 16.600626 
791 16.600611 
792 16.600555 
793 16.60054 
794 16.600487 
795 16.600472 
796 16.600426 
797 16.600411 
798 16.600299 
799 16.600292 
800 16.600272 
801 16.600257 
802 16.60016 
803 16.600152 
804 16.600133 
805 16.600116 
806 16.599852 
807 16.599835 
808 16.599726 
809 16.59968 
810 16.59964 
811 16.599627 
812 16.599538 
813 16.59952 
814 16.599503 
815 16.599409 
816 16.599386 
817 16.599367 
818 16.599321 
819 16.599307 
820 16.599266 
821 16.599253 
822 16.599219 
823 16.599205 
824 16.598907 
825 16.598853 
826 16.598796 
827 16.59877 
828 16.598754 
829 16.598725 
830 16.598707 
831 16.598685 
832 16.59867 
833 16.598626 
834 16.598614 
835 16.598589 
836 16.598577 
837 16.598441 
838 16.598386 
839 16.598338 
840 16.598325 
841 16.598311 
842 16.598274 
843 16.598264 
844 16.598242 
845 16.598229 
846 16.598136 
847 16.598117 
848 16.5981 
849 16.598088 
850 16.597767 
851 16.59746 
852 16.597427 
853 16.597314 
854 16.59727 
855 16.597249 
856 16.597229 
857 16.597213 
858 16.5972 
859 16.597181 
860 16.597172 
861 16.596882 
862 16.596789 
863 16.596764 
864 16.596667 
865 16.596633 
866 16.596619 
867 16.596605 
868 16.59658 
869 16.596571 
870 16.596506 
871 16.596492 
872 16.596483 
873 16.596399 
874 16.59638 
875 16.596371 
876 16.596358 
877 16.596345 
878 16.596332 
879 16.596319 
880 16.596308 
881 16.596286 
882 16.596277 
883 16.596237 
884 16.596227 
885 16.596217 
886 16.596182 
887 16.596172 
888 16.59616 
889 16.596146 
890 16.596136 
891 16.596112 
892 16.596103 
893 16.596055 
894 16.596042 
895 16.596034 
896 16.595806 
897 16.595785 
898 16.595772 
899 16.595762 
900 16.595735 
901 16.595725 
902 16.595704 
903 16.595695 
904 16.595622 
905 16.595603 
906 16.595595 
907 16.597195 
908 16.596948 
909 16.596902 
910 16.596681 
911 16.596543 
912 16.596523 
913 16.596497 
914 16.596434 
915 16.59641 
916 16.596364 
917 16.596346 
918 16.596327 
919 16.596312 
920 16.596298 
921 16.596272 
922 16.59626 
923 16.596246 
924 16.596236 
925 16.59622 
926 16.596214 
927 16.596206 
928 16.596198 
929 16.596196 
930 16.596182 
931 16.596179 
932 16.596176 
933 16.596175 
934 16.596173 
935 16.59613 
936 16.596128 
937 16.59612 
938 16.596113 
939 16.596089 
940 16.596082 
941 16.596041 
942 16.596038 
943 16.596029 
944 16.596008 
945 16.595997 
946 16.595958 
947 16.59595 
948 16.595943 
949 16.595774 
950 16.595747 
951 16.595741 
952 16.595706 
953 16.595691 
954 16.595681 
955 16.595646 
956 16.595624 
957 16.595584 
958 16.595531 
959 16.595518 
960 16.595509 
961 16.595496 
962 16.595489 
963 16.59544 
964 16.595427 
965 16.59542 
966 16.595387 
967 16.595378 
968 16.59537 
969 16.595316 
970 16.595303 
971 16.595296 
972 16.59528 
973 16.595274 
974 16.595225 
975 16.595217 
976 16.59521 
977 16.595044 
978 16.595029 
979 16.595012 
980 16.595005 
981 16.594963 
982 16.594952 
983 16.594943 
984 16.594927 
985 16.59492 
986 16.594729 
987 16.594637 
988 16.594617 
989 16.594612 
990 16.594594 
991 16.594577 
992 16.594566 
993 16.594559 
994 16.594506 
995 16.59449 
996 16.594482 
997 16.594478 
998 16.594474 
999 16.594438 
1000 16.594434 
1001 16.59443 
1002 16.594426 
1003 16.594403 
1004 16.594399 
1005 16.594395 
1006 16.594316 
1007 16.594268 
1008 16.594259 
1009 16.594227 
1010 16.594213 
1011 16.594202 
1012 16.594186 
1013 16.594178 
1014 16.594162 
1015 16.594153 
1016 16.594118 
1017 16.594109 
1018 16.594105 
1019 16.594062 
1020 16.594042 
1021 16.594033 
1022 16.594027 
1023 16.594013 
1024 16.594006 
1025 16.593994 
1026 16.59399 
1027 16.59398 
1028 16.593976 
1029 16.593954 
1030 16.593949 
1031 16.593945 
1032 16.593891 
1033 16.59388 
1034 16.593875 
1035 16.593837 
1036 16.593808 
1037 16.593802 
1038 16.593798 
1039 16.59378 
1040 16.593776 
1041 16.593773 
1042 16.593677 
1043 16.593642 
1044 16.59363 
1045 16.593614 
1046 16.593597 
1047 16.593591 
1048 16.593588 
1049 16.593582 
1050 16.593579 
1051 16.593538 
1052 16.593524 
1053 16.593513 
1054 16.593508 
1055 16.593499 
1056 16.593494 
1057 16.593481 
1058 16.593471 
1059 16.593468 
1060 16.593462 
1061 16.59346 
1062 16.593381 
1063 16.59334 
1064 16.593334 
1065 16.593328 
1066 16.593325 
1067 16.593268 
1068 16.593253 
1069 16.593242 
1070 16.593232 
1071 16.593225 
1072 16.593222 
1073 16.593219 
1074 16.593217 
1075 16.593178 
1076 16.593159 
1077 16.593155 
1078 16.593154 
1079 16.593126 
1080 16.593121 
1081 16.593116 
1082 16.593111 
1083 16.593109 
1084 16.593103 
1085 16.593101 
1086 16.593099 
1087 16.593097 
1088 16.593094 
1089 16.593093 
1090 16.593072 
1091 16.59307 
1092 16.593068 
1093 16.593067 
1094 16.593064 
1095 16.593063 
1096 16.593035 
1097 16.593028 
1098 16.593019 
1099 16.593017 
1100 16.592995 
1101 16.59299 
1102 16.592987 
1103 16.592982 
1104 16.592981 
1105 16.592977 
1106 16.592975 
1107 16.59297 
1108 16.592955 
1109 16.592944 
1110 16.592942 
1111 16.592924 
1112 16.59292 
1113 16.592916 
1114 16.592915 
1115 16.592907 
1116 16.592897 
1117 16.592894 
1118 16.592892 
1119 16.592891 
1120 16.592889 
1121 16.592888 
1122 16.592886 
1123 16.592885 
1124 16.592883 
1125 16.592882 
1126 16.59288 
1127 16.592879 
1128 16.592878 
1129 16.592876 
1130 16.592875 
1131 16.592853 
1132 16.592848 
1133 16.592844 
1134 16.592841 
1135 16.592817 
1136 16.592792 
1137 16.592788 
1138 16.592786 
1139 16.592769 
1140 16.592759 
1141 16.592753 
1142 16.59275 
1143 16.592742 
1144 16.592737 
1145 16.592726 
1146 16.592719 
1147 16.592685 
1148 16.592668 
1149 16.592639 
1150 16.592627 
1151 16.592543 
1152 16.592523 
1153 16.592491 
1154 16.592451 
1155 16.592433 
1156 16.592372 
1157 16.592324 
1158 16.592267 
1159 16.592242 
1160 16.592223 
1161 16.592201 
1162 16.592177 
1163 16.592159 
1164 16.592122 
1165 16.592102 
1166 16.592074 
1167 16.592041 
1168 16.592029 
1169 16.591993 
1170 16.591961 
1171 16.591949 
1172 16.591916 
1173 16.591886 
1174 16.591872 
1175 16.591742 
1176 16.591674 
1177 16.591648 
1178 16.591619 
1179 16.59156 
1180 16.591545 
1181 16.591527 
1182 16.591311 
1183 16.591284 
1184 16.591192 
1185 16.591162 
1186 16.591035 
1187 16.591006 
1188 16.590949 
1189 16.590903 
1190 16.590876 
1191 16.59073 
1192 16.590679 
1193 16.590652 
1194 16.590319 
1195 16.590219 
1196 16.589824 
1197 16.589779 
1198 16.589416 
1199 16.591088 
1200 16.591066 
1201 16.591054 
1202 16.59099 
1203 16.590532 
1204 16.59033 
1205 16.590248 
1206 16.590181 
1207 16.590121 
1208 16.590085 
1209 16.59004 
1210 16.590019 
1211 16.589955 
1212 16.589822 
1213 16.589566 
1214 16.589549 
1215 16.589458 
1216 16.58923 
1217 16.589192 
1218 16.58918 
1219 16.588839 
1220 16.588665 
1221 16.588537 
1222 16.588123 
1223 16.588051 
1224 16.58792 
1225 16.587564 
1226 16.587498 
1227 16.587406 
1228 16.586866 
1229 16.586686 
1230 16.586518 
1231 16.586017 
1232 16.585949 
1233 16.58582 
1234 16.585503 
1235 16.585307 
1236 16.585056 
1237 16.586773 
1238 16.586614 
1239 16.586381 
1240 16.586173 
1241 16.586052 
1242 16.585948 
1243 16.585856 
1244 16.585776 
1245 16.585729 
1246 16.585684 
1247 16.585637 
1248 16.585624 
1249 16.585612 
1250 16.585602 
1251 16.585593 
1252 16.585568 
1253 16.585527 
1254 16.585228 
1255 16.585219 
1256 16.585141 
1257 16.584769 
1258 16.58473 
1259 16.584707 
1260 16.584547 
1261 16.584303 
1262 16.584091 
1263 16.583985 
1264 16.583737 
1265 16.583431 
1266 16.583413 
1267 16.583282 
1268 16.583204 
1269 16.583017 
1270 16.582945 
1271 16.582665 
1272 16.582571 
1273 16.582514 
1274 16.582292 
1275 16.582265 
1276 16.582211 
1277 16.582067 
1278 16.582018 
1279 16.581932 
1280 16.581906 
1281 16.581118 
1282 16.580832 
1283 16.58074 
1284 16.580694 
1285 16.580625 
1286 16.580553 
1287 16.580386 
1288 16.580298 
1289 16.580233 
1290 16.580186 
1291 16.57999 
1292 16.57994 
1293 16.579894 
1294 16.57984 
1295 16.579719 
1296 16.579692 
1297 16.579661 
1298 16.581162 
1299 16.581073 
1300 16.581038 
1301 16.580972 
1302 16.580858 
1303 16.580796 
1304 16.580762 
1305 16.580703 
1306 16.580666 
1307 16.580604 
1308 16.580572 
1309 16.580549 
1310 16.580533 
1311 16.580522 
1312 16.580503 
1313 16.580487 
1314 16.580478 
1315 16.580442 
1316 16.580435 
1317 16.580423 
1318 16.58042 
1319 16.580413 
1320 16.580408 
1321 16.580405 
1322 16.580403 
1323 16.580395 
1324 16.580391 
1325 16.580384 
1326 16.580375 
1327 16.580186 
1328 16.580178 
1329 16.580125 
1330 16.580124 
1331 16.5801 
1332 16.57975 
1333 16.579695 
1334 16.579687 
1335 16.579684 
1336 16.579681 
1337 16.579672 
1338 16.579644 
1339 16.579533 
1340 16.579442 
1341 16.579368 
1342 16.579298 
1343 16.579273 
1344 16.579246 
1345 16.57915 
1346 16.579118 
1347 16.579002 
1348 16.578998 
1349 16.578977 
1350 16.578958 
1351 16.578737 
1352 16.578714 
1353 16.578708 
1354 16.578688 
1355 16.578636 
1356 16.57862 
1357 16.578516 
1358 16.57851 
1359 16.57847 
1360 16.578429 
1361 16.5784 
1362 16.578354 
1363 16.578326 
1364 16.578292 
1365 16.578282 
1366 16.578271 
1367 16.578189 
1368 16.57818 
1369 16.578172 
1370 16.578165 
1371 16.578072 
1372 16.578059 
1373 16.578049 
1374 16.577994 
1375 16.577977 
1376 16.577965 
1377 16.577951 
1378 16.577884 
1379 16.577878 
1380 16.577871 
1381 16.577861 
1382 16.577842 
1383 16.577834 
1384 16.577639 
1385 16.577512 
1386 16.577493 
1387 16.577436 
1388 16.577403 
1389 16.577396 
1390 16.57737 
1391 16.577365 
1392 16.577357 
1393 16.577343 
1394 16.577338 
1395 16.577204 
1396 16.577185 
1397 16.577167 
1398 16.577158 
1399 16.577153 
1400 16.577149 
1401 16.577142 
1402 16.577107 
1403 16.577084 
1404 16.577078 
1405 16.577073 
1406 16.577066 
1407 16.57704 
1408 16.577034 
1409 16.577029 
1410 16.577011 
1411 16.577005 
1412 16.576952 
1413 16.576939 
1414 16.576932 
1415 16.576926 
1416 16.57679 
1417 16.57672 
1418 16.576702 
1419 16.576665 
1420 16.576649 
1421 16.576642 
1422 16.576634 
1423 16.576617 
1424 16.576612 
1425 16.576592 
1426 16.576586 
1427 16.576579 
1428 16.576565 
1429 16.576561 
1430 16.576542 
1431 16.576536 
1432 16.576525 
1433 16.57652 
1434 16.576383 
1435 16.576316 
1436 16.576294 
1437 16.576281 
1438 16.576272 
1439 16.576243 
1440 16.576236 
1441 16.576231 
1442 16.5762 
1443 16.576193 
1444 16.576188 
1445 16.576097 
1446 16.576068 
1447 16.576061 
1448 16.576032 
1449 16.576029 
1450 16.576011 
1451 16.576007 
1452 16.576001 
1453 16.575994 
1454 16.57599 
1455 16.575902 
1456 16.575858 
1457 16.575841 
1458 16.575836 
1459 16.57579 
1460 16.57577 
1461 16.575762 
1462 16.575757 
1463 16.575753 
1464 16.575749 
1465 16.575731 
1466 16.575728 
1467 16.575721 
1468 16.575717 
1469 16.575676 
1470 16.57567 
1471 16.575667 
1472 16.575664 
1473 16.575659 
1474 16.575654 
1475 16.575649 
1476 16.575645 
1477 16.575635 
1478 16.575633 
1479 16.575612 
1480 16.575609 
1481 16.575606 
1482 16.575602 
1483 16.575596 
1484 16.575593 
1485 16.575513 
1486 16.575478 
1487 16.575467 
1488 16.575461 
1489 16.575458 
1490 16.575455 
1491 16.575444 
1492 16.575441 
1493 16.575436 
1494 16.575433 
1495 16.575423 
1496 16.575421 
1497 16.57541 
1498 16.575407 
1499 16.575403 
1500 16.575397 
1501 16.575394 
1502 16.575349 
1503 16.575342 
1504 16.575339 
1505 16.575337 
1506 16.575282 
1507 16.575253 
1508 16.575246 
1509 16.575243 
1510 16.575241 
1511 16.575162 
1512 16.57511 
1513 16.575098 
1514 16.575081 
1515 16.575077 
1516 16.575069 
1517 16.575061 
1518 16.575057 
1519 16.575019 
1520 16.57501 
1521 16.575005 
1522 16.57498 
1523 16.574935 
1524 16.574928 
1525 16.574911 
1526 16.574908 
1527 16.574905 
1528 16.574891 
1529 16.574889 
1530 16.574886 
1531 16.574842 
1532 16.5748 
1533 16.574796 
1534 16.57479 
1535 16.574786 
1536 16.574777 
1537 16.574774 
1538 16.574768 
1539 16.574765 
1540 16.574722 
1541 16.574719 
1542 16.574717 
1543 16.574715 
1544 16.574713 
1545 16.574678 
1546 16.57467 
1547 16.574666 
1548 16.574663 
1549 16.574659 
1550 16.574656 
1551 16.574653 
1552 16.574648 
1553 16.574645 
1554 16.574637 
1555 16.574635 
1556 16.574633 
1557 16.574624 
1558 16.574622 
1559 16.57462 
1560 16.574597 
1561 16.574594 
1562 16.574593 
1563 16.574591 
1564 16.574547 
1565 16.574524 
1566 16.574521 
1567 16.57452 
1568 16.574518 
1569 16.574501 
1570 16.574482 
1571 16.574477 
1572 16.574475 
1573 16.574463 
1574 16.574451 
1575 16.574449 
1576 16.574443 
1577 16.574442 
1578 16.574441 
1579 16.574403 
1580 16.574364 
1581 16.574329 
1582 16.574327 
1583 16.574314 
1584 16.574306 
1585 16.574297 
1586 16.574288 
1587 16.574287 
1588 16.574286 
1589 16.574278 
1590 16.574276 
1591 16.574274 
1592 16.574269 
1593 16.574267 
1594 16.574266 
1595 16.574263 
1596 16.574262 
1597 16.574238 
1598 16.574236 
1599 16.574235 
1600 16.574234 
1601 16.574233 
1602 16.574206 
1603 16.574167 
1604 16.574156 
1605 16.574153 
1606 16.574151 
1607 16.57415 
1608 16.574142 
1609 16.574141 
1610 16.57414 
1611 16.574138 
1612 16.574137 
1613 16.574121 
1614 16.574118 
1615 16.574117 
1616 16.574116 
1617 16.574114 
1618 16.574113 
1619 16.57411 
1620 16.574109 
1621 16.574107 
1622 16.574106 
1623 16.574104 
1624 16.574103 
1625 16.5741 
1626 16.574099 
1627 16.574098 
1628 16.574096 
1629 16.574095 
1630 16.574094 
1631 16.574093 
1632 16.574091 
1633 16.57409 
1634 16.574088 
1635 16.574087 
1636 16.574081 
1637 16.57408 
1638 16.574079 
1639 16.574078 
1640 16.574076 
1641 16.574076 
1642 16.574072 
1643 16.574072 
1644 16.574071 
1645 16.574062 
1646 16.574061 
1647 16.57406 
1648 16.57406 
1649 16.574036 
1650 16.574027 
1651 16.574025 
1652 16.574024 
1653 16.574022 
1654 16.574021 
1655 16.574019 
1656 16.574019 
1657 16.574017 
1658 16.574016 
1659 16.573996 
1660 16.573959 
1661 16.573958 
1662 16.573954 
1663 16.573953 
1664 16.573952 
1665 16.57395 
1666 16.573949 
1667 16.573945 
1668 16.573943 
1669 16.573942 
1670 16.573938 
1671 16.573937 
1672 16.573936 
1673 16.573919 
1674 16.573905 
1675 16.573904 
1676 16.573901 
1677 16.573899 
1678 16.573897 
1679 16.573897 
1680 16.573892 
1681 16.573887 
1682 16.573885 
1683 16.573884 
1684 16.57388 
1685 16.573875 
1686 16.573872 
1687 16.573871 
1688 16.573871 
1689 16.573861 
1690 16.573858 
1691 16.573857 
1692 16.57385 
1693 16.573847 
1694 16.573844 
1695 16.573843 
1696 16.573842 
1697 16.573841 
1698 16.573841 
1699 16.573828 
1700 16.573827 
1701 16.573827 
1702 16.573826 
1703 16.573825 
1704 16.573825 
1705 16.573823 
1706 16.573822 
1707 16.573822 
1708 16.573821 
1709 16.57382 
1710 16.573819 
1711 16.573819 
1712 16.573818 
1713 16.573818 
1714 16.573817 
1715 16.573817 
1716 16.573816 
1717 16.573816 
1718 16.573814 
1719 16.573814 
1720 16.573813 
1721 16.573812 
1722 16.573811 
1723 16.573811 
1724 16.57381 
1725 16.57381 
1726 16.573808 
1727 16.573808 
1728 16.573807 
1729 16.573802 
1730 16.573801 
1731 16.573801 
1732 16.573801 
1733 16.573797 
1734 16.573797 
1735 16.573796 
1736 16.573796 
1737 16.573796 
1738 16.573795 
1739 16.573794 
1740 16.573794 
1741 16.573793 
1742 16.573793 
1743 16.573792 
1744 16.573792 
1745 16.573791 
1746 16.573785 
1747 16.573784 
1748 16.573783 
1749 16.573783 
1750 16.573779 
1751 16.573778 
1752 16.573778 
1753 16.573778 
1754 16.573777 
1755 16.573777 
1756 16.573776 
1757 16.573776 
1758 16.573775 
1759 16.573775 
1760 16.57377 
1761 16.573769 
1762 16.573769 
1763 16.573769 
1764 16.573764 
1765 16.573764 
1766 16.573764 
1767 16.573763 
1768 16.573761 
1769 16.575194 
1770 16.57508 
1771 16.574986 
1772 16.574908 
1773 16.57484 
1774 16.574792 
1775 16.574715 
1776 16.574654 
1777 16.574612 
1778 16.574592 
1779 16.574571 
1780 16.574547 
1781 16.574541 
1782 16.57453 
1783 16.574526 
1784 16.57452 
1785 16.57451 
1786 16.574499 
1787 16.574496 
1788 16.574485 
1789 16.574484 
1790 16.574483 
1791 16.574483 
1792 16.574482 
1793 16.574482 
1794 16.574482 
1795 16.574481 
1796 16.574478 
1797 16.574477 
1798 16.574476 
1799 16.574476 
1800 16.574476 
1801 16.574475 
1802 16.574475 
1803 16.574475 
1804 16.574473 
1805 16.574472 
1806 16.574472 
1807 16.574471 
1808 16.574471 
1809 16.57447 
1810 16.57447 
1811 16.574469 
1812 16.574469 
1813 16.574467 
1814 16.574466 
1815 16.574466 
1816 16.57446 
1817 16.574457 
1818 16.574457 
1819 16.574457 
1820 16.574452 
1821 16.574452 
1822 16.574451 
1823 16.574451 
1824 16.574451 
1825 16.574451 
1826 16.57445 
1827 16.57445 
1828 16.574446 
1829 16.574445 
1830 16.574445 
1831 16.574445 
1832 16.574444 
1833 16.574444 
1834 16.574444 
1835 16.574444 
1836 16.574444 
1837 16.574443 
1838 16.574443 
1839 16.574443 
1840 16.574443 
1841 16.574442 
1842 16.574442 
1843 16.574439 
1844 16.574439 
1845 16.574438 
1846 16.574438 
1847 16.574437 
1848 16.574436 
1849 16.574436 
1850 16.574436 
1851 16.574436 
1852 16.574432 
1853 16.574429 
1854 16.574427 
1855 16.574426 
1856 16.574426 
1857 16.574426 
1858 16.574425 
1859 16.574425 
1860 16.574425 
1861 16.574425 
1862 16.574424 
1863 16.574424 
1864 16.574424 
1865 16.574424 
1866 16.574424 
1867 16.574423 
1868 16.574421 
1869 16.57442 
1870 16.57442 
1871 16.57442 
1872 16.574419 
1873 16.574419 
1874 16.574419 
1875 16.574417 
1876 16.574417 
1877 16.574417 
1878 16.574417 
1879 16.574416 
1880 16.574416 
1881 16.574416 
1882 16.574416 
1883 16.574416 
1884 16.574413 
1885 16.574411 
1886 16.574411 
1887 16.574411 
1888 16.574411 
1889 16.574411 
1890 16.574411 
1891 16.57441 
1892 16.57441 
1893 16.57441 
1894 16.57441 
1895 16.574408 
1896 16.574408 
1897 16.574408 
1898 16.574408 
1899 16.574408 
1900 16.574408 
1901 16.574407 
1902 16.574406 
1903 16.574406 
1904 16.574406 
1905 16.574405 
1906 16.574405 
1907 16.574405 
1908 16.574405 
1909 16.574404 
1910 16.574404 
1911 16.574404 
1912 16.574404 
1913 16.574403 
1914 16.574403 
1915 16.574403 
1916 16.574403 
1917 16.574403 
1918 16.574403 
1919 16.574402 
1920 16.574402 
1921 16.574402 
1922 16.574401 
1923 16.574401 
1924 16.574401 
1925 16.574401 
1926 16.574401 
1927 16.574401 
1928 16.5744 
1929 16.5744 
1930 16.5744 
1931 16.5744 
1932 16.5744 
1933 16.574398 
1934 16.574398 
1935 16.574397 
1936 16.574395 
1937 16.574395 
1938 16.574395 
1939 16.574395 
1940 16.574395 
1941 16.574393 
1942 16.574393 
1943 16.574393 
1944 16.574393 
1945 16.574393 
1946 16.574392 
1947 16.574392 
1948 16.574392 
1949 16.574392 
1950 16.574392 
1951 16.574391 
1952 16.574391 
1953 16.574391 
1954 16.574391 
1955 16.574391 
1956 16.57439 
1957 16.57439 
1958 16.57439 
1959 16.57439 
1960 16.57439 
1961 16.57439 
1962 16.574389 
1963 16.574389 
1964 16.574389 
1965 16.574388 
1966 16.574388 
1967 16.574388 
1968 16.574387 
1969 16.574387 
1970 16.574387 
1971 16.574387 
1972 16.574386 
1973 16.574386 
1974 16.574386 
1975 16.574385 
1976 16.574385 
1977 16.574385 
1978 16.574385 
1979 16.574385 
1980 16.574385 
1981 16.574385 
1982 16.574385 
1983 16.574385 
1984 16.574385 
1985 16.574385 
1986 16.574384 
1987 16.574384 
1988 16.574384 
1989 16.574384 
1990 16.574384 
1991 16.574384 
1992 16.574383 
1993 16.574383 
1994 16.574383 
1995 16.574383 
1996 16.574383 
1997 16.574383 
1998 16.574383 
1999 16.574383 
2000 16.574383 
2001 16.574383 
2002 16.574381 
2003 16.574381 
2004 16.574381 
2005 16.574381 
2006 16.574381 
2007 16.574381 
2008 16.574381 
2009 16.574381 
2010 16.574381 
2011 16.574381 
2012 16.574381 
2013 16.574381 
2014 16.57438 
2015 16.57438 
2016 16.57438 
2017 16.57438 
2018 16.57438 
2019 16.57438 
2020 16.57438 
2021 16.57438 
2022 16.57438 
2023 16.57438 
2024 16.57438 
2025 16.57438 
2026 16.574379 
2027 16.574379 
2028 16.574379 
2029 16.574379 
2030 16.574379 
2031 16.574378 
2032 16.574378 
2033 16.574377 
2034 16.574375 
2035 16.574375 
2036 16.574375 
2037 16.574375 
2038 16.574374 
2039 16.574374 
2040 16.574374 
2041 16.574374 
2042 16.574374 
2043 16.574374 
2044 16.574374 
2045 16.574374 
2046 16.574374 
2047 16.574374 
2048 16.574374 
2049 16.574373 
2050 16.574373 
2051 16.574373 
2052 16.574373 
2053 16.574372 
2054 16.574372 
2055 16.574372 
2056 16.574372 
2057 16.574372 
2058 16.574372 
2059 16.574372 
2060 16.574372 
2061 16.574372 
2062 16.574372 
2063 16.574371 
2064 16.574371 
2065 16.574371 
2066 16.574371 
2067 16.574371 
2068 16.574371 
2069 16.574371 
2070 16.57437 
2071 16.574369 
2072 16.574369 
2073 16.574369 
2074 16.574369 
2075 16.574368 
2076 16.574368 
2077 16.574368 
2078 16.574368 
2079 16.574367 
2080 16.574367 
2081 16.574367 
2082 16.574366 
2083 16.574362 
2084 16.574361 
2085 16.574361 
2086 16.574361 
2087 16.574361 
2088 16.574361 
2089 16.57436 
2090 16.57436 
2091 16.57436 
2092 16.57436 
2093 16.57436 
2094 16.57436 
2095 16.57436 
2096 16.57436 
2097 16.574359 
2098 16.574359 
2099 16.574359 
2100 16.574359 
2101 16.574359 
2102 16.574359 
2103 16.574359 
2104 16.574359 
2105 16.574359 
2106 16.574359 
2107 16.574359 
2108 16.574358 
2109 16.574358 
2110 16.574358 
2111 16.574358 
2112 16.574358 
2113 16.574358 
2114 16.574358 
2115 16.574358 
2116 16.574358 
2117 16.574358 
2118 16.574358 
2119 16.574358 
2120 16.574358 
2121 16.574358 
2122 16.574358 
2123 16.574358 
2124 16.574358 
2125 16.574358 
2126 16.574358 
2127 16.574357 
2128 16.574357 
2129 16.574357 
2130 16.574357 
2131 16.574357 
2132 16.574357 
2133 16.574357 
2134 16.574357 
2135 16.574357 
2136 16.574357 
2137 16.574357 
2138 16.574357 
2139 16.574357 
2140 16.574357 
2141 16.574357 
2142 16.574357 
2143 16.574356 
2144 16.574356 
2145 16.574356 
2146 16.574356 
2147 16.574356 
2148 16.574356 
2149 16.574356 
2150 16.574356 
2151 16.574356 
2152 16.574356 
2153 16.574356 
2154 16.574356 
2155 16.574356 
2156 16.574356 
2157 16.574356 
2158 16.574356 
2159 16.574356 
2160 16.574356 
2161 16.574355 
2162 16.574355 
2163 16.574355 
2164 16.574355 
2165 16.574355 
2166 16.574355 
2167 16.574355 
2168 16.574355 
2169 16.574355 
2170 16.574355 
2171 16.574354 
2172 16.574354 
2173 16.574354 
2174 16.574354 
2175 16.574354 
2176 16.574354 
2177 16.574354 
2178 16.574354 
2179 16.574354 
2180 16.574354 
2181 16.574354 
2182 16.574354 
2183 16.574353 
2184 16.574353 
2185 16.574353 
2186 16.574353 
2187 16.574353 
2188 16.574353 
2189 16.574353 
2190 16.574353 
2191 16.574353 
2192 16.574353 
2193 16.574353 
2194 16.574353 
2195 16.574353 
2196 16.574353 
2197 16.574352 
2198 16.574352 
2199 16.574352 
2200 16.574352 
2201 16.574352 
2202 16.574352 
2203 16.574352 
2204 16.574352 
2205 16.574352 
2206 16.574352 
2207 16.574352 
2208 16.574352 
2209 16.574352 
2210 16.574352 
2211 16.574352 
2212 16.574352 
2213 16.574352 
2214 16.574352 
2215 16.574352 
2216 16.574351 
2217 16.574351 
2218 16.574351 
2219 16.574351 
2220 16.574351 
2221 16.574351 
2222 16.574351 
2223 16.574351 
2224 16.574351 
2225 16.574351 
2226 16.574351 
2227 16.574351 
2228 16.574351 
2229 16.574351 
2230 16.574351 
2231 16.574351 
2232 16.574351 
2233 16.574351 
2234 16.57435 
2235 16.57435 
2236 16.57435 
2237 16.57435 
2238 16.57435 
2239 16.57435 
2240 16.57435 
2241 16.57435 
2242 16.57435 
2243 16.57435 
2244 16.57435 
2245 16.57435 
2246 16.57435 
2247 16.57435 
2248 16.57435 
2249 16.57435 
2250 16.57435 
2251 16.57435 
2252 16.57435 
2253 16.57435 
2254 16.57435 
2255 16.57435 
2256 16.57435 
2257 16.57435 
2258 16.57435 
2259 16.57435 
2260 16.57435 
2261 16.574349 
2262 16.574349 
2263 16.574349 
2264 16.574349 
2265 16.574349 
2266 16.574349 
2267 16.574349 
2268 16.574349 
2269 16.574349 
2270 16.574349 
2271 16.574349 
2272 16.574349 
2273 16.574349 
2274 16.574349 
2275 16.574349 
2276 16.574349 
2277 16.574349 
2278 16.574349 
2279 16.574349 
2280 16.574349 
2281 16.574349 
2282 16.574349 
2283 16.574349 
2284 16.574348 
2285 16.574348 
2286 16.574348 
2287 16.574348 
2288 16.574348 
2289 16.574348 
2290 16.574348 
2291 16.574348 
2292 16.574348 
2293 16.574348 
2294 16.574348 
2295 16.574348 
2296 16.574348 
2297 16.574348 
2298 16.574348 
2299 16.574348 
2300 16.574348 
2301 16.574348 
2302 16.574348 
2303 16.574348 
2304 16.574348 
2305 16.574348 
2306 16.574348 
2307 16.574348 
2308 16.574348 
2309 16.574348 
2310 16.574348 
2311 16.574348 
2312 16.574348 
2313 16.574348 
2314 16.574348 
2315 16.574348 
2316 16.574348 
2317 16.574348 
2318 16.574348 
2319 16.574348 
2320 16.574348 
2321 16.574348 
2322 16.574348 
2323 16.574348 
2324 16.574347 
2325 16.574347 
2326 16.574347 
2327 16.574347 
2328 16.574347 
2329 16.574347 
2330 16.574347 
2331 16.574347 
2332 16.574347 
2333 16.574347 
2334 16.574347 
2335 16.574347 
2336 16.574347 
2337 16.574347 
2338 16.574347 
2339 16.574347 
2340 16.574347 
2341 16.574347 
2342 16.574347 
2343 16.574347 
2344 16.574347 
2345 16.574347 
2346 16.574347 
2347 16.574347 
2348 16.574347 
2349 16.574347 
2350 16.574347 
2351 16.574346 
2352 16.574346 
2353 16.574346 
2354 16.574346 
2355 16.574346 
2356 16.574346 
2357 16.574346 
2358 16.574346 
2359 16.574346 
2360 16.574346 
2361 16.574346 
2362 16.574346 
2363 16.574346 
2364 16.574346 
2365 16.574346 
2366 16.574346 
2367 16.574346 
2368 16.574346 
2369 16.574346 
2370 16.574346 
2371 16.574346 
2372 16.574346 
2373 16.574346 
2374 16.574346 
2375 16.574346 
2376 16.574346 
2377 16.574346 
2378 16.574346 
2379 16.574346 
2380 16.574346 
2381 16.574346 
2382 16.574346 
2383 16.574346 
2384 16.574346 
2385 16.574346 
2386 16.574345 
2387 16.574345 
2388 16.574345 
2389 16.574345 
2390 16.574345 
2391 16.574345 
2392 16.574345 
2393 16.574345 
2394 16.574345 
2395 16.574345 
2396 16.574345 
2397 16.574345 
2398 16.574345 
2399 16.574345 
2400 16.574345 
2401 16.574345 
2402 16.574345 
2403 16.574345 
2404 16.574345 
2405 16.574345 
2406 16.574345 
2407 16.574345 
2408 16.574345 
2409 16.574345 
2410 16.574345 
2411 16.574345 
2412 16.574345 
2413 16.574345 
2414 16.574344 
2415 16.574344 
2416 16.574344 
2417 16.574344 
2418 16.574344 
2419 16.574344 
2420 16.574344 
2421 16.574344 
2422 16.574344 
2423 16.574344 
2424 16.574344 
2425 16.574344 
2426 16.574344 
2427 16.574344 
2428 16.574344 
2429 16.574344 
2430 16.574344 
2431 16.574344 
2432 16.574344 
2433 16.574344 
2434 16.574344 
2435 16.574344 
2436 16.574344 
2437 16.574344 
2438 16.574344 
2439 16.574344 
2440 16.574344 
2441 16.574344 
2442 16.574344 
2443 16.574344 
2444 16.574344 
2445 16.574344 
2446 16.574344 
2447 16.574344 
2448 16.574344 
2449 16.574344 
2450 16.574344 
2451 16.574344 
2452 16.574344 
2453 16.574344 
2454 16.574344 
2455 16.574344 
2456 16.574344 
2457 16.574344 
2458 16.574344 
2459 16.574344 
2460 16.574344 
2461 16.574344 
2462 16.574344 
2463 16.574344 
2464 16.574344 
2465 16.574344 
2466 16.574344 
2467 16.574344 
2468 16.574344 
2469 16.574344 
2470 16.574343 
2471 16.574343 
2472 16.574343 
2473 16.574343 
2474 16.574343 
2475 16.574343 
2476 16.574343 
2477 16.574343 
2478 16.574343 
2479 16.574343 
2480 16.574343 
2481 16.574343 
2482 16.574343 
2483 16.574343 
2484 16.574343 
2485 16.574343 
2486 16.574343 
2487 16.574343 
2488 16.574343 
2489 16.574343 
2490 16.574343 
2491 16.574343 
2492 16.574343 
2493 16.574343 
2494 16.574343 
2495 16.574343 
2496 16.574343 
2497 16.574343 
2498 16.574342 
2499 16.574342 
2500 16.574342 
2501 16.574342 
2502 16.574342 
2503 16.574342 
2504 16.574338 
2505 16.574338 
2506 16.574338 
2507 16.574338 
2508 16.574338 
2509 16.574338 
2510 16.574338 
2511 16.574338 
2512 16.574338 
2513 16.574338 
2514 16.574338 
2515 16.574338 
2516 16.574338 
2517 16.574338 
2518 16.574338 
2519 16.574338 
2520 16.574338 
2521 16.574338 
2522 16.574338 
2523 16.574338 
2524 16.574338 
2525 16.574338 
2526 16.574338 
2527 16.574338 
2528 16.574338 
2529 16.574338 
2530 16.574338 
2531 16.574338 
2532 16.574338 
2533 16.574337 
2534 16.574337 
2535 16.574337 
2536 16.574337 
2537 16.574337 
2538 16.574337 
2539 16.574337 
2540 16.574337 
2541 16.574337 
2542 16.574337 
2543 16.574337 
2544 16.574337 
2545 16.574337 
2546 16.574337 
2547 16.574337 
2548 16.574337 
2549 16.574337 
2550 16.574337 
2551 16.574337 
2552 16.574337 
2553 16.574337 
2554 16.574337 
2555 16.574337 
2556 16.574337 
2557 16.574337 
2558 16.574337 
2559 16.574337 
2560 16.574337 
2561 16.574337 
2562 16.574337 
2563 16.574337 
2564 16.574337 
2565 16.574337 
2566 16.574337 
2567 16.574337 
2568 16.574337 
2569 16.574337 
2570 16.574337 
2571 16.574337 
2572 16.574337 
2573 16.574337 
2574 16.574337 
2575 16.574337 
2576 16.574337 
2577 16.574337 
2578 16.574337 
2579 16.574337 
2580 16.574337 
2581 16.574336 
2582 16.574336 
2583 16.574336 
2584 16.574336 
2585 16.574336 
2586 16.574336 
2587 16.574336 
2588 16.574336 
2589 16.574336 
2590 16.574336 
2591 16.574336 
2592 16.574336 
2593 16.574336 
2594 16.574336 
2595 16.574336 
2596 16.574336 
2597 16.574336 
2598 16.574336 
2599 16.574336 
2600 16.574336 
2601 16.574336 
2602 16.574336 
2603 16.574336 
2604 16.574336 
2605 16.574336 
2606 16.574336 
2607 16.574336 
2608 16.574336 
2609 16.574336 
2610 16.574336 
2611 16.574336 
2612 16.574336 
2613 16.574335 
2614 16.574335 
2615 16.574335 
2616 16.574335 
2617 16.574335 
2618 16.574335 
2619 16.574335 
2620 16.574335 
2621 16.574335 
2622 16.574335 
2623 16.574335 
2624 16.574335 
2625 16.574335 
2626 16.574335 
2627 16.574335 
2628 16.574335 
2629 16.574335 
2630 16.574335 
2631 16.574335 
2632 16.574335 
2633 16.574335 
2634 16.574335 
2635 16.574335 
2636 16.574335 
2637 16.574335 
2638 16.574335 
2639 16.574335 
2640 16.574335 
2641 16.574335 
2642 16.574335 
2643 16.574335 
2644 16.574335 
2645 16.574335 
2646 16.574335 
2647 16.574335 
2648 16.574335 
2649 16.574335 
2650 16.574335 
2651 16.574335 
2652 16.574335 
2653 16.574335 
2654 16.574335 
2655 16.574335 
2656 16.574334 
2657 16.574334 
2658 16.574334 
2659 16.574334 
2660 16.574334 
2661 16.574334 
2662 16.574334 
2663 16.574334 
2664 16.574334 
2665 16.574334 
2666 16.574334 
2667 16.574334 
2668 16.574334 
2669 16.574334 
2670 16.574334 
2671 16.574334 
2672 16.574334 
2673 16.574334 
2674 16.574334 
2675 16.574334 
2676 16.574334 
2677 16.574334 
2678 16.574334 
2679 16.574334 
2680 16.574334 
2681 16.574334 
2682 16.574334 
2683 16.574334 
2684 16.574334 
2685 16.574334 
2686 16.574334 
2687 16.574334 
2688 16.574334 
2689 16.574334 
2690 16.574334 
2691 16.574334 
2692 16.574334 
2693 16.574334 
2694 16.574334 
2695 16.574334 
2696 16.574334 
2697 16.574334 
2698 16.574334 
2699 16.574334 
2700 16.574334 
2701 16.574334 
2702 16.574334 
2703 16.574334 
2704 16.574334 
2705 16.574334 
2706 16.574334 
2707 16.574334 
2708 16.574334 
2709 16.574333 
2710 16.574333 
2711 16.574333 
2712 16.574333 
2713 16.574333 
2714 16.574333 
2715 16.574333 
2716 16.574333 
2717 16.574333 
2718 16.574333 
2719 16.574333 
2720 16.574333 
2721 16.574333 
2722 16.574333 
2723 16.574333 
2724 16.574333 
2725 16.574333 
2726 16.574333 
2727 16.574333 
2728 16.574333 
2729 16.574333 
2730 16.574333 
2731 16.574333 
2732 16.574333 
2733 16.574333 
2734 16.574333 
2735 16.574333 
2736 16.574333 
2737 16.574333 
2738 16.574333 
2739 16.574333 
2740 16.574333 
2741 16.574333 
2742 16.574333 
2743 16.574333 
2744 16.574333 
2745 16.574333 
2746 16.574333 
2747 16.574333 
2748 16.574333 
2749 16.574333 
2750 16.574333 
2751 16.574333 
2752 16.574333 
2753 16.574333 
2754 16.574333 
2755 16.574333 
2756 16.574333 
2757 16.574333 
2758 16.574333 
2759 16.574333 
2760 16.574333 
2761 16.574333 
2762 16.574332 
2763 16.574332 
2764 16.574332 
2765 16.574332 
2766 16.574332 
2767 16.574332 
2768 16.574332 
2769 16.574332 
2770 16.574332 
2771 16.574332 
2772 16.574332 
2773 16.574332 
2774 16.574332 
2775 16.574332 
2776 16.574332 
2777 16.574332 
2778 16.574332 
2779 16.574332 
2780 16.574332 
2781 16.574332 
2782 16.574332 
2783 16.574332 
2784 16.574332 
2785 16.574332 
2786 16.574332 
2787 16.574332 
2788 16.574332 
2789 16.574332 
2790 16.574332 
2791 16.574332 
2792 16.574332 
2793 16.574332 
2794 16.574332 
2795 16.574332 
2796 16.574332 
2797 16.574332 
2798 16.574332 
2799 16.574332 
2800 16.574332 
2801 16.574332 
2802 16.574332 
2803 16.574332 
2804 16.574332 
2805 16.574332 
2806 16.574332 
2807 16.574332 
2808 16.574332 
2809 16.574332 
2810 16.574332 
2811 16.574332 
2812 16.574332 
2813 16.574332 
2814 16.574332 
2815 16.574332 
2816 16.574332 
2817 16.574332 
2818 16.574332 
2819 16.574331 
2820 16.574331 
2821 16.574331 
2822 16.574331 
2823 16.574331 
2824 16.574331 
2825 16.574331 
2826 16.574331 
2827 16.574331 
2828 16.574331 
2829 16.574331 
2830 16.574331 
2831 16.574331 
2832 16.574331 
2833 16.574331 
2834 16.574331 
2835 16.574331 
2836 16.574331 
2837 16.574331 
2838 16.574331 
2839 16.574331 
2840 16.574331 
2841 16.574331 
2842 16.574331 
2843 16.574331 
2844 16.574331 
2845 16.574331 
2846 16.574331 
2847 16.574331 
2848 16.574331 
2849 16.574331 
2850 16.574331 
2851 16.574331 
2852 16.574331 
2853 16.574331 
2854 16.574331 
2855 16.574331 
2856 16.574331 
2857 16.574331 
2858 16.574331 
2859 16.574331 
2860 16.574331 
2861 16.574331 
2862 16.574331 
2863 16.574331 
2864 16.574331 
2865 16.574331 
2866 16.574331 
2867 16.574331 
2868 16.574331 
2869 16.574331 
2870 16.574331 
2871 16.574331 
2872 16.574331 
2873 16.574331 
2874 16.574331 
2875 16.574331 
2876 16.574331 
2877 16.574331 
2878 16.574331 
2879 16.57433 
2880 16.57433 
2881 16.57433 
2882 16.57433 
2883 16.57433 
2884 16.57433 
2885 16.57433 
2886 16.57433 
2887 16.57433 
2888 16.57433 
2889 16.57433 
2890 16.57433 
2891 16.57433 
2892 16.574329 
2893 16.574329 
2894 16.574329 
2895 16.574329 
2896 16.574329 
2897 16.574329 
2898 16.574329 
2899 16.574329 
2900 16.574329 
2901 16.574329 
2902 16.574329 
2903 16.574329 
2904 16.574329 
2905 16.574329 
2906 16.574329 
2907 16.574329 
2908 16.574329 
2909 16.574328 
2910 16.574328 
2911 16.574328 
2912 16.574328 
2913 16.574328 
2914 16.574328 
2915 16.574328 
2916 16.574328 
2917 16.574328 
2918 16.574328 
2919 16.574328 
2920 16.574328 
2921 16.574328 
2922 16.574328 
2923 16.574328 
2924 16.574328 
2925 16.574328 
2926 16.574328 
2927 16.574328 
2928 16.574328 
2929 16.574328 
2930 16.574328 
2931 16.574328 
2932 16.574328 
2933 16.574328 
2934 16.574328 
2935 16.574328 
2936 16.574328 
2937 16.574328 
2938 16.574328 
2939 16.574328 
2940 16.574328 
2941 16.574328 
2942 16.574328 
2943 16.574328 
2944 16.574328 
2945 16.574328 
2946 16.574328 
2947 16.574328 
2948 16.574328 
2949 16.574328 
2950 16.574328 
2951 16.574328 
2952 16.574328 
2953 16.574328 
2954 16.574328 
2955 16.574328 
2956 16.574328 
2957 16.574328 
2958 16.574328 
2959 16.574328 
2960 16.574328 
2961 16.574328 
2962 16.574328 
2963 16.574328 
2964 16.574328 
2965 16.574328 
2966 16.574328 
2967 16.574328 
2968 16.574328 
2969 16.574328 
2970 16.574328 
2971 16.574328 
2972 16.574328 
2973 16.574328 
2974 16.574328 
2975 16.574328 
2976 16.574328 
2977 16.574328 
2978 16.574328 
2979 16.574328 
2980 16.574327 
2981 16.574327 
2982 16.574327 
2983 16.574327 
2984 16.574327 
2985 16.574327 
2986 16.574327 
2987 16.574327 
2988 16.574327 
2989 16.574327 
2990 16.574327 
2991 16.574327 
2992 16.574327 
2993 16.574327 
2994 16.574327 
2995 16.574327 
2996 16.574327 
2997 16.574327 
2998 16.574327 
2999 16.574327 
3000 16.574327 
3001 16.574327 
3002 16.574327 
3003 16.574327 
3004 16.574327 
3005 16.574327 
3006 16.574327 
3007 16.574327 
3008 16.574327 
3009 16.574327 
3010 16.574327 
3011 16.574327 
3012 16.574327 
3013 16.574327 
3014 16.574327 
3015 16.574327 
3016 16.574327 
3017 16.574327 
3018 16.574327 
3019 16.574327 
3020 16.574327 
3021 16.574327 
3022 16.574327 
3023 16.574327 
3024 16.574327 
3025 16.574327 
3026 16.574327 
3027 16.574327 
3028 16.574327 
3029 16.574327 
3030 16.574327 
3031 16.574327 
3032 16.574327 
3033 16.574327 
3034 16.574327 
3035 16.574327 
3036 16.574327 
3037 16.574327 
3038 16.574327 
3039 16.574327 
3040 16.574327 
3041 16.574327 
3042 16.574326 
3043 16.574326 
3044 16.574326 
3045 16.574326 
3046 16.574326 
3047 16.574326 
3048 16.574326 
3049 16.574326 
3050 16.574326 
3051 16.574326 
3052 16.574326 
3053 16.574326 
3054 16.574326 
3055 16.574326 
3056 16.574326 
3057 16.574326 
3058 16.574326 
3059 16.574326 
3060 16.574326 
3061 16.574326 
3062 16.574326 
3063 16.574326 
3064 16.574326 
3065 16.574326 
3066 16.574326 
3067 16.574326 
3068 16.574326 
3069 16.574326 
3070 16.574326 
3071 16.574326 
3072 16.574326 
3073 16.574326 
3074 16.574326 
3075 16.574326 
3076 16.574326 
3077 16.574326 
3078 16.574326 
3079 16.574326 
3080 16.574326 
3081 16.574326 
3082 16.574326 
3083 16.574326 
3084 16.574326 
3085 16.574326 
3086 16.574326 
3087 16.574326 
3088 16.574326 
3089 16.574326 
3090 16.574326 
3091 16.574326 
3092 16.574326 
3093 16.574326 
3094 16.574326 
3095 16.574326 
3096 16.574326 
3097 16.574326 
3098 16.574325 
3099 16.574325 
3100 16.574325 
3101 16.574325 
3102 16.574325 
3103 16.574325 
3104 16.574325 
3105 16.574325 
3106 16.574325 
3107 16.574325 
3108 16.574325 
3109 16.574325 
3110 16.574325 
3111 16.574325 
3112 16.574325 
3113 16.574325 
3114 16.574325 
3115 16.574325 
3116 16.574325 
3117 16.574325 
3118 16.574325 
3119 16.574325 
3120 16.574325 
3121 16.574325 
3122 16.574325 
3123 16.574325 
3124 16.574325 
3125 16.574325 
3126 16.574325 
3127 16.574325 
3128 16.574325 
3129 16.574325 
3130 16.574325 
3131 16.574325 
3132 16.574325 
3133 16.574325 
3134 16.574325 
3135 16.574325 
3136 16.574325 
3137 16.574325 
3138 16.574325 
3139 16.574325 
3140 16.574325 
3141 16.574325 
3142 16.574325 
3143 16.574325 
3144 16.574325 
3145 16.574325 
3146 16.574325 
3147 16.574325 
3148 16.574325 
3149 16.574325 
3150 16.574324 
3151 16.574324 
3152 16.574324 
3153 16.574324 
3154 16.574324 
3155 16.574324 
3156 16.574324 
3157 16.574324 
3158 16.574324 
3159 16.574324 
3160 16.574324 
3161 16.574324 
3162 16.574324 
3163 16.574324 
3164 16.574324 
3165 16.574324 
3166 16.574324 
3167 16.574324 
3168 16.574324 
3169 16.574324 
3170 16.574324 
3171 16.574324 
3172 16.574324 
3173 16.574324 
3174 16.574324 
3175 16.574324 
3176 16.574324 
3177 16.574324 
3178 16.574324 
3179 16.574324 
3180 16.574324 
3181 16.574324 
3182 16.574324 
3183 16.574324 
3184 16.574324 
3185 16.574324 
3186 16.574324 
3187 16.574324 
3188 16.574324 
3189 16.574324 
3190 16.574324 
3191 16.574324 
3192 16.574324 
3193 16.574324 
3194 16.574324 
3195 16.574324 
3196 16.574324 
3197 16.574324 
3198 16.574324 
3199 16.574324 
3200 16.574324 
3201 16.574324 
3202 16.574324 
3203 16.574324 
3204 16.574323 
3205 16.574323 
3206 16.574323 
3207 16.574323 
3208 16.574323 
3209 16.574323 
3210 16.574323 
3211 16.574323 
3212 16.574323 
3213 16.574323 
3214 16.574323 
3215 16.574323 
3216 16.574323 
3217 16.574323 
3218 16.574323 
3219 16.574323 
3220 16.574323 
3221 16.574323 
3222 16.574323 
3223 16.574323 
3224 16.574323 
3225 16.574323 
3226 16.574323 
3227 16.574323 
3228 16.574323 
3229 16.574323 
3230 16.574323 
3231 16.574323 
3232 16.574323 
3233 16.574323 
3234 16.574323 
3235 16.574323 
3236 16.574323 
3237 16.574323 
3238 16.574323 
3239 16.574323 
3240 16.574323 
3241 16.574323 
3242 16.574323 
3243 16.574323 
3244 16.574323 
3245 16.574323 
3246 16.574323 
3247 16.574323 
3248 16.574323 
3249 16.574323 
3250 16.574323 
3251 16.574323 
3252 16.574323 
3253 16.574323 
3254 16.574323 
3255 16.574323 
3256 16.574323 
3257 16.574323 
3258 16.574323 
3259 16.574323 
3260 16.574323 
3261 16.574323 
3262 16.574323 
3263 16.574323 
3264 16.574323 
3265 16.574323 
3266 16.574323 
3267 16.574323 
3268 16.574323 
3269 16.574323 
3270 16.574323 
3271 16.574323 
3272 16.574323 
3273 16.574323 
3274 16.574323 
3275 16.574322 
3276 16.574322 
3277 16.574322 
3278 16.574322 
3279 16.574322 
3280 16.574322 
3281 16.574322 
3282 16.574322 
3283 16.574322 
3284 16.574322 
3285 16.574322 
3286 16.574322 
3287 16.574322 
3288 16.574322 
3289 16.574322 
3290 16.574322 
3291 16.574322 
3292 16.574322 
3293 16.574322 
3294 16.574322 
3295 16.574322 
3296 16.574322 
3297 16.574322 
3298 16.574322 
3299 16.574322 
3300 16.574322 
3301 16.574322 
3302 16.574322 
3303 16.574322 
3304 16.574322 
3305 16.574322 
3306 16.574322 
3307 16.574322 
3308 16.574322 
3309 16.574322 
3310 16.574322 
3311 16.574322 
3312 16.574322 
3313 16.574322 
3314 16.574322 
3315 16.574322 
3316 16.574322 
3317 16.574322 
3318 16.574322 
3319 16.574322 
3320 16.574322 
3321 16.574322 
3322 16.574322 
3323 16.574322 
3324 16.574322 
3325 16.574322 
3326 16.574322 
3327 16.574322 
3328 16.574322 
3329 16.574322 
3330 16.574322 
3331 16.574322 
3332 16.574322 
3333 16.574322 
3334 16.574322 
3335 16.574322 
3336 16.574322 
3337 16.574322 
3338 16.574322 
3339 16.574321 
3340 16.574321 
3341 16.574321 
3342 16.574321 
3343 16.574321 
3344 16.574321 
3345 16.574321 
3346 16.574321 
3347 16.574321 
3348 16.574321 
3349 16.574321 
3350 16.574321 
3351 16.574321 
3352 16.574321 
3353 16.574321 
3354 16.574321 
3355 16.574321 
3356 16.574321 
3357 16.574321 
3358 16.574321 
3359 16.574321 
3360 16.574321 
3361 16.574321 
3362 16.574321 
3363 16.574321 
3364 16.574321 
3365 16.574321 
3366 16.574321 
3367 16.574321 
3368 16.574321 
3369 16.574321 
3370 16.574321 
3371 16.574321 
3372 16.574321 
3373 16.574321 
3374 16.574321 
3375 16.574321 
3376 16.574321 
3377 16.574321 
3378 16.574321 
3379 16.574321 
3380 16.574321 
3381 16.574321 
3382 16.574321 
3383 16.574321 
3384 16.574321 
3385 16.574321 
3386 16.574321 
3387 16.574321 
3388 16.574321 
3389 16.574321 
3390 16.574321 
3391 16.574321 
3392 16.574321 
3393 16.574321 
3394 16.574321 
3395 16.57432 
3396 16.57432 
3397 16.57432 
3398 16.57432 
3399 16.57432 
3400 16.57432 
3401 16.57432 
3402 16.57432 
3403 16.57432 
3404 16.57432 
3405 16.57432 
3406 16.57432 
3407 16.57432 
3408 16.57432 
3409 16.57432 
3410 16.57432 
3411 16.57432 
3412 16.57432 
3413 16.57432 
3414 16.57432 
3415 16.57432 
3416 16.57432 
3417 16.57432 
3418 16.57432 
3419 16.57432 
3420 16.57432 
3421 16.57432 
3422 16.57432 
3423 16.57432 
3424 16.57432 
3425 16.57432 
3426 16.57432 
3427 16.57432 
3428 16.57432 
3429 16.57432 
3430 16.57432 
3431 16.57432 
3432 16.57432 
3433 16.57432 
3434 16.57432 
3435 16.57432 
3436 16.57432 
3437 16.57432 
3438 16.57432 
3439 16.57432 
3440 16.57432 
3441 16.57432 
3442 16.57432 
3443 16.57432 
3444 16.57432 
3445 16.57432 
3446 16.57432 
3447 16.57432 
3448 16.57432 
3449 16.57432 
3450 16.57432 
3451 16.57432 
3452 16.57432 
3453 16.57432 
3454 16.57432 
3455 16.57432 
3456 16.57432 
3457 16.57432 
3458 16.57432 
3459 16.57432 
3460 16.57432 
3461 16.57432 
3462 16.57432 
3463 16.57432 
3464 16.57432 
3465 16.57432 
3466 16.57432 
3467 16.57432 
3468 16.574319 
3469 16.574319 
3470 16.574319 
3471 16.574319 
3472 16.574319 
3473 16.574319 
3474 16.574319 
3475 16.574319 
3476 16.574319 
3477 16.574319 
3478 16.574319 
3479 16.574319 
3480 16.574319 
3481 16.574319 
3482 16.574319 
3483 16.574319 
3484 16.574319 
3485 16.574319 
3486 16.574319 
3487 16.574319 
3488 16.574319 
3489 16.574319 
3490 16.574319 
3491 16.574319 
3492 16.574319 
3493 16.574319 
3494 16.574319 
3495 16.574319 
3496 16.574319 
3497 16.574319 
3498 16.574319 
3499 16.574319 
3500 16.574319 
3501 16.574319 
3502 16.574319 
3503 16.574319 
3504 16.574319 
3505 16.574319 
3506 16.574319 
3507 16.574319 
3508 16.574319 
3509 16.574319 
3510 16.574319 
3511 16.574319 
3512 16.574319 
3513 16.574319 
3514 16.574319 
3515 16.574319 
3516 16.574319 
3517 16.574319 
3518 16.574319 
3519 16.574319 
3520 16.574319 
3521 16.574319 
3522 16.574319 
3523 16.574319 
3524 16.574319 
3525 16.574318 
3526 16.574318 
3527 16.574318 
3528 16.574318 
3529 16.574318 
3530 16.574318 
3531 16.574318 
3532 16.574318 
3533 16.574318 
3534 16.574318 
3535 16.574318 
3536 16.574318 
3537 16.574318 
3538 16.574318 
3539 16.574318 
3540 16.574318 
3541 16.574318 
3542 16.574318 
3543 16.574318 
3544 16.574318 
3545 16.574318 
3546 16.574318 
3547 16.574318 
3548 16.574318 
3549 16.574318 
3550 16.574318 
3551 16.574318 
3552 16.574318 
3553 16.574318 
3554 16.574318 
3555 16.574318 
3556 16.574318 
3557 16.574318 
3558 16.574318 
3559 16.574318 
3560 16.574318 
3561 16.574318 
3562 16.574318 
3563 16.574318 
3564 16.574318 
3565 16.574318 
3566 16.574318 
3567 16.574318 
3568 16.574318 
3569 16.574318 
3570 16.574318 
3571 16.574318 
3572 16.574318 
3573 16.574318 
3574 16.574318 
3575 16.574318 
3576 16.574318 
3577 16.574318 
3578 16.574318 
3579 16.574318 
3580 16.574318 
3581 16.574317 
3582 16.574317 
3583 16.574317 
3584 16.574317 
3585 16.574317 
3586 16.574317 
3587 16.574317 
3588 16.574317 
3589 16.574317 
3590 16.574317 
3591 16.574317 
3592 16.574317 
3593 16.574317 
3594 16.574317 
3595 16.574317 
3596 16.574317 
3597 16.574317 
3598 16.574317 
3599 16.574317 
3600 16.574317 
3601 16.574317 
3602 16.574317 
3603 16.574317 
3604 16.574317 
3605 16.574317 
3606 16.574317 
3607 16.574317 
3608 16.574317 
3609 16.574317 
3610 16.574317 
3611 16.574317 
3612 16.574317 
3613 16.574317 
3614 16.574317 
3615 16.574317 
3616 16.574317 
3617 16.574317 
3618 16.574317 
3619 16.574317 
3620 16.574317 
3621 16.574316 
3622 16.574316 
3623 16.574316 
3624 16.574316 
3625 16.574316 
3626 16.574316 
3627 16.574316 
3628 16.574316 
3629 16.574316 
3630 16.574316 
3631 16.574316 
3632 16.574316 
3633 16.574316 
3634 16.574316 
3635 16.574316 
3636 16.574316 
3637 16.574316 
3638 16.574316 
3639 16.574316 
3640 16.574316 
3641 16.574316 
3642 16.574316 
3643 16.574316 
3644 16.574316 
3645 16.574316 
3646 16.574316 
3647 16.574316 
3648 16.574316 
3649 16.574316 
3650 16.574316 
3651 16.574316 
3652 16.574316 
3653 16.574316 
3654 16.574316 
3655 16.574316 
3656 16.574316 
3657 16.574316 
3658 16.574316 
3659 16.574316 
3660 16.574316 
3661 16.574316 
3662 16.574316 
3663 16.574316 
3664 16.574316 
3665 16.574316 
3666 16.574316 
3667 16.574316 
3668 16.574316 
3669 16.574316 
3670 16.574316 
3671 16.574316 
3672 16.574316 
3673 16.574316 
3674 16.574316 
3675 16.574316 
3676 16.574316 
3677 16.574316 
3678 16.574316 
3679 16.574316 
3680 16.574316 
3681 16.574316 
3682 16.574316 
3683 16.574315 
3684 16.574315 
3685 16.574315 
3686 16.574315 
3687 16.574315 
3688 16.574315 
3689 16.574315 
3690 16.574315 
3691 16.574315 
3692 16.574315 
3693 16.574315 
3694 16.574315 
3695 16.574315 
3696 16.574315 
3697 16.574315 
3698 16.574315 
3699 16.574315 
3700 16.574315 
3701 16.574315 
3702 16.574315 
3703 16.574315 
3704 16.574315 
3705 16.574315 
3706 16.574315 
3707 16.574315 
3708 16.574315 
3709 16.574315 
3710 16.574315 
3711 16.574315 
3712 16.574315 
3713 16.574315 
3714 16.574315 
3715 16.574315 
3716 16.574315 
3717 16.574315 
3718 16.574315 
3719 16.574315 
3720 16.574315 
3721 16.574315 
3722 16.574315 
3723 16.574315 
3724 16.574315 
3725 16.574315 
3726 16.574315 
3727 16.574315 
3728 16.574315 
3729 16.574315 
3730 16.574315 
3731 16.574315 
3732 16.574315 
3733 16.574315 
3734 16.574315 
3735 16.574315 
3736 16.574315 
3737 16.574315 
3738 16.574315 
3739 16.574315 
3740 16.574315 
3741 16.574314 
3742 16.574314 
3743 16.574314 
3744 16.574314 
3745 16.574314 
3746 16.574314 
3747 16.574314 
3748 16.574314 
3749 16.574314 
3750 16.574314 
3751 16.574314 
3752 16.574314 
3753 16.574314 
3754 16.574314 
3755 16.574314 
3756 16.574314 
3757 16.574314 
3758 16.574314 
3759 16.574314 
3760 16.574314 
3761 16.574314 
3762 16.574314 
3763 16.574314 
3764 16.574314 
3765 16.574314 
3766 16.574314 
3767 16.574314 
3768 16.574314 
3769 16.574314 
3770 16.574314 
3771 16.574314 
3772 16.574314 
3773 16.574314 
3774 16.574314 
3775 16.574314 
3776 16.574314 
3777 16.574314 
3778 16.574314 
3779 16.574314 
3780 16.574314 
3781 16.574314 
3782 16.574314 
3783 16.574314 
3784 16.574314 
3785 16.574314 
3786 16.574314 
3787 16.574314 
3788 16.574314 
3789 16.574314 
3790 16.574314 
3791 16.574314 
3792 16.574314 
3793 16.574314 
3794 16.574314 
3795 16.574314 
3796 16.574314 
3797 16.574314 
3798 16.574314 
3799 16.574314 
3800 16.574314 
3801 16.574314 
3802 16.574314 
3803 16.574314 
3804 16.574314 
3805 16.574314 
3806 16.574314 
3807 16.574314 
3808 16.574314 
3809 16.574314 
3810 16.574314 
3811 16.574314 
3812 16.574314 
3813 16.574314 
3814 16.574314 
3815 16.574314 
3816 16.574314 
3817 16.574313 
3818 16.574313 
3819 16.574313 
3820 16.574313 
3821 16.574313 
3822 16.574313 
3823 16.574313 
3824 16.574313 
3825 16.574313 
3826 16.574313 
3827 16.574313 
3828 16.574313 
3829 16.574313 
3830 16.574313 
3831 16.574313 
3832 16.574313 
3833 16.574313 
3834 16.574313 
3835 16.574313 
3836 16.574313 
3837 16.574313 
3838 16.574313 
3839 16.574313 
3840 16.574313 
3841 16.574313 
3842 16.574313 
3843 16.574313 
3844 16.574313 
3845 16.574313 
3846 16.574313 
3847 16.574313 
3848 16.574313 
3849 16.574313 
3850 16.574313 
3851 16.574313 
3852 16.574313 
3853 16.574313 
3854 16.574313 
3855 16.574313 
3856 16.574313 
3857 16.574313 
3858 16.574313 
3859 16.574313 
3860 16.574313 
3861 16.574313 
3862 16.574313 
3863 16.574313 
3864 16.574313 
3865 16.574313 
3866 16.574313 
3867 16.574313 
3868 16.574313 
3869 16.574313 
3870 16.574313 
3871 16.574313 
3872 16.574313 
3873 16.574313 
3874 16.574313 
3875 16.574313 
3876 16.574313 
3877 16.574313 
3878 16.574313 
3879 16.574313 
3880 16.574313 
3881 16.574313 
3882 16.574313 
3883 16.574313 
3884 16.574313 
3885 16.574313 
3886 16.574313 
3887 16.574313 
3888 16.574313 
3889 16.574313 
3890 16.574313 
3891 16.574313 
3892 16.574313 
3893 16.574313 
3894 16.574312 
3895 16.574312 
3896 16.574312 
3897 16.574312 
3898 16.574312 
3899 16.574312 
3900 16.574312 
3901 16.574312 
3902 16.574312 
3903 16.574312 
3904 16.574312 
3905 16.574312 
3906 16.574312 
3907 16.574312 
3908 16.574312 
3909 16.574312 
3910 16.574312 
3911 16.574312 
3912 16.574312 
3913 16.574312 
3914 16.574312 
3915 16.574312 
3916 16.574312 
3917 16.574312 
3918 16.574312 
3919 16.574312 
3920 16.574312 
3921 16.574312 
3922 16.574312 
3923 16.574312 
3924 16.574312 
3925 16.574312 
3926 16.574312 
3927 16.574312 
3928 16.574312 
3929 16.574312 
3930 16.574312 
3931 16.574312 
3932 16.574312 
3933 16.574312 
3934 16.574312 
3935 16.574312 
3936 16.574312 
3937 16.574312 
3938 16.574312 
3939 16.574312 
3940 16.574312 
3941 16.574312 
3942 16.574312 
3943 16.574312 
3944 16.574312 
3945 16.574312 
3946 16.574312 
3947 16.574312 
3948 16.574312 
3949 16.574312 
3950 16.574312 
3951 16.574312 
3952 16.574312 
3953 16.574312 
3954 16.574312 
3955 16.574312 
3956 16.574312 
3957 16.574312 
3958 16.574312 
3959 16.574312 
3960 16.574312 
3961 16.574312 
3962 16.574312 
3963 16.574312 
3964 16.574312 
3965 16.574312 
3966 16.574312 
3967 16.574312 
3968 16.574312 
3969 16.574312 
3970 16.574312 
3971 16.574312 
3972 16.574312 
3973 16.574312 
3974 16.574312 
3975 16.574312 
3976 16.574312 
3977 16.574312 
3978 16.574312 
3979 16.574312 
3980 16.574311 
3981 16.574311 
3982 16.574311 
3983 16.574311 
3984 16.574311 
3985 16.574311 
3986 16.574311 
3987 16.574311 
3988 16.574311 
3989 16.574311 
3990 16.574311 
3991 16.574311 
3992 16.574311 
3993 16.574311 
3994 16.574311 
3995 16.574311 
3996 16.574311 
3997 16.574311 
3998 16.574311 
3999 16.574311 
4000 16.574311 
4001 16.574311 
4002 16.574311 
4003 16.574311 
4004 16.574311 
4005 16.574311 
4006 16.574311 
4007 16.574311 
4008 16.574311 
4009 16.574311 
4010 16.574311 
4011 16.574311 
4012 16.574311 
4013 16.574311 
4014 16.574311 
4015 16.574311 
4016 16.574311 
4017 16.574311 
4018 16.574311 
4019 16.574311 
4020 16.574311 
4021 16.574311 
4022 16.574311 
4023 16.574311 
4024 16.574311 
4025 16.574311 
4026 16.574311 
4027 16.574311 
4028 16.574311 
4029 16.574311 
4030 16.574311 
4031 16.574311 
4032 16.574311 
4033 16.574311 
4034 16.574311 
4035 16.574311 
4036 16.574311 
4037 16.574311 
4038 16.574311 
4039 16.574311 
4040 16.574311 
4041 16.574311 
4042 16.574311 
4043 16.574311 
4044 16.574311 
4045 16.574311 
4046 16.574311 
4047 16.574311 
4048 16.574311 
4049 16.574311 
4050 16.574311 
4051 16.574311 
4052 16.574311 
4053 16.57431 
4054 16.57431 
4055 16.57431 
4056 16.57431 
4057 16.57431 
4058 16.57431 
4059 16.57431 
4060 16.57431 
4061 16.57431 
4062 16.57431 
4063 16.57431 
4064 16.57431 
4065 16.57431 
4066 16.57431 
4067 16.57431 
4068 16.57431 
4069 16.57431 
4070 16.57431 
4071 16.57431 
4072 16.57431 
4073 16.57431 
4074 16.57431 
4075 16.57431 
4076 16.57431 
4077 16.57431 
4078 16.57431 
4079 16.57431 
4080 16.57431 
4081 16.57431 
4082 16.57431 
4083 16.57431 
4084 16.57431 
4085 16.57431 
4086 16.57431 
4087 16.57431 
4088 16.57431 
4089 16.57431 
4090 16.57431 
4091 16.57431 
4092 16.57431 
4093 16.57431 
4094 16.57431 
4095 16.57431 
4096 16.57431 
4097 16.57431 
4098 16.57431 
4099 16.57431 
4100 16.57431 
4101 16.57431 
4102 16.57431 
4103 16.57431 
4104 16.57431 
4105 16.57431 
4106 16.57431 
4107 16.57431 
4108 16.57431 
4109 16.57431 
4110 16.57431 
4111 16.57431 
4112 16.57431 
4113 16.57431 
4114 16.57431 
4115 16.57431 
4116 16.57431 
4117 16.57431 
4118 16.57431 
4119 16.57431 
4120 16.57431 
4121 16.57431 
4122 16.57431 
4123 16.57431 
4124 16.57431 
4125 16.57431 
4126 16.57431 
4127 16.57431 
4128 16.57431 
4129 16.57431 
4130 16.57431 
4131 16.57431 
4132 16.57431 
4133 16.57431 
4134 16.57431 
4135 16.574309 
4136 16.574309 
4137 16.574309 
4138 16.574309 
4139 16.574309 
4140 16.574309 
4141 16.574309 
4142 16.574309 
4143 16.574309 
4144 16.574309 
4145 16.574309 
4146 16.574309 
4147 16.574309 
4148 16.574309 
4149 16.574309 
4150 16.574309 
4151 16.574309 
4152 16.574309 
4153 16.574309 
4154 16.574309 
4155 16.574309 
4156 16.574309 
4157 16.574309 
4158 16.574309 
4159 16.574309 
4160 16.574309 
4161 16.574309 
4162 16.574309 
4163 16.574309 
4164 16.574309 
4165 16.574309 
4166 16.574309 
4167 16.574309 
4168 16.574309 
4169 16.574309 
4170 16.574309 
4171 16.574309 
4172 16.574309 
4173 16.574309 
4174 16.574309 
4175 16.574309 
4176 16.574309 
4177 16.574309 
4178 16.574309 
4179 16.574309 
4180 16.574309 
4181 16.574309 
4182 16.574309 
4183 16.574309 
4184 16.574309 
4185 16.574309 
4186 16.574309 
4187 16.574309 
4188 16.574309 
4189 16.574309 
4190 16.574309 
4191 16.574309 
4192 16.574309 
4193 16.574309 
4194 16.574309 
4195 16.574309 
4196 16.574309 
4197 16.574309 
4198 16.574308 
4199 16.574308 
4200 16.574308 
4201 16.574308 
4202 16.574308 
4203 16.574308 
4204 16.574308 
4205 16.574308 
4206 16.574308 
4207 16.574308 
4208 16.574308 
4209 16.574308 
4210 16.574308 
4211 16.574308 
4212 16.574308 
4213 16.574308 
4214 16.574308 
4215 16.574308 
4216 16.574308 
4217 16.574308 
4218 16.574308 
4219 16.574308 
4220 16.574308 
4221 16.574308 
4222 16.574308 
4223 16.574308 
4224 16.574308 
4225 16.574308 
4226 16.574308 
4227 16.574308 
4228 16.574308 
4229 16.574308 
4230 16.574308 
4231 16.574308 
4232 16.574308 
4233 16.574308 
4234 16.574308 
4235 16.574308 
4236 16.574308 
4237 16.574308 
4238 16.574308 
4239 16.574308 
4240 16.574308 
4241 16.574308 
4242 16.574308 
4243 16.574308 
4244 16.574308 
4245 16.574308 
4246 16.574308 
4247 16.574308 
4248 16.574308 
4249 16.574308 
4250 16.574308 
4251 16.574308 
4252 16.574308 
4253 16.574308 
4254 16.574308 
4255 16.574308 
4256 16.574308 
4257 16.574308 
4258 16.574308 
4259 16.574308 
4260 16.574308 
4261 16.574308 
4262 16.574308 
4263 16.574308 
4264 16.574308 
4265 16.574308 
4266 16.574308 
4267 16.574308 
4268 16.574307 
4269 16.574307 
4270 16.574307 
4271 16.574307 
4272 16.574307 
4273 16.574307 
4274 16.574307 
4275 16.574307 
4276 16.574307 
4277 16.574307 
4278 16.574307 
4279 16.574307 
4280 16.574307 
4281 16.574307 
4282 16.574307 
4283 16.574307 
4284 16.574307 
4285 16.574307 
4286 16.574307 
4287 16.574307 
4288 16.574307 
4289 16.574307 
4290 16.574307 
4291 16.574307 
4292 16.574307 
4293 16.574307 
4294 16.574307 
4295 16.574307 
4296 16.574307 
4297 16.574307 
4298 16.574307 
4299 16.574307 
4300 16.574307 
4301 16.574307 
4302 16.574307 
4303 16.574307 
4304 16.574307 
4305 16.574307 
4306 16.574307 
4307 16.574307 
4308 16.574307 
4309 16.574307 
4310 16.574307 
4311 16.574307 
4312 16.574307 
4313 16.574307 
4314 16.574307 
4315 16.574307 
4316 16.574307 
4317 16.574307 
4318 16.574307 
4319 16.574307 
4320 16.574307 
4321 16.574307 
4322 16.574307 
4323 16.574307 
4324 16.574307 
4325 16.574307 
4326 16.574307 
4327 16.574307 
4328 16.574307 
4329 16.574307 
4330 16.574307 
4331 16.574306 
4332 16.574306 
4333 16.574306 
4334 16.574306 
4335 16.574306 
4336 16.574306 
4337 16.574306 
4338 16.574306 
4339 16.574306 
4340 16.574306 
4341 16.574306 
4342 16.574306 
4343 16.574306 
4344 16.574306 
4345 16.574306 
4346 16.574306 
4347 16.574306 
4348 16.574306 
4349 16.574306 
4350 16.574306 
4351 16.574306 
4352 16.574306 
4353 16.574306 
4354 16.574306 
4355 16.574306 
4356 16.574306 
4357 16.574306 
4358 16.574306 
4359 16.574306 
4360 16.574306 
4361 16.574306 
4362 16.574306 
4363 16.574306 
4364 16.574306 
4365 16.574306 
4366 16.574306 
4367 16.574306 
4368 16.574306 
4369 16.574306 
4370 16.574306 
4371 16.574306 
4372 16.574306 
4373 16.574306 
4374 16.574306 
4375 16.574306 
4376 16.574306 
4377 16.574306 
4378 16.574306 
4379 16.574306 
4380 16.574306 
4381 16.574306 
4382 16.574306 
4383 16.574306 
4384 16.574306 
4385 16.574306 
4386 16.574306 
4387 16.574306 
4388 16.574306 
4389 16.574306 
4390 16.574306 
4391 16.574306 
4392 16.574306 
4393 16.574306 
4394 16.574306 
4395 16.574306 
4396 16.574306 
4397 16.574306 
4398 16.574306 
4399 16.574306 
4400 16.574306 
4401 16.574306 
4402 16.574306 
4403 16.574306 
4404 16.574306 
4405 16.574306 
4406 16.574306 
4407 16.574306 
4408 16.574306 
4409 16.574306 
4410 16.574306 
4411 16.574306 
4412 16.574306 
4413 16.574306 
4414 16.574306 
4415 16.574306 
4416 16.574306 
4417 16.574306 
4418 16.574306 
4419 16.574306 
4420 16.574306 
4421 16.574306 
4422 16.574306 
4423 16.574306 
4424 16.574306 
4425 16.574306 
4426 16.574306 
4427 16.574306 
4428 16.574306 
4429 16.574306 
4430 16.574306 
4431 16.574306 
4432 16.574306 
4433 16.574306 
4434 16.574306 
4435 16.574306 
4436 16.574306 
4437 16.574306 
4438 16.574306 
4439 16.574306 
4440 16.574306 
4441 16.574306 
4442 16.574306 
4443 16.574306 
4444 16.574306 
4445 16.574305 
4446 16.574305 
4447 16.574305 
4448 16.574305 
4449 16.574305 
4450 16.574305 
4451 16.574305 
4452 16.574305 
4453 16.574305 
4454 16.574305 
4455 16.574305 
4456 16.574305 
4457 16.574305 
4458 16.574305 
4459 16.574305 
4460 16.574305 
4461 16.574305 
4462 16.574305 
4463 16.574305 
4464 16.574305 
4465 16.574305 
4466 16.574305 
4467 16.574305 
4468 16.574305 
4469 16.574305 
4470 16.574305 
4471 16.574305 
4472 16.574305 
4473 16.574305 
4474 16.574305 
4475 16.574305 
4476 16.574305 
4477 16.574305 
4478 16.574305 
4479 16.574305 
4480 16.574305 
4481 16.574305 
4482 16.574305 
4483 16.574305 
4484 16.574305 
4485 16.574305 
4486 16.574305 
4487 16.574305 
4488 16.574305 
4489 16.574305 
4490 16.574305 
4491 16.574305 
4492 16.574305 
4493 16.574305 
4494 16.574305 
4495 16.574305 
4496 16.574305 
4497 16.574305 
4498 16.574305 
4499 16.574305 
4500 16.574305 
4501 16.574305 
4502 16.574305 
4503 16.574305 
4504 16.574305 
4505 16.574305 
4506 16.574305 
4507 16.574305 
4508 16.574305 
4509 16.574305 
4510 16.574305 
4511 16.574305 
4512 16.574305 
4513 16.574305 
4514 16.574305 
4515 16.574305 
4516 16.574305 
4517 16.574305 
4518 16.574305 
4519 16.574305 
4520 16.574305 
4521 16.574305 
4522 16.574305 
4523 16.574305 
4524 16.574305 
4525 16.574305 
4526 16.574305 
4527 16.574305 
4528 16.574305 
4529 16.574305 
4530 16.574305 
4531 16.574305 
4532 16.574305 
4533 16.574305 
4534 16.574305 
4535 16.574305 
4536 16.574305 
4537 16.574305 
4538 16.574305 
4539 16.574305 
4540 16.574305 
4541 16.574305 
4542 16.574305 
4543 16.574305 
4544 16.574305 
4545 16.574305 
4546 16.574305 
4547 16.574305 
4548 16.574304 
4549 16.574304 
4550 16.574304 
4551 16.574304 
4552 16.574304 
4553 16.574304 
4554 16.574304 
4555 16.574304 
4556 16.574304 
4557 16.574304 
4558 16.574304 
4559 16.574304 
4560 16.574304 
4561 16.574304 
4562 16.574304 
4563 16.574304 
4564 16.574304 
4565 16.574304 
4566 16.574304 
4567 16.574304 
4568 16.574304 
4569 16.574304 
4570 16.574304 
4571 16.574304 
4572 16.574304 
4573 16.574304 
4574 16.574304 
4575 16.574304 
4576 16.574304 
4577 16.574304 
4578 16.574304 
4579 16.574304 
4580 16.574304 
4581 16.574304 
4582 16.574304 
4583 16.574304 
4584 16.574304 
4585 16.574304 
4586 16.574304 
4587 16.574304 
4588 16.574304 
4589 16.574304 
4590 16.574304 
4591 16.574304 
4592 16.574304 
4593 16.574304 
4594 16.574304 
4595 16.574304 
4596 16.574304 
4597 16.574304 
4598 16.574304 
4599 16.574304 
4600 16.574304 
4601 16.574304 
4602 16.574304 
4603 16.574304 
4604 16.574304 
4605 16.574304 
4606 16.574304 
4607 16.574304 
4608 16.574304 
4609 16.574304 
4610 16.574304 
4611 16.574304 
4612 16.574304 
4613 16.574304 
4614 16.574304 
4615 16.574304 
4616 16.574304 
4617 16.574304 
4618 16.574304 
4619 16.574304 
4620 16.574304 
4621 16.574304 
4622 16.574304 
4623 16.574304 
4624 16.574304 
4625 16.574304 
4626 16.574304 
4627 16.574304 
4628 16.574304 
4629 16.574304 
4630 16.574304 
4631 16.574304 
4632 16.574304 
4633 16.574304 
4634 16.574304 
4635 16.574304 
4636 16.574304 
4637 16.574304 
4638 16.574304 
4639 16.574304 
4640 16.574304 
4641 16.574304 
4642 16.574304 
4643 16.574304 
4644 16.574304 
4645 16.574304 
4646 16.574304 
4647 16.574304 
4648 16.574304 
4649 16.574304 
4650 16.574304 
4651 16.574304 
4652 16.574304 
4653 16.574304 
4654 16.574304 
4655 16.574304 
4656 16.574304 
4657 16.574304 
4658 16.574304 
4659 16.574304 
4660 16.574304 
4661 16.574304 
4662 16.574303 
4663 16.574303 
4664 16.574303 
4665 16.574303 
4666 16.574303 
4667 16.574303 
4668 16.574303 
4669 16.574303 
4670 16.574303 
4671 16.574303 
4672 16.574303 
4673 16.574303 
4674 16.574303 
4675 16.574303 
4676 16.574303 
4677 16.574303 
4678 16.574303 
4679 16.574303 
4680 16.574303 
4681 16.574303 
4682 16.574303 
4683 16.574303 
4684 16.574303 
4685 16.574303 
4686 16.574303 
4687 16.574303 
4688 16.574303 
4689 16.574303 
4690 16.574303 
4691 16.574303 
4692 16.574303 
4693 16.574303 
4694 16.574303 
4695 16.574303 
4696 16.574303 
4697 16.574303 
4698 16.574303 
4699 16.574303 
4700 16.574303 
4701 16.574303 
4702 16.574303 
4703 16.574303 
4704 16.574303 
4705 16.574303 
4706 16.574303 
4707 16.574303 
4708 16.574303 
4709 16.574303 
4710 16.574303 
4711 16.574303 
4712 16.574303 
4713 16.574303 
4714 16.574303 
4715 16.574303 
4716 16.574303 
4717 16.574303 
4718 16.574303 
4719 16.574303 
4720 16.574303 
4721 16.574303 
4722 16.574303 
4723 16.574303 
4724 16.574303 
4725 16.574303 
4726 16.574303 
4727 16.574303 
4728 16.574303 
4729 16.574303 
4730 16.574303 
4731 16.574303 
4732 16.574303 
4733 16.574303 
4734 16.574303 
4735 16.574303 
4736 16.574303 
4737 16.574303 
4738 16.574303 
4739 16.574303 
4740 16.574303 
4741 16.574303 
4742 16.574303 
4743 16.574303 
4744 16.574303 
4745 16.574303 
4746 16.574303 
4747 16.574303 
4748 16.574303 
4749 16.574303 
4750 16.574303 
4751 16.574303 
4752 16.574303 
4753 16.574303 
4754 16.574303 
4755 16.574303 
4756 16.574303 
4757 16.574303 
4758 16.574303 
4759 16.574303 
4760 16.574303 
4761 16.574303 
4762 16.574303 
4763 16.574303 
4764 16.574303 
4765 16.574303 
4766 16.574303 
4767 16.574303 
4768 16.574303 
4769 16.574303 
4770 16.574303 
4771 16.574303 
4772 16.574303 
4773 16.574303 
4774 16.574303 
4775 16.574303 
4776 16.574303 
4777 16.574303 
4778 16.574303 
4779 16.574303 
4780 16.574303 
4781 16.574303 
4782 16.574303 
4783 16.574303 
4784 16.574303 
4785 16.574303 
4786 16.574303 
4787 16.574303 
4788 16.574303 
4789 16.574303 
4790 16.574303 
4791 16.574303 
4792 16.574303 
4793 16.574303 
4794 16.574303 
4795 16.574303 
4796 16.574303 
4797 16.574303 
4798 16.574303 
4799 16.574303 
4800 16.574303 
4801 16.574303 
4802 16.574303 
4803 16.574303 
4804 16.574303 
4805 16.574303 
4806 16.574303 
4807 16.574303 
4808 16.574302 
4809 16.574302 
4810 16.574302 
4811 16.574302 
4812 16.574302 
4813 16.574302 
4814 16.574302 
4815 16.574302 
4816 16.574302 
4817 16.574302 
4818 16.574302 
4819 16.574302 
4820 16.574302 
4821 16.574302 
4822 16.574302 
4823 16.574302 
4824 16.574302 
4825 16.574302 
4826 16.574302 
4827 16.574302 
4828 16.574302 
4829 16.574302 
4830 16.574302 
4831 16.574302 
4832 16.574302 
4833 16.574302 
4834 16.574302 
4835 16.574302 
4836 16.574302 
4837 16.574302 
4838 16.574302 
4839 16.574302 
4840 16.574302 
4841 16.574302 
4842 16.574302 
4843 16.574302 
4844 16.574302 
4845 16.574302 
4846 16.574302 
4847 16.574302 
4848 16.574302 
4849 16.574302 
4850 16.574302 
4851 16.574302 
4852 16.574302 
4853 16.574302 
4854 16.574302 
4855 16.574302 
4856 16.574302 
4857 16.574302 
4858 16.574302 
4859 16.574302 
4860 16.574302 
4861 16.574302 
4862 16.574302 
4863 16.574302 
4864 16.574302 
4865 16.574302 
4866 16.574302 
4867 16.574302 
4868 16.574302 
4869 16.574302 
4870 16.574302 
4871 16.574302 
4872 16.574302 
4873 16.574302 
4874 16.574302 
4875 16.574302 
4876 16.574302 
4877 16.574302 
4878 16.574302 
4879 16.574302 
4880 16.574302 
4881 16.574302 
4882 16.574302 
4883 16.574302 
4884 16.574302 
4885 16.574302 
4886 16.574302 
4887 16.574302 
4888 16.574302 
4889 16.574302 
4890 16.574302 
4891 16.574302 
4892 16.574302 
4893 16.574302 
4894 16.574302 
4895 16.574302 
4896 16.574302 
4897 16.574302 
4898 16.574302 
4899 16.574302 
4900 16.574302 
4901 16.574302 
4902 16.574302 
4903 16.574302 
4904 16.574302 
4905 16.574302 
4906 16.574302 
4907 16.574302 
4908 16.574302 
4909 16.574302 
4910 16.574302 
4911 16.574302 
4912 16.574302 
4913 16.574302 
4914 16.574302 
4915 16.574302 
4916 16.574302 
4917 16.574302 
4918 16.574302 
4919 16.574302 
4920 16.574302 
4921 16.574302 
4922 16.574302 
4923 16.574302 
4924 16.574302 
4925 16.574302 
4926 16.574302 
4927 16.574302 
4928 16.574302 
4929 16.574302 
4930 16.574302 
4931 16.574302 
4932 16.574302 
4933 16.574302 
4934 16.574302 
4935 16.574302 
4936 16.574302 
4937 16.574302 
4938 16.574302 
4939 16.574302 
4940 16.574302 
4941 16.574302 
4942 16.574302 
4943 16.574302 
4944 16.574302 
4945 16.574302 
4946 16.574301 
4947 16.574301 
4948 16.574301 
4949 16.574301 
4950 16.574301 
4951 16.574301 
4952 16.574301 
4953 16.574301 
4954 16.574301 
4955 16.574301 
4956 16.574301 
4957 16.574301 
4958 16.574301 
4959 16.574301 
4960 16.574301 
4961 16.574301 
4962 16.574301 
4963 16.574301 
4964 16.574301 
4965 16.574301 
4966 16.574301 
4967 16.574301 
4968 16.574301 
4969 16.574301 
4970 16.574301 
4971 16.574301 
4972 16.574301 
4973 16.574301 
4974 16.574301 
4975 16.574301 
4976 16.574301 
4977 16.574301 
4978 16.574301 
4979 16.574301 
4980 16.574301 
4981 16.574301 
4982 16.574301 
4983 16.574301 
4984 16.574301 
4985 16.574301 
4986 16.574301 
4987 16.574301 
4988 16.574301 
4989 16.574301 
4990 16.574301 
4991 16.574301 
4992 16.574301 
4993 16.574301 
4994 16.574301 
4995 16.574301 
4996 16.574301 
4997 16.574301 
4998 16.574301 
4999 16.574301 
5000 16.574301 
