1 1.07203 
2 1.07353 
3 1.07353 
4 1.07439 
5 1.07439 
6 1.11953 
7 1.11962 
8 1.12363 
9 1.13802 
10 1.13802 
11 1.13802 
12 1.13802 
13 1.13802 
14 1.14427 
15 1.18401 
16 1.18629 
17 1.18965 
18 1.19092 
19 1.19092 
20 1.19092 
21 1.19115 
22 1.19189 
23 1.19189 
24 1.19194 
25 1.19195 
26 1.19199 
27 1.19902 
28 1.19902 
29 1.19964 
30 1.20051 
31 1.20051 
32 1.20298 
33 1.20299 
34 1.2047 
35 1.20587 
36 1.20714 
37 1.25579 
38 1.2558 
39 1.25653 
40 1.25761 
41 1.25761 
42 1.25761 
43 1.25766 
44 1.25768 
45 1.25772 
46 1.2579 
47 1.2579 
48 1.25795 
49 1.25822 
50 1.25822 
51 1.2589 
52 1.26302 
53 1.26325 
54 1.26377 
55 1.26377 
56 1.26383 
57 1.26424 
58 1.26455 
59 1.26475 
60 1.26687 
61 1.26687 
62 1.26705 
63 1.26715 
64 1.26715 
65 1.26716 
66 1.26717 
67 1.26719 
68 1.2672 
69 1.26738 
70 1.26841 
71 1.26841 
72 1.26873 
73 1.2688 
74 1.26892 
75 1.26901 
76 1.26912 
77 1.26952 
78 1.28259 
79 1.28316 
80 1.28316 
81 1.28353 
82 1.28376 
83 1.28377 
84 1.28505 
85 1.28574 
86 1.28593 
87 1.2868 
88 1.28712 
89 1.29081 
90 1.29081 
91 1.29093 
92 1.29102 
93 1.29102 
94 1.29104 
95 1.29105 
96 1.29105 
97 1.29115 
98 1.29164 
99 1.29176 
100 1.30221 
101 1.30223 
102 1.30243 
103 1.30243 
104 1.30273 
105 1.30273 
106 1.30302 
107 1.30341 
108 1.30345 
109 1.30408 
110 1.30478 
111 1.30495 
112 1.30693 
113 1.3124 
114 1.31266 
115 1.31266 
116 1.31266 
117 1.31269 
118 1.31274 
119 1.31279 
120 1.31281 
121 1.31284 
122 1.31308 
123 1.31308 
124 1.31358 
125 1.31359 
126 1.31401 
127 1.31506 
128 1.35992 
129 1.35994 
130 1.36023 
131 1.36074 
132 1.36077 
133 1.36193 
134 1.3635 
135 1.36358 
136 1.36396 
137 1.3656 
138 1.36607 
139 1.36747 
140 1.37451 
141 1.37451 
142 1.37461 
143 1.37461 
144 1.37462 
145 1.37464 
146 1.37467 
147 1.37481 
148 1.3749 
149 1.37494 
150 1.37498 
151 1.37499 
152 1.375 
153 1.37666 
154 1.37666 
155 1.37668 
156 1.3767 
157 1.3767 
158 1.37677 
159 1.37679 
160 1.37686 
161 1.37689 
162 1.37691 
163 1.37695 
164 1.37702 
165 1.37715 
166 1.37716 
167 1.37752 
168 1.40436 
169 1.40521 
170 1.40538 
171 1.40584 
172 1.40648 
173 1.40676 
174 1.40788 
175 1.40839 
176 1.4092 
177 1.40974 
178 1.41042 
179 1.4193 
180 1.4193 
181 1.4193 
182 1.4193 
183 1.41951 
184 1.41951 
185 1.4196 
186 1.41968 
187 1.41982 
188 1.41996 
189 1.41998 
190 1.4201 
191 1.42026 
192 1.4204 
193 1.42144 
194 1.42144 
195 1.42147 
196 1.42148 
197 1.42148 
198 1.4215 
199 1.42151 
200 1.42153 
201 1.42156 
202 1.42158 
203 1.42159 
204 1.42167 
205 1.42173 
206 1.42333 
207 1.42333 
208 1.42336 
209 1.42336 
210 1.4235 
211 1.42357 
212 1.42364 
213 1.42373 
214 1.42386 
215 1.42397 
216 1.42411 
217 1.42442 
218 1.42996 
219 1.42996 
220 1.42999 
221 1.43 
222 1.43001 
223 1.43002 
224 1.43004 
225 1.43004 
226 1.43005 
227 1.43007 
228 1.43009 
229 1.43012 
230 1.43013 
231 1.43021 
232 1.43081 
233 1.46975 
234 1.46976 
235 1.46989 
236 1.47046 
237 1.47047 
238 1.47047 
239 1.471 
240 1.471 
241 1.471 
242 1.47111 
243 1.47126 
244 1.47131 
245 1.47139 
246 1.4716 
247 1.47164 
248 1.47166 
249 1.47197 
250 1.47212 
251 1.47272 
252 1.47288 
253 1.47383 
254 1.47571 
255 1.47633 
256 1.477 
257 1.48175 
258 1.48183 
259 1.48188 
260 1.48209 
261 1.48226 
262 1.4827 
263 1.48378 
264 1.56503 
265 1.56543 
266 1.56543 
267 1.56603 
268 1.56603 
269 1.5661 
270 1.5661 
271 1.56612 
272 1.56624 
273 1.56637 
274 1.56667 
275 1.56679 
276 1.5669 
277 1.56791 
278 1.56797 
279 1.56811 
280 1.56825 
281 1.56845 
282 1.56858 
283 1.56984 
284 1.57112 
285 1.57352 
286 1.57673 
287 1.57834 
288 1.57875 
289 1.58046 
290 1.58098 
291 1.59082 
292 1.59088 
293 1.59089 
294 1.59105 
295 1.59134 
296 1.59174 
297 1.59342 
298 1.62486 
299 1.6249 
300 1.62509 
301 1.62509 
302 1.62516 
303 1.62519 
304 1.62521 
305 1.62528 
306 1.62535 
307 1.62539 
308 1.62548 
309 1.6256 
310 1.62572 
311 1.6259 
312 1.62685 
313 1.62844 
314 1.62995 
315 1.63054 
316 1.64065 
317 1.64065 
318 1.64065 
319 1.64068 
320 1.64066 
321 1.64069 
322 1.6407 
323 1.64069 
324 1.6407 
325 1.64072 
326 1.64072 
327 1.64073 
328 1.64076 
329 1.64097 
330 1.64199 
331 1.64343 
332 1.66547 
333 1.66547 
334 1.66535 
335 1.66534 
336 1.66532 
337 1.66531 
338 1.66531 
339 1.66531 
340 1.66531 
341 1.66532 
342 1.66533 
343 1.66534 
344 1.66535 
345 1.66536 
346 1.66537 
347 1.66537 
348 1.66538 
349 1.66538 
350 1.66539 
351 1.6654 
352 1.66541 
353 1.66541 
354 1.66541 
355 1.66543 
356 1.66545 
357 1.66545 
358 1.66545 
359 1.66547 
360 1.66548 
361 1.66549 
362 1.66583 
363 1.66583 
364 1.66584 
365 1.66587 
366 1.66596 
367 1.66636 
368 1.66795 
369 1.67132 
370 1.67136 
371 1.67235 
372 1.68629 
373 1.68628 
374 1.68628 
375 1.68631 
376 1.68632 
377 1.68633 
378 1.68634 
379 1.68635 
380 1.68637 
381 1.68637 
382 1.6864 
383 1.68644 
384 1.68652 
385 1.68649 
386 1.68647 
387 1.6892 
388 1.6892 
389 1.6891 
390 1.6891 
391 1.68912 
392 1.68913 
393 1.68914 
394 1.68915 
395 1.68916 
396 1.68915 
397 1.68915 
398 1.6892 
399 1.68918 
400 1.6892 
401 1.68922 
402 1.6897 
403 1.68997 
404 1.69047 
405 1.69065 
406 1.69071 
407 1.69087 
408 1.69117 
409 1.69165 
410 1.69278 
411 1.69276 
412 1.6927 
413 1.71577 
414 1.71578 
415 1.71585 
416 1.71588 
417 1.71588 
418 1.7159 
419 1.71591 
420 1.71593 
421 1.71604 
422 1.71606 
423 1.71612 
424 1.71617 
425 1.71623 
426 1.71628 
427 1.71643 
428 1.71647 
429 1.71656 
430 1.7167 
431 1.71678 
432 1.71703 
433 1.7171 
434 1.75832 
435 1.75823 
436 1.75823 
437 1.75825 
438 1.75828 
439 1.75817 
440 1.75802 
441 1.75818 
442 1.75829 
443 1.75834 
444 1.75917 
445 1.76046 
446 1.76492 
447 1.7649 
448 1.76486 
449 1.76486 
450 1.76485 
451 1.76485 
452 1.76484 
453 1.76484 
454 1.76485 
455 1.76486 
456 1.7649 
457 1.76495 
458 1.76495 
459 1.76494 
460 1.76495 
461 1.76504 
462 1.7653 
463 1.76542 
464 1.7655 
465 1.76572 
466 1.76122 
467 1.76121 
468 1.76121 
469 1.76121 
470 1.76121 
471 1.7612 
472 1.76122 
473 1.76124 
474 1.76128 
475 1.76131 
476 1.76137 
477 1.76152 
478 1.76157 
479 1.76163 
480 1.76059 
481 1.75617 
482 1.75613 
483 1.75617 
484 1.75648 
485 1.75643 
486 1.75637 
487 1.75628 
488 1.75167 
489 1.74917 
490 1.73741 
491 1.7031 
492 1.7031 
493 1.70308 
494 1.70309 
495 1.70309 
496 1.70309 
497 1.7031 
498 1.7031 
499 1.7031 
500 1.70311 
501 1.70311 
502 1.70312 
503 1.70311 
504 1.70311 
505 1.7031 
506 1.70309 
507 1.70309 
508 1.70312 
509 1.70314 
510 1.70315 
511 1.7032 
512 1.70323 
513 1.70331 
514 1.70337 
515 1.7035 
516 1.70352 
517 1.70374 
518 1.70372 
519 1.70027 
520 1.68322 
521 1.6793 
522 1.67928 
523 1.67928 
524 1.67928 
525 1.67928 
526 1.67928 
527 1.67929 
528 1.67929 
529 1.6793 
530 1.67932 
531 1.67933 
532 1.67935 
533 1.67938 
534 1.6794 
535 1.67941 
536 1.67946 
537 1.67952 
538 1.67959 
539 1.67968 
540 1.67972 
541 1.67974 
542 1.67969 
543 1.6713 
544 1.66427 
545 1.65957 
546 1.63767 
547 1.63766 
548 1.63764 
549 1.63766 
550 1.63768 
551 1.63773 
552 1.63785 
553 1.63816 
554 1.63826 
555 1.63664 
556 1.63347 
557 1.59309 
558 1.59311 
559 1.59314 
560 1.59161 
561 1.58644 
562 1.58382 
563 1.5647 
564 1.5647 
565 1.5647 
566 1.56469 
567 1.56469 
568 1.56468 
569 1.56469 
570 1.56469 
571 1.56469 
572 1.56469 
573 1.56469 
574 1.5647 
575 1.56469 
576 1.56468 
577 1.56468 
578 1.56468 
579 1.56468 
580 1.56469 
581 1.5647 
582 1.56471 
583 1.56472 
584 1.56473 
585 1.56474 
586 1.56476 
587 1.56479 
588 1.56488 
589 1.5649 
590 1.56492 
591 1.56495 
592 1.56491 
593 1.56397 
594 1.56108 
595 1.55702 
596 1.55703 
597 1.55371 
598 1.55244 
599 1.54789 
600 1.54788 
601 1.54787 
602 1.5478 
603 1.54115 
604 1.54111 
605 1.5411 
606 1.54116 
607 1.54127 
608 1.54161 
609 1.54139 
610 1.54151 
611 1.54137 
612 1.54091 
613 1.54087 
614 1.54092 
615 1.54064 
616 1.54044 
617 1.53992 
618 1.53973 
619 1.53972 
620 1.5397 
621 1.53971 
622 1.53973 
623 1.53976 
624 1.53984 
625 1.53987 
626 1.53984 
627 1.53981 
628 1.53974 
629 1.53965 
630 1.53365 
631 1.53361 
632 1.53358 
633 1.53354 
634 1.53343 
635 1.53328 
636 1.53295 
637 1.53274 
638 1.53243 
639 1.52886 
640 1.52711 
641 1.52629 
642 1.52522 
643 1.52465 
644 1.52357 
645 1.52378 
646 1.52108 
647 1.5216 
648 1.5219 
649 1.52189 
650 1.52189 
651 1.52189 
652 1.5219 
653 1.5219 
654 1.5219 
655 1.5219 
656 1.52191 
657 1.52191 
658 1.52191 
659 1.52192 
660 1.52193 
661 1.52193 
662 1.52194 
663 1.52194 
664 1.52196 
665 1.52197 
666 1.52197 
667 1.52198 
668 1.522 
669 1.52201 
670 1.52215 
671 1.52215 
672 1.52217 
673 1.52219 
674 1.52212 
675 1.52022 
676 1.52022 
677 1.52022 
678 1.52021 
679 1.52021 
680 1.5204 
681 1.51986 
682 1.51753 
683 1.51752 
684 1.51715 
685 1.51672 
686 1.51341 
687 1.51341 
688 1.51347 
689 1.5131 
690 1.50913 
691 1.50931 
692 1.50915 
693 1.5082 
694 1.50755 
695 1.50688 
696 1.50617 
697 1.50552 
698 1.50508 
699 1.50266 
700 1.50267 
701 1.50245 
702 1.49945 
703 1.49958 
704 1.4995 
705 1.49683 
706 1.49697 
707 1.49682 
708 1.49592 
709 1.49572 
710 1.49499 
711 1.49419 
712 1.49373 
713 1.49281 
714 1.49263 
715 1.49185 
716 1.49134 
717 1.49085 
718 1.48758 
719 1.48773 
720 1.48767 
721 1.48509 
722 1.48505 
723 1.4851 
724 1.48513 
725 1.48576 
726 1.48582 
727 1.4855 
728 1.48453 
729 1.48424 
730 1.48346 
731 1.48288 
732 1.4824 
733 1.47706 
734 1.47725 
735 1.47728 
736 1.47581 
737 1.47538 
738 1.47482 
739 1.45582 
740 1.45595 
741 1.45563 
742 1.45503 
743 1.45461 
744 1.45461 
745 1.45461 
746 1.45461 
747 1.4546 
748 1.4546 
749 1.4546 
750 1.45459 
751 1.45459 
752 1.45458 
753 1.45457 
754 1.45457 
755 1.45455 
756 1.45452 
757 1.45446 
758 1.45438 
759 1.45434 
760 1.45429 
761 1.45427 
762 1.45425 
763 1.45418 
764 1.45405 
765 1.45402 
766 1.45383 
767 1.4538 
768 1.45378 
769 1.45371 
770 1.45328 
771 1.45179 
772 1.45179 
773 1.4518 
774 1.45035 
775 1.45034 
776 1.45037 
777 1.45032 
778 1.44947 
779 1.44888 
780 1.44835 
781 1.45028 
782 1.45024 
783 1.45022 
784 1.45003 
785 1.44997 
786 1.45009 
787 1.45183 
788 1.45182 
789 1.45128 
790 1.45084 
791 1.45197 
792 1.45164 
793 1.45134 
794 1.45177 
795 1.45271 
796 1.45237 
797 1.45201 
798 1.45247 
799 1.45428 
800 1.45423 
801 1.45379 
802 1.45344 
803 1.4532 
804 1.45328 
805 1.45375 
806 1.4542 
807 1.45467 
808 1.45472 
809 1.45602 
810 1.45628 
811 1.45724 
812 1.45686 
813 1.45615 
814 1.45668 
815 1.45728 
816 1.45726 
817 1.45772 
818 1.45813 
819 1.4576 
820 1.45805 
821 1.45909 
822 1.45873 
823 1.45826 
824 1.45872 
825 1.4639 
826 1.46386 
827 1.46292 
828 1.4623 
829 1.46182 
830 1.46129 
831 1.46196 
832 1.46164 
833 1.46214 
834 1.46186 
835 1.46225 
836 1.46298 
837 1.46271 
838 1.46387 
839 1.46395 
840 1.4651 
841 1.46491 
842 1.46476 
843 1.46539 
844 1.46524 
845 1.46513 
846 1.46545 
847 1.46584 
848 1.4658 
849 1.46605 
850 1.4663 
851 1.47512 
852 1.47518 
853 1.47506 
854 1.47422 
855 1.47373 
856 1.47346 
857 1.4734 
858 1.47404 
859 1.47394 
860 1.47458 
861 1.47442 
862 1.48358 
863 1.4835 
864 1.48352 
865 1.48286 
866 1.48245 
867 1.48215 
868 1.48182 
869 1.48212 
870 1.48199 
871 1.48216 
872 1.48246 
873 1.48274 
874 1.48471 
875 1.48435 
876 1.48411 
877 1.48387 
878 1.48429 
879 1.48412 
880 1.48455 
881 1.48441 
882 1.48501 
883 1.48488 
884 1.48496 
885 1.48522 
886 1.48555 
887 1.48565 
888 1.48589 
889 1.48625 
890 1.48619 
891 1.48648 
892 1.48658 
893 1.48676 
894 1.48789 
895 1.48774 
896 1.48765 
897 1.49143 
898 1.49146 
899 1.49202 
900 1.49259 
901 1.49217 
902 1.49271 
903 1.49369 
904 1.49329 
905 1.49319 
906 1.49385 
907 1.49433 
908 1.49433 
909 1.49432 
910 1.49432 
911 1.49432 
912 1.49431 
913 1.49431 
914 1.49431 
915 1.4943 
916 1.49431 
917 1.49431 
918 1.49431 
919 1.49431 
920 1.49431 
921 1.4943 
922 1.49428 
923 1.49428 
924 1.49427 
925 1.49426 
926 1.49426 
927 1.49425 
928 1.49425 
929 1.49423 
930 1.49423 
931 1.49434 
932 1.49434 
933 1.49438 
934 1.49441 
935 1.49462 
936 1.49511 
937 1.49511 
938 1.49503 
939 1.49507 
940 1.49599 
941 1.49606 
942 1.4958 
943 1.49586 
944 1.49614 
945 1.49724 
946 1.49703 
947 1.49702 
948 1.49736 
949 1.49767 
950 1.50097 
951 1.50097 
952 1.50097 
953 1.5009 
954 1.50096 
955 1.50113 
956 1.50254 
957 1.50198 
958 1.50096 
959 1.50326 
960 1.50236 
961 1.50293 
962 1.50257 
963 1.50303 
964 1.50273 
965 1.50326 
966 1.50366 
967 1.50494 
968 1.50456 
969 1.50425 
970 1.50617 
971 1.50569 
972 1.50537 
973 1.505 
974 1.5054 
975 1.50695 
976 1.50656 
977 1.50625 
978 1.51009 
979 1.51009 
980 1.50961 
981 1.50938 
982 1.51036 
983 1.51069 
984 1.51093 
985 1.51057 
986 1.51109 
987 1.51676 
988 1.51677 
989 1.51678 
990 1.51681 
991 1.51733 
992 1.51691 
993 1.51767 
994 1.51726 
995 1.51908 
996 1.5187 
997 1.51845 
998 1.51827 
999 1.51813 
1000 1.51816 
1001 1.51826 
1002 1.51842 
1003 1.51855 
1004 1.5188 
1005 1.51873 
1006 1.51873 
1007 1.52268 
1008 1.52065 
1009 1.52023 
1010 1.51895 
1011 1.51988 
1012 1.52084 
1013 1.51974 
1014 1.52046 
1015 1.52148 
1016 1.52092 
1017 1.52131 
1018 1.52141 
1019 1.52146 
1020 1.52105 
1021 1.52164 
1022 1.52229 
1023 1.52204 
1024 1.52246 
1025 1.52226 
1026 1.52225 
1027 1.52239 
1028 1.52263 
1029 1.52254 
1030 1.52269 
1031 1.52281 
1032 1.5229 
1033 1.52298 
1034 1.52433 
1035 1.52388 
1036 1.52273 
1037 1.52454 
1038 1.52408 
1039 1.52443 
1040 1.52402 
1041 1.5243 
1042 1.52456 
1043 1.52813 
1044 1.52814 
1045 1.52803 
1046 1.52762 
1047 1.52706 
1048 1.52675 
1049 1.52656 
1050 1.52648 
1051 1.52672 
1052 1.52562 
1053 1.52566 
1054 1.52639 
1055 1.52695 
1056 1.52819 
1057 1.52761 
1058 1.5265 
1059 1.52777 
1060 1.52743 
1061 1.5279 
1062 1.52764 
1063 1.52982 
1064 1.52979 
1065 1.5298 
1066 1.5297 
1067 1.52964 
1068 1.53032 
1069 1.53007 
1070 1.53083 
1071 1.53019 
1072 1.53047 
1073 1.5303 
1074 1.53027 
1075 1.53026 
1076 1.5306 
1077 1.53043 
1078 1.5304 
1079 1.53043 
1080 1.53387 
1081 1.53346 
1082 1.53287 
1083 1.53244 
1084 1.53225 
1085 1.53159 
1086 1.53169 
1087 1.53179 
1088 1.53171 
1089 1.53194 
1090 1.53181 
1091 1.53199 
1092 1.53205 
1093 1.5321 
1094 1.53216 
1095 1.53206 
1096 1.53214 
1097 1.53242 
1098 1.53248 
1099 1.53253 
1100 1.53256 
1101 1.53175 
1102 1.53188 
1103 1.53208 
1104 1.53244 
1105 1.53238 
1106 1.53226 
1107 1.53233 
1108 1.53238 
1109 1.53188 
1110 1.53192 
1111 1.53198 
1112 1.52942 
1113 1.52955 
1114 1.52988 
1115 1.53006 
1116 1.52913 
1117 1.52931 
1118 1.52865 
1119 1.52873 
1120 1.52825 
1121 1.52835 
1122 1.52791 
1123 1.52799 
1124 1.52757 
1125 1.52762 
1126 1.52721 
1127 1.52724 
1128 1.52681 
1129 1.52682 
1130 1.52623 
1131 1.52625 
1132 1.52101 
1133 1.52137 
1134 1.52156 
1135 1.52127 
1136 1.53181 
1137 1.53182 
1138 1.53302 
1139 1.5332 
1140 1.5403 
1141 1.54028 
1142 1.54145 
1143 1.54197 
1144 1.54431 
1145 1.54468 
1146 1.54818 
1147 1.54839 
1148 1.55869 
1149 1.55882 
1150 1.56645 
1151 1.56649 
1152 1.58446 
1153 1.58452 
1154 1.58656 
1155 1.59362 
1156 1.59366 
1157 1.59382 
1158 1.5957 
1159 1.60378 
1160 1.60499 
1161 1.60697 
1162 1.60919 
1163 1.61179 
1164 1.61328 
1165 1.61748 
1166 1.61875 
1167 1.62166 
1168 1.62412 
1169 1.62498 
1170 1.62839 
1171 1.63009 
1172 1.63085 
1173 1.63348 
1174 1.63479 
1175 1.63563 
1176 1.64469 
1177 1.64453 
1178 1.6445 
1179 1.6454 
1180 1.6461 
1181 1.64646 
1182 1.64693 
1183 1.65076 
1184 1.65073 
1185 1.65016 
1186 1.64956 
1187 1.64687 
1188 1.64582 
1189 1.64301 
1190 1.64142 
1191 1.64005 
1192 1.63257 
1193 1.62924 
1194 1.62807 
1195 1.60656 
1196 1.60626 
1197 1.57096 
1198 1.57097 
1199 1.57181 
1200 1.57181 
1201 1.57181 
1202 1.57181 
1203 1.5718 
1204 1.57176 
1205 1.57173 
1206 1.5717 
1207 1.57167 
1208 1.57163 
1209 1.57161 
1210 1.57156 
1211 1.57139 
1212 1.56986 
1213 1.56523 
1214 1.55365 
1215 1.55371 
1216 1.5526 
1217 1.54428 
1218 1.54414 
1219 1.5437 
1220 1.53138 
1221 1.5341 
1222 1.53407 
1223 1.53846 
1224 1.53814 
1225 1.53822 
1226 1.54197 
1227 1.54188 
1228 1.54137 
1229 1.54702 
1230 1.55577 
1231 1.5641 
1232 1.59249 
1233 1.59261 
1234 1.59657 
1235 1.61451 
1236 1.62333 
1237 1.63695 
1238 1.63695 
1239 1.63695 
1240 1.63694 
1241 1.63694 
1242 1.63694 
1243 1.63694 
1244 1.63693 
1245 1.63692 
1246 1.63691 
1247 1.63684 
1248 1.63677 
1249 1.63679 
1250 1.63683 
1251 1.63693 
1252 1.63707 
1253 1.63771 
1254 1.63966 
1255 1.65626 
1256 1.65636 
1257 1.65989 
1258 1.68137 
1259 1.68128 
1260 1.68193 
1261 1.68879 
1262 1.70202 
1263 1.71074 
1264 1.71436 
1265 1.72722 
1266 1.74239 
1267 1.74262 
1268 1.74786 
1269 1.75128 
1270 1.76312 
1271 1.76591 
1272 1.78477 
1273 1.78935 
1274 1.79178 
1275 1.80589 
1276 1.806 
1277 1.80794 
1278 1.81508 
1279 1.8161 
1280 1.81966 
1281 1.81964 
1282 1.85763 
1283 1.85765 
1284 1.85711 
1285 1.85613 
1286 1.85337 
1287 1.84981 
1288 1.84172 
1289 1.84271 
1290 1.84389 
1291 1.84552 
1292 1.8522 
1293 1.85198 
1294 1.85288 
1295 1.85467 
1296 1.85828 
1297 1.85887 
1298 1.85985 
1299 1.85986 
1300 1.85986 
1301 1.85987 
1302 1.85986 
1303 1.85986 
1304 1.85985 
1305 1.85985 
1306 1.85985 
1307 1.85984 
1308 1.85983 
1309 1.85983 
1310 1.85982 
1311 1.85981 
1312 1.85981 
1313 1.8598 
1314 1.85979 
1315 1.85978 
1316 1.85975 
1317 1.85975 
1318 1.85971 
1319 1.85968 
1320 1.85957 
1321 1.85945 
1322 1.85936 
1323 1.85934 
1324 1.85909 
1325 1.85897 
1326 1.8589 
1327 1.8589 
1328 1.86369 
1329 1.86368 
1330 1.86572 
1331 1.86573 
1332 1.86638 
1333 1.92319 
1334 1.92321 
1335 1.92326 
1336 1.92332 
1337 1.92342 
1338 1.92376 
1339 1.92552 
1340 1.94192 
1341 1.95839 
1342 1.95889 
1343 1.96998 
1344 1.97055 
1345 1.97328 
1346 1.98879 
1347 1.98893 
1348 2.00272 
1349 2.00288 
1350 2.00462 
1351 2.00678 
1352 2.03026 
1353 2.03024 
1354 2.03033 
1355 2.03148 
1356 2.03347 
1357 2.03342 
1358 2.0401 
1359 2.04015 
1360 2.03957 
1361 2.04115 
1362 2.04203 
1363 2.04614 
1364 2.04554 
1365 2.04493 
1366 2.04553 
1367 2.04654 
1368 2.05102 
1369 2.05133 
1370 2.05168 
1371 2.05222 
1372 2.0601 
1373 2.0597 
1374 2.05943 
1375 2.06088 
1376 2.062 
1377 2.06319 
1378 2.06388 
1379 2.06941 
1380 2.06931 
1381 2.06903 
1382 2.06866 
1383 2.06849 
1384 2.06931 
1385 2.09475 
1386 2.09471 
1387 2.09451 
1388 2.09301 
1389 2.09179 
1390 2.09227 
1391 2.0921 
1392 2.09246 
1393 2.09298 
1394 2.09273 
1395 2.09315 
1396 2.0997 
1397 2.09974 
1398 2.09913 
1399 2.09876 
1400 2.09849 
1401 2.09828 
1402 2.09815 
1403 2.10071 
1404 2.10061 
1405 2.10026 
1406 2.09998 
1407 2.09973 
1408 2.10176 
1409 2.10142 
1410 2.10113 
1411 2.10105 
1412 2.10164 
1413 2.10578 
1414 2.10508 
1415 2.10454 
1416 2.10411 
1417 2.1154 
1418 2.11539 
1419 2.11505 
1420 2.11394 
1421 2.11327 
1422 2.11287 
1423 2.11267 
1424 2.11437 
1425 2.11395 
1426 2.11366 
1427 2.11427 
1428 2.1151 
1429 2.1148 
1430 2.11538 
1431 2.117 
1432 2.11658 
1433 2.11623 
1434 2.11672 
1435 2.12137 
1436 2.12144 
1437 2.12147 
1438 2.12146 
1439 2.1219 
1440 2.11936 
1441 2.11984 
1442 2.12022 
1443 2.11866 
1444 2.11926 
1445 2.11977 
1446 2.11994 
1447 2.12023 
1448 2.12018 
1449 2.11965 
1450 2.11933 
1451 2.11904 
1452 2.11932 
1453 2.11945 
1454 2.11857 
1455 2.11895 
1456 2.1142 
1457 2.11414 
1458 2.11493 
1459 2.11533 
1460 2.11411 
1461 2.11393 
1462 2.11367 
1463 2.11349 
1464 2.11337 
1465 2.11328 
1466 2.11355 
1467 2.11352 
1468 2.11327 
1469 2.11323 
1470 2.11396 
1471 2.11358 
1472 2.11328 
1473 2.11302 
1474 2.11259 
1475 2.11283 
1476 2.11241 
1477 2.11271 
1478 2.11204 
1479 2.11236 
1480 2.113 
1481 2.11263 
1482 2.11232 
1483 2.11191 
1484 2.11233 
1485 2.11197 
1486 2.11261 
1487 2.11269 
1488 2.11189 
1489 2.11135 
1490 2.11096 
1491 2.11051 
1492 2.11108 
1493 2.11066 
1494 2.11004 
1495 2.11044 
1496 2.10963 
1497 2.11 
1498 2.11062 
1499 2.1102 
1500 2.1097 
1501 2.11019 
1502 2.10977 
1503 2.11055 
1504 2.10992 
1505 2.1095 
1506 2.10911 
1507 2.10684 
1508 2.10667 
1509 2.10723 
1510 2.10764 
1511 2.10801 
1512 2.1144 
1513 2.11387 
1514 2.11292 
1515 2.11165 
1516 2.11197 
1517 2.11293 
1518 2.1133 
1519 2.11351 
1520 2.11682 
1521 2.1167 
1522 2.11667 
1523 2.11868 
1524 2.11883 
1525 2.11907 
1526 2.12127 
1527 2.12087 
1528 2.12053 
1529 2.12235 
1530 2.12193 
1531 2.12155 
1532 2.12383 
1533 2.12636 
1534 2.12573 
1535 2.12508 
1536 2.12584 
1537 2.12531 
1538 2.1259 
1539 2.12693 
1540 2.12647 
1541 2.13078 
1542 2.13036 
1543 2.13002 
1544 2.12972 
1545 2.12941 
1546 2.13122 
1547 2.13131 
1548 2.13134 
1549 2.13113 
1550 2.1309 
1551 2.13089 
1552 2.13043 
1553 2.13053 
1554 2.12997 
1555 2.12964 
1556 2.1293 
1557 2.12882 
1558 2.12831 
1559 2.12797 
1560 2.12753 
1561 2.12662 
1562 2.12622 
1563 2.12592 
1564 2.12564 
1565 2.12842 
1566 2.12829 
1567 2.1279 
1568 2.12761 
1569 2.12735 
1570 2.12658 
1571 2.12707 
1572 2.12645 
1573 2.1269 
1574 2.1281 
1575 2.12729 
1576 2.12764 
1577 2.12726 
1578 2.12752 
1579 2.12779 
1580 2.12764 
1581 2.1271 
1582 2.12784 
1583 2.12763 
1584 2.12811 
1585 2.12858 
1586 2.12824 
1587 2.12843 
1588 2.12845 
1589 2.12846 
1590 2.12834 
1591 2.12851 
1592 2.12874 
1593 2.12882 
1594 2.12881 
1595 2.12884 
1596 2.12892 
1597 2.1289 
1598 2.13072 
1599 2.1304 
1600 2.13017 
1601 2.12997 
1602 2.12976 
1603 2.12991 
1604 2.12996 
1605 2.12994 
1606 2.13028 
1607 2.13083 
1608 2.13073 
1609 2.13169 
1610 2.13144 
1611 2.13125 
1612 2.13098 
1613 2.1312 
1614 2.13056 
1615 2.13097 
1616 2.13124 
1617 2.13154 
1618 2.13125 
1619 2.13148 
1620 2.13198 
1621 2.13175 
1622 2.13148 
1623 2.13174 
1624 2.13141 
1625 2.13164 
1626 2.13205 
1627 2.13189 
1628 2.1317 
1629 2.13207 
1630 2.13191 
1631 2.13169 
1632 2.1319 
1633 2.13162 
1634 2.13179 
1635 2.1321 
1636 2.13194 
1637 2.13151 
1638 2.13172 
1639 2.13188 
1640 2.13209 
1641 2.13183 
1642 2.13199 
1643 2.13241 
1644 2.13225 
1645 2.13207 
1646 2.13277 
1647 2.13256 
1648 2.13239 
1649 2.13223 
1650 2.13338 
1651 2.13278 
1652 2.13249 
1653 2.13263 
1654 2.13284 
1655 2.1327 
1656 2.13246 
1657 2.1326 
1658 2.13281 
1659 2.13266 
1660 2.13337 
1661 2.13263 
1662 2.13267 
1663 2.13274 
1664 2.13279 
1665 2.13288 
1666 2.13289 
1667 2.13288 
1668 2.1329 
1669 2.13285 
1670 2.13281 
1671 2.13294 
1672 2.13289 
1673 2.13283 
1674 2.13051 
1675 2.13199 
1676 2.13199 
1677 2.1332 
1678 2.13271 
1679 2.13212 
1680 2.13205 
1681 2.13323 
1682 2.13203 
1683 2.13221 
1684 2.1322 
1685 2.13154 
1686 2.13223 
1687 2.13178 
1688 2.13189 
1689 2.132 
1690 2.1315 
1691 2.13143 
1692 2.13134 
1693 2.13003 
1694 2.13004 
1695 2.12978 
1696 2.13014 
1697 2.12992 
1698 2.1301 
1699 2.12992 
1700 2.12779 
1701 2.12802 
1702 2.12815 
1703 2.12821 
1704 2.12773 
1705 2.12782 
1706 2.12749 
1707 2.12729 
1708 2.12705 
1709 2.12704 
1710 2.12685 
1711 2.12629 
1712 2.12641 
1713 2.1265 
1714 2.12625 
1715 2.12634 
1716 2.12609 
1717 2.12618 
1718 2.12597 
1719 2.12595 
1720 2.12576 
1721 2.12556 
1722 2.12556 
1723 2.12538 
1724 2.12517 
1725 2.12524 
1726 2.12507 
1727 2.12439 
1728 2.12453 
1729 2.12463 
1730 2.12315 
1731 2.12339 
1732 2.12354 
1733 2.12367 
1734 2.12269 
1735 2.12289 
1736 2.12302 
1737 2.12315 
1738 2.12295 
1739 2.12306 
1740 2.1229 
1741 2.12265 
1742 2.12277 
1743 2.12238 
1744 2.1225 
1745 2.12262 
1746 2.12246 
1747 2.12039 
1748 2.12064 
1749 2.1208 
1750 2.12091 
1751 2.12055 
1752 2.12032 
1753 2.12016 
1754 2.11997 
1755 2.12005 
1756 2.1199 
1757 2.11968 
1758 2.11978 
1759 2.11952 
1760 2.11962 
1761 2.11773 
1762 2.11795 
1763 2.11809 
1764 2.11819 
1765 2.11764 
1766 2.11742 
1767 2.11727 
1768 2.11711 
1769 2.11687 
1770 2.11688 
1771 2.11688 
1772 2.11688 
1773 2.1169 
1774 2.11691 
1775 2.11692 
1776 2.11688 
1777 2.11683 
1778 2.11678 
1779 2.11674 
1780 2.11671 
1781 2.11659 
1782 2.11658 
1783 2.11653 
1784 2.11661 
1785 2.11689 
1786 2.11707 
1787 2.11722 
1788 2.11728 
1789 2.1174 
1790 2.11728 
1791 2.11691 
1792 2.11695 
1793 2.11662 
1794 2.11667 
1795 2.11629 
1796 2.11637 
1797 2.11404 
1798 2.1143 
1799 2.11445 
1800 2.11458 
1801 2.11436 
1802 2.11447 
1803 2.11423 
1804 2.11433 
1805 2.11334 
1806 2.11357 
1807 2.11369 
1808 2.11377 
1809 2.11358 
1810 2.11359 
1811 2.11342 
1812 2.11309 
1813 2.1132 
1814 2.11288 
1815 2.11267 
1816 2.1125 
1817 2.10891 
1818 2.10889 
1819 2.10904 
1820 2.10913 
1821 2.10709 
1822 2.10695 
1823 2.10686 
1824 2.10693 
1825 2.10673 
1826 2.10681 
1827 2.10657 
1828 2.10665 
1829 2.10416 
1830 2.10439 
1831 2.10451 
1832 2.10459 
1833 2.10419 
1834 2.10429 
1835 2.10436 
1836 2.10416 
1837 2.10423 
1838 2.10386 
1839 2.10396 
1840 2.10402 
1841 2.10386 
1842 2.1039 
1843 2.10376 
1844 2.10192 
1845 2.10215 
1846 2.10226 
1847 2.10234 
1848 2.10146 
1849 2.10162 
1850 2.10171 
1851 2.10176 
1852 2.10163 
1853 2.09873 
1854 2.09877 
1855 2.0988 
1856 2.09888 
1857 2.09898 
1858 2.09906 
1859 2.09876 
1860 2.09886 
1861 2.09893 
1862 2.09878 
1863 2.09884 
1864 2.0987 
1865 2.09876 
1866 2.09863 
1867 2.09869 
1868 2.09857 
1869 2.0967 
1870 2.09688 
1871 2.09698 
1872 2.09704 
1873 2.09652 
1874 2.09663 
1875 2.0967 
1876 2.09637 
1877 2.09622 
1878 2.09611 
1879 2.09573 
1880 2.09583 
1881 2.09589 
1882 2.09546 
1883 2.09556 
1884 2.09563 
1885 2.0941 
1886 2.09418 
1887 2.09431 
1888 2.09438 
1889 2.09442 
1890 2.09427 
1891 2.09432 
1892 2.09406 
1893 2.09413 
1894 2.09416 
1895 2.09406 
1896 2.09304 
1897 2.09318 
1898 2.09326 
1899 2.09332 
1900 2.09313 
1901 2.09319 
1902 2.09294 
1903 2.09281 
1904 2.09271 
1905 2.09206 
1906 2.09217 
1907 2.09224 
1908 2.09226 
1909 2.09217 
1910 2.09146 
1911 2.09158 
1912 2.09164 
1913 2.09167 
1914 2.09157 
1915 2.09158 
1916 2.09149 
1917 2.09113 
1918 2.09121 
1919 2.09125 
1920 2.0907 
1921 2.09081 
1922 2.09087 
1923 2.09084 
1924 2.09074 
1925 2.09061 
1926 2.09066 
1927 2.09051 
1928 2.09056 
1929 2.09026 
1930 2.09033 
1931 2.09038 
1932 2.09021 
1933 2.09026 
1934 2.08854 
1935 2.08845 
1936 2.08806 
1937 2.08804 
1938 2.08811 
1939 2.08816 
1940 2.08801 
1941 2.08806 
1942 2.08662 
1943 2.08647 
1944 2.08648 
1945 2.08631 
1946 2.08634 
1947 2.08598 
1948 2.08605 
1949 2.08608 
1950 2.08593 
1951 2.08598 
1952 2.08487 
1953 2.08499 
1954 2.08506 
1955 2.0851 
1956 2.08489 
1957 2.08494 
1958 2.08497 
1959 2.08488 
1960 2.08477 
1961 2.08467 
1962 2.08459 
1963 2.08428 
1964 2.08417 
1965 2.08409 
1966 2.08374 
1967 2.08381 
1968 2.08385 
1969 2.08247 
1970 2.0826 
1971 2.08266 
1972 2.0827 
1973 2.08229 
1974 2.08237 
1975 2.08241 
1976 2.08198 
1977 2.08187 
1978 2.0818 
1979 2.08159 
1980 2.08164 
1981 2.08166 
1982 2.08158 
1983 2.08157 
1984 2.08149 
1985 2.08133 
1986 2.08137 
1987 2.08127 
1988 2.08118 
1989 2.0811 
1990 2.08101 
1991 2.08092 
1992 2.08084 
1993 2.08075 
1994 2.08067 
1995 2.08058 
1996 2.08054 
1997 2.08046 
1998 2.08036 
1999 2.08039 
2000 2.0803 
2001 2.08031 
2002 2.08024 
2003 2.07872 
2004 2.07865 
2005 2.07843 
2006 2.07848 
2007 2.0785 
2008 2.07841 
2009 2.07843 
2010 2.07832 
2011 2.07835 
2012 2.07808 
2013 2.07814 
2014 2.07817 
2015 2.07794 
2016 2.07799 
2017 2.07802 
2018 2.07791 
2019 2.07794 
2020 2.07775 
2021 2.07779 
2022 2.07781 
2023 2.07773 
2024 2.07766 
2025 2.07758 
2026 2.0775 
2027 2.0775 
2028 2.07744 
2029 2.07709 
2030 2.07715 
2031 2.07719 
2032 2.07568 
2033 2.07562 
2034 2.07459 
2035 2.0746 
2036 2.07468 
2037 2.07472 
2038 2.07475 
2039 2.07469 
2040 2.07457 
2041 2.07461 
2042 2.07444 
2043 2.07435 
2044 2.07428 
2045 2.07426 
2046 2.0742 
2047 2.07405 
2048 2.07408 
2049 2.07405 
2050 2.07399 
2051 2.07388 
2052 2.07391 
2053 2.07287 
2054 2.07299 
2055 2.07305 
2056 2.07285 
2057 2.07289 
2058 2.0729 
2059 2.07283 
2060 2.0728 
2061 2.07274 
2062 2.07263 
2063 2.07266 
2064 2.07175 
2065 2.07183 
2066 2.07187 
2067 2.07189 
2068 2.07144 
2069 2.07151 
2070 2.07155 
2071 2.0707 
2072 2.07083 
2073 2.07075 
2074 2.07053 
2075 2.07061 
2076 2.07044 
2077 2.0705 
2078 2.07038 
2079 2.07041 
2080 2.07018 
2081 2.07005 
2082 2.06983 
2083 2.07001 
2084 2.06947 
2085 2.06969 
2086 2.06978 
2087 2.06971 
2088 2.06971 
2089 2.06965 
2090 2.06943 
2091 2.06948 
2092 2.0695 
2093 2.06935 
2094 2.06938 
2095 2.06938 
2096 2.06933 
2097 2.06815 
2098 2.06824 
2099 2.0683 
2100 2.06818 
2101 2.0682 
2102 2.06813 
2103 2.06809 
2104 2.06805 
2105 2.06803 
2106 2.06798 
2107 2.06789 
2108 2.06791 
2109 2.06699 
2110 2.06695 
2111 2.06691 
2112 2.06684 
2113 2.06685 
2114 2.06673 
2115 2.06676 
2116 2.06673 
2117 2.06669 
2118 2.06661 
2119 2.06663 
2120 2.06651 
2121 2.06653 
2122 2.06652 
2123 2.06648 
2124 2.06635 
2125 2.06638 
2126 2.06637 
2127 2.06633 
2128 2.06604 
2129 2.06608 
2130 2.06611 
2131 2.06598 
2132 2.06593 
2133 2.06588 
2134 2.06552 
2135 2.06557 
2136 2.06559 
2137 2.06558 
2138 2.06553 
2139 2.06541 
2140 2.06544 
2141 2.06543 
2142 2.06538 
2143 2.06516 
2144 2.0652 
2145 2.06521 
2146 2.06507 
2147 2.0651 
2148 2.06511 
2149 2.06505 
2150 2.06506 
2151 2.06501 
2152 2.0649 
2153 2.06485 
2154 2.0648 
2155 2.06429 
2156 2.06435 
2157 2.06438 
2158 2.06439 
2159 2.06432 
2160 2.06434 
2161 2.06421 
2162 2.06423 
2163 2.06424 
2164 2.06419 
2165 2.06286 
2166 2.06289 
2167 2.06291 
2168 2.06279 
2169 2.06281 
2170 2.06282 
2171 2.06277 
2172 2.06202 
2173 2.06207 
2174 2.0621 
2175 2.06212 
2176 2.06192 
2177 2.06195 
2178 2.06197 
2179 2.06119 
2180 2.06124 
2181 2.06127 
2182 2.06129 
2183 2.06109 
2184 2.06112 
2185 2.06114 
2186 2.06046 
2187 2.06052 
2188 2.06054 
2189 2.06056 
2190 2.06041 
2191 2.06043 
2192 2.06045 
2193 2.06036 
2194 2.06038 
2195 2.05993 
2196 2.05987 
2197 2.05983 
2198 2.05979 
2199 2.05978 
2200 2.05974 
2201 2.05953 
2202 2.05957 
2203 2.05958 
2204 2.05844 
2205 2.05839 
2206 2.0584 
2207 2.05835 
2208 2.05834 
2209 2.05831 
2210 2.0582 
2211 2.05822 
2212 2.05822 
2213 2.05818 
2214 2.05802 
2215 2.05804 
2216 2.05806 
2217 2.0579 
2218 2.05792 
2219 2.05794 
2220 2.05777 
2221 2.05779 
2222 2.05781 
2223 2.05756 
2224 2.05759 
2225 2.05761 
2226 2.05755 
2227 2.05751 
2228 2.05747 
2229 2.057 
2230 2.05694 
2231 2.0569 
2232 2.05686 
2233 2.05686 
2234 2.05682 
2235 2.05642 
2236 2.05646 
2237 2.05648 
2238 2.05649 
2239 2.05644 
2240 2.05645 
2241 2.05641 
2242 2.0564 
2243 2.05637 
2244 2.05623 
2245 2.05625 
2246 2.05626 
2247 2.05619 
2248 2.0562 
2249 2.05585 
2250 2.0558 
2251 2.05576 
2252 2.05572 
2253 2.05571 
2254 2.05568 
2255 2.05553 
2256 2.05555 
2257 2.05557 
2258 2.05546 
2259 2.05548 
2260 2.05548 
2261 2.05545 
2262 2.05512 
2263 2.05506 
2264 2.05503 
2265 2.05499 
2266 2.05498 
2267 2.05495 
2268 2.05479 
2269 2.05481 
2270 2.05483 
2271 2.0546 
2272 2.05463 
2273 2.05465 
2274 2.05455 
2275 2.05451 
2276 2.05448 
2277 2.05432 
2278 2.05434 
2279 2.05436 
2280 2.05418 
2281 2.05421 
2282 2.05422 
2283 2.05334 
2284 2.05337 
2285 2.05339 
2286 2.0534 
2287 2.05336 
2288 2.05336 
2289 2.05332 
2290 2.05331 
2291 2.05328 
2292 2.0532 
2293 2.05321 
2294 2.05318 
2295 2.05315 
2296 2.05311 
2297 2.05309 
2298 2.05306 
2299 2.05301 
2300 2.05302 
2301 2.05294 
2302 2.05295 
2303 2.05292 
2304 2.05288 
2305 2.05285 
2306 2.05283 
2307 2.0528 
2308 2.05274 
2309 2.05276 
2310 2.05267 
2311 2.05268 
2312 2.05267 
2313 2.05264 
2314 2.05257 
2315 2.05258 
2316 2.05238 
2317 2.05233 
2318 2.0523 
2319 2.05226 
2320 2.05226 
2321 2.05222 
2322 2.05222 
2323 2.05219 
2324 2.05185 
2325 2.05188 
2326 2.0519 
2327 2.0519 
2328 2.05187 
2329 2.05185 
2330 2.05182 
2331 2.05176 
2332 2.05177 
2333 2.05107 
2334 2.0511 
2335 2.05112 
2336 2.05114 
2337 2.05106 
2338 2.05107 
2339 2.05103 
2340 2.051 
2341 2.05096 
2342 2.05078 
2343 2.05074 
2344 2.05071 
2345 2.05066 
2346 2.05067 
2347 2.05062 
2348 2.05063 
2349 2.05059 
2350 2.05059 
2351 2.05056 
2352 2.04981 
2353 2.04977 
2354 2.04974 
2355 2.0497 
2356 2.0497 
2357 2.04965 
2358 2.04966 
2359 2.04912 
2360 2.04916 
2361 2.04918 
2362 2.04919 
2363 2.04912 
2364 2.04913 
2365 2.04904 
2366 2.04901 
2367 2.04898 
2368 2.04887 
2369 2.04888 
2370 2.04889 
2371 2.04884 
2372 2.04885 
2373 2.04874 
2374 2.04876 
2375 2.04877 
2376 2.04872 
2377 2.04873 
2378 2.04861 
2379 2.04863 
2380 2.04864 
2381 2.04857 
2382 2.04859 
2383 2.04795 
2384 2.0479 
2385 2.04787 
2386 2.04784 
2387 2.04783 
2388 2.0478 
2389 2.04774 
2390 2.04776 
2391 2.04684 
2392 2.04686 
2393 2.04686 
2394 2.0468 
2395 2.04681 
2396 2.04667 
2397 2.04664 
2398 2.04661 
2399 2.04656 
2400 2.04657 
2401 2.04651 
2402 2.04653 
2403 2.0457 
2404 2.04567 
2405 2.04564 
2406 2.04544 
2407 2.04546 
2408 2.04547 
2409 2.04544 
2410 2.04541 
2411 2.04538 
2412 2.04533 
2413 2.0453 
2414 2.04527 
2415 2.04495 
2416 2.04498 
2417 2.045 
2418 2.045 
2419 2.04497 
2420 2.04496 
2421 2.04494 
2422 2.04488 
2423 2.04489 
2424 2.04458 
2425 2.0446 
2426 2.04462 
2427 2.04462 
2428 2.04459 
2429 2.04458 
2430 2.04456 
2431 2.04449 
2432 2.0445 
2433 2.04448 
2434 2.04446 
2435 2.04442 
2436 2.04442 
2437 2.04439 
2438 2.04402 
2439 2.04405 
2440 2.04406 
2441 2.04407 
2442 2.04403 
2443 2.04404 
2444 2.044 
2445 2.04401 
2446 2.04398 
2447 2.04397 
2448 2.04395 
2449 2.04381 
2450 2.04383 
2451 2.04384 
2452 2.0436 
2453 2.04362 
2454 2.04364 
2455 2.04363 
2456 2.04361 
2457 2.04349 
2458 2.04351 
2459 2.04352 
2460 2.04342 
2461 2.04344 
2462 2.04345 
2463 2.04341 
2464 2.04341 
2465 2.04338 
2466 2.04336 
2467 2.04334 
2468 2.04331 
2469 2.04331 
2470 2.04328 
2471 2.04244 
2472 2.04246 
2473 2.04247 
2474 2.04243 
2475 2.04243 
2476 2.0424 
2477 2.0424 
2478 2.04236 
2479 2.04237 
2480 2.04232 
2481 2.04233 
2482 2.04152 
2483 2.04149 
2484 2.04147 
2485 2.04107 
2486 2.04103 
2487 2.041 
2488 2.04098 
2489 2.04017 
2490 2.04019 
2491 2.0402 
2492 2.04015 
2493 2.04016 
2494 2.03991 
2495 2.03993 
2496 2.03995 
2497 2.03995 
2498 2.03992 
2499 2.03964 
2500 2.03966 
2501 2.03968 
2502 2.03968 
2503 2.03966 
2504 2.03951 
2505 2.03951 
2506 2.03947 
2507 2.03945 
2508 2.03942 
2509 2.03936 
2510 2.03932 
2511 2.0393 
2512 2.03921 
2513 2.03921 
2514 2.03914 
2515 2.03915 
2516 2.03911 
2517 2.03908 
2518 2.03904 
2519 2.03904 
2520 2.03901 
2521 2.039 
2522 2.03897 
2523 2.03894 
2524 2.03894 
2525 2.03892 
2526 2.03883 
2527 2.03885 
2528 2.03885 
2529 2.03882 
2530 2.03882 
2531 2.03879 
2532 2.0388 
2533 2.03876 
2534 2.03876 
2535 2.0387 
2536 2.03871 
2537 2.03869 
2538 2.03867 
2539 2.03864 
2540 2.03863 
2541 2.03861 
2542 2.03857 
2543 2.03858 
2544 2.03855 
2545 2.03855 
2546 2.03853 
2547 2.03851 
2548 2.03849 
2549 2.03846 
2550 2.03846 
2551 2.03843 
2552 2.03843 
2553 2.03841 
2554 2.03815 
2555 2.03812 
2556 2.03809 
2557 2.03807 
2558 2.0373 
2559 2.03727 
2560 2.03725 
2561 2.03718 
2562 2.03715 
2563 2.03713 
2564 2.03708 
2565 2.03709 
2566 2.03684 
2567 2.0368 
2568 2.03677 
2569 2.03675 
2570 2.03599 
2571 2.03597 
2572 2.03594 
2573 2.03594 
2574 2.03591 
2575 2.03591 
2576 2.03589 
2577 2.03589 
2578 2.03586 
2579 2.0357 
2580 2.03572 
2581 2.03573 
2582 2.03567 
2583 2.03564 
2584 2.03562 
2585 2.03557 
2586 2.03558 
2587 2.03533 
2588 2.0353 
2589 2.03527 
2590 2.03525 
2591 2.03475 
2592 2.03476 
2593 2.03477 
2594 2.03477 
2595 2.03475 
2596 2.03472 
2597 2.0347 
2598 2.03467 
2599 2.03405 
2600 2.03407 
2601 2.03407 
2602 2.03337 
2603 2.03342 
2604 2.03346 
2605 2.03342 
2606 2.03344 
2607 2.03308 
2608 2.03306 
2609 2.03301 
2610 2.033 
2611 2.03271 
2612 2.03276 
2613 2.03278 
2614 2.0327 
2615 2.03278 
2616 2.03264 
2617 2.0327 
2618 2.03264 
2619 2.03265 
2620 2.03261 
2621 2.03262 
2622 2.0325 
2623 2.03252 
2624 2.03252 
2625 2.03231 
2626 2.03233 
2627 2.03235 
2628 2.03234 
2629 2.03232 
2630 2.03223 
2631 2.03225 
2632 2.03225 
2633 2.03222 
2634 2.03223 
2635 2.03218 
2636 2.03219 
2637 2.03201 
2638 2.03198 
2639 2.03195 
2640 2.03193 
2641 2.03137 
2642 2.03134 
2643 2.03132 
2644 2.0313 
2645 2.0307 
2646 2.03064 
2647 2.0306 
2648 2.03059 
2649 2.03054 
2650 2.03055 
2651 2.03017 
2652 2.03014 
2653 2.03013 
2654 2.03012 
2655 2.0301 
2656 2.0301 
2657 2.02982 
2658 2.02985 
2659 2.02987 
2660 2.0298 
2661 2.02983 
2662 2.02978 
2663 2.0298 
2664 2.02976 
2665 2.02976 
2666 2.02973 
2667 2.02972 
2668 2.0297 
2669 2.02965 
2670 2.02962 
2671 2.0296 
2672 2.02956 
2673 2.02957 
2674 2.02927 
2675 2.02929 
2676 2.0293 
2677 2.0293 
2678 2.02928 
2679 2.02927 
2680 2.02925 
2681 2.02922 
2682 2.02922 
2683 2.0292 
2684 2.02915 
2685 2.02917 
2686 2.02912 
2687 2.0291 
2688 2.02908 
2689 2.02902 
2690 2.02903 
2691 2.02903 
2692 2.02901 
2693 2.02844 
2694 2.02845 
2695 2.02846 
2696 2.02829 
2697 2.02831 
2698 2.02832 
2699 2.0283 
2700 2.02828 
2701 2.02826 
2702 2.02812 
2703 2.02809 
2704 2.02807 
2705 2.02805 
2706 2.02783 
2707 2.0278 
2708 2.02778 
2709 2.02776 
2710 2.02768 
2711 2.02769 
2712 2.0277 
2713 2.02766 
2714 2.02767 
2715 2.02762 
2716 2.02763 
2717 2.0276 
2718 2.02758 
2719 2.02756 
2720 2.02739 
2721 2.02741 
2722 2.02742 
2723 2.0274 
2724 2.02738 
2725 2.02735 
2726 2.02694 
2727 2.02692 
2728 2.02691 
2729 2.0269 
2730 2.02689 
2731 2.02688 
2732 2.02686 
2733 2.02661 
2734 2.0266 
2735 2.02658 
2736 2.02656 
2737 2.02656 
2738 2.0265 
2739 2.02651 
2740 2.02651 
2741 2.02649 
2742 2.02634 
2743 2.0263 
2744 2.02628 
2745 2.02625 
2746 2.02596 
2747 2.02593 
2748 2.02591 
2749 2.02589 
2750 2.02582 
2751 2.02582 
2752 2.02582 
2753 2.0258 
2754 2.0258 
2755 2.02578 
2756 2.02535 
2757 2.02534 
2758 2.02532 
2759 2.02531 
2760 2.0253 
2761 2.02528 
2762 2.02526 
2763 2.02526 
2764 2.02525 
2765 2.02518 
2766 2.02515 
2767 2.02513 
2768 2.0251 
2769 2.02511 
2770 2.02509 
2771 2.02508 
2772 2.02507 
2773 2.02504 
2774 2.02504 
2775 2.02501 
2776 2.02502 
2777 2.02499 
2778 2.025 
2779 2.02496 
2780 2.02497 
2781 2.02456 
2782 2.02458 
2783 2.0246 
2784 2.0246 
2785 2.02458 
2786 2.024 
2787 2.02401 
2788 2.02401 
2789 2.024 
2790 2.02386 
2791 2.02388 
2792 2.02389 
2793 2.02382 
2794 2.02379 
2795 2.02377 
2796 2.02375 
2797 2.02375 
2798 2.02373 
2799 2.02372 
2800 2.02371 
2801 2.02368 
2802 2.02368 
2803 2.02367 
2804 2.0236 
2805 2.02361 
2806 2.02362 
2807 2.0236 
2808 2.02356 
2809 2.02353 
2810 2.02351 
2811 2.02348 
2812 2.02348 
2813 2.02299 
2814 2.02301 
2815 2.02302 
2816 2.02286 
2817 2.02283 
2818 2.02281 
2819 2.02279 
2820 2.02248 
2821 2.0225 
2822 2.02252 
2823 2.02252 
2824 2.0225 
2825 2.02249 
2826 2.02247 
2827 2.02245 
2828 2.02207 
2829 2.02209 
2830 2.0221 
2831 2.0221 
2832 2.02209 
2833 2.02184 
2834 2.02185 
2835 2.02186 
2836 2.02186 
2837 2.02185 
2838 2.02167 
2839 2.02168 
2840 2.02168 
2841 2.02159 
2842 2.02161 
2843 2.02162 
2844 2.02157 
2845 2.02158 
2846 2.02137 
2847 2.02136 
2848 2.02135 
2849 2.0213 
2850 2.0213 
2851 2.02125 
2852 2.02125 
2853 2.02122 
2854 2.02119 
2855 2.02115 
2856 2.02116 
2857 2.02113 
2858 2.02114 
2859 2.02112 
2860 2.02093 
2861 2.0209 
2862 2.02088 
2863 2.02086 
2864 2.0208 
2865 2.02081 
2866 2.02081 
2867 2.02079 
2868 2.02077 
2869 2.02075 
2870 2.02073 
2871 2.02049 
2872 2.02051 
2873 2.02053 
2874 2.02054 
2875 2.02052 
2876 2.02049 
2877 2.02047 
2878 2.02045 
2879 2.02038 
2880 2.02039 
2881 2.0204 
2882 2.02037 
2883 2.02038 
2884 2.02034 
2885 2.02035 
2886 2.02031 
2887 2.02032 
2888 2.0202 
2889 2.02017 
2890 2.02015 
2891 2.02013 
2892 2.0196 
2893 2.01994 
2894 2.01999 
2895 2.02004 
2896 2.02007 
2897 2.02009 
2898 2.02014 
2899 2.02013 
2900 2.02044 
2901 2.0204 
2902 2.02037 
2903 2.02032 
2904 2.02031 
2905 2.02027 
2906 2.02024 
2907 2.02022 
2908 2.02017 
2909 2.02018 
2910 2.01985 
2911 2.01987 
2912 2.01989 
2913 2.01991 
2914 2.01989 
2915 2.01991 
2916 2.01988 
2917 2.01987 
2918 2.01982 
2919 2.01983 
2920 2.01983 
2921 2.01981 
2922 2.01978 
2923 2.01979 
2924 2.01976 
2925 2.01977 
2926 2.01975 
2927 2.01967 
2928 2.01969 
2929 2.01969 
2930 2.01965 
2931 2.01966 
2932 2.01965 
2933 2.01963 
2934 2.01961 
2935 2.0196 
2936 2.01958 
2937 2.01956 
2938 2.01943 
2939 2.0194 
2940 2.01938 
2941 2.01936 
2942 2.01894 
2943 2.01896 
2944 2.01897 
2945 2.01898 
2946 2.01896 
2947 2.01886 
2948 2.01887 
2949 2.01888 
2950 2.01853 
2951 2.01855 
2952 2.01857 
2953 2.01857 
2954 2.01855 
2955 2.01855 
2956 2.01853 
2957 2.01851 
2958 2.0185 
2959 2.01848 
2960 2.01846 
2961 2.01846 
2962 2.01845 
2963 2.01838 
2964 2.0184 
2965 2.0184 
2966 2.01838 
2967 2.0183 
2968 2.01827 
2969 2.01825 
2970 2.01823 
2971 2.01819 
2972 2.01817 
2973 2.01815 
2974 2.01812 
2975 2.01813 
2976 2.01793 
2977 2.01795 
2978 2.01796 
2979 2.01796 
2980 2.01795 
2981 2.01778 
2982 2.0178 
2983 2.01781 
2984 2.01781 
2985 2.01779 
2986 2.01776 
2987 2.01777 
2988 2.01773 
2989 2.01774 
2990 2.01756 
2991 2.01752 
2992 2.0175 
2993 2.01748 
2994 2.0174 
2995 2.01742 
2996 2.01743 
2997 2.01738 
2998 2.01739 
2999 2.01736 
3000 2.01734 
3001 2.01732 
3002 2.01728 
3003 2.01729 
3004 2.01723 
3005 2.0172 
3006 2.01718 
3007 2.01716 
3008 2.01716 
3009 2.01714 
3010 2.0171 
3011 2.01711 
3012 2.01706 
3013 2.01703 
3014 2.01701 
3015 2.01699 
3016 2.01699 
3017 2.01698 
3018 2.01647 
3019 2.01644 
3020 2.01642 
3021 2.0164 
3022 2.01634 
3023 2.01632 
3024 2.0163 
3025 2.01628 
3026 2.01628 
3027 2.01626 
3028 2.01619 
3029 2.0162 
3030 2.01621 
3031 2.01617 
3032 2.01618 
3033 2.01589 
3034 2.01585 
3035 2.01583 
3036 2.01581 
3037 2.01577 
3038 2.01578 
3039 2.01575 
3040 2.01573 
3041 2.01571 
3042 2.01566 
3043 2.01567 
3044 2.01567 
3045 2.01566 
3046 2.01562 
3047 2.01563 
3048 2.01555 
3049 2.01557 
3050 2.01558 
3051 2.01553 
3052 2.01554 
3053 2.01554 
3054 2.01552 
3055 2.0155 
3056 2.0155 
3057 2.01548 
3058 2.01527 
3059 2.0153 
3060 2.01531 
3061 2.01531 
3062 2.0153 
3063 2.01495 
3064 2.01497 
3065 2.01498 
3066 2.01499 
3067 2.01497 
3068 2.01441 
3069 2.01439 
3070 2.01436 
3071 2.01434 
3072 2.01423 
3073 2.01425 
3074 2.01427 
3075 2.01424 
3076 2.01425 
3077 2.01415 
3078 2.01417 
3079 2.01418 
3080 2.014 
3081 2.01402 
3082 2.01403 
3083 2.01403 
3084 2.01401 
3085 2.01385 
3086 2.01387 
3087 2.01388 
3088 2.01388 
3089 2.01387 
3090 2.01374 
3091 2.01375 
3092 2.01375 
3093 2.01374 
3094 2.01372 
3095 2.01371 
3096 2.01371 
3097 2.01369 
3098 2.01345 
3099 2.01342 
3100 2.01343 
3101 2.01339 
3102 2.01339 
3103 2.01335 
3104 2.01333 
3105 2.01332 
3106 2.01331 
3107 2.01331 
3108 2.01329 
3109 2.01324 
3110 2.01325 
3111 2.01325 
3112 2.01324 
3113 2.01302 
3114 2.01302 
3115 2.01301 
3116 2.0128 
3117 2.01286 
3118 2.01288 
3119 2.01281 
3120 2.01284 
3121 2.01281 
3122 2.01282 
3123 2.0128 
3124 2.0122 
3125 2.0122 
3126 2.0122 
3127 2.0122 
3128 2.01217 
3129 2.01216 
3130 2.01215 
3131 2.01213 
3132 2.01213 
3133 2.01205 
3134 2.01206 
3135 2.01207 
3136 2.012 
3137 2.01202 
3138 2.01203 
3139 2.01199 
3140 2.012 
3141 2.01189 
3142 2.0119 
3143 2.01192 
3144 2.01178 
3145 2.01175 
3146 2.01173 
3147 2.01171 
3148 2.0116 
3149 2.01162 
3150 2.01163 
3151 2.01141 
3152 2.01137 
3153 2.01135 
3154 2.01133 
3155 2.01129 
3156 2.0113 
3157 2.01129 
3158 2.01127 
3159 2.01125 
3160 2.01073 
3161 2.01071 
3162 2.0107 
3163 2.01068 
3164 2.01068 
3165 2.01066 
3166 2.01062 
3167 2.01063 
3168 2.01062 
3169 2.0106 
3170 2.01059 
3171 2.01006 
3172 2.01003 
3173 2.01001 
3174 2.00997 
3175 2.00995 
3176 2.00993 
3177 2.00988 
3178 2.00988 
3179 2.0098 
3180 2.00982 
3181 2.00972 
3182 2.00975 
3183 2.00976 
3184 2.00971 
3185 2.00973 
3186 2.00968 
3187 2.00969 
3188 2.00969 
3189 2.00967 
3190 2.00965 
3191 2.0096 
3192 2.00957 
3193 2.00955 
3194 2.00952 
3195 2.00953 
3196 2.00949 
3197 2.0095 
3198 2.00948 
3199 2.00946 
3200 2.00945 
3201 2.00934 
3202 2.00936 
3203 2.00937 
3204 2.00917 
3205 2.00914 
3206 2.00912 
3207 2.00911 
3208 2.00909 
3209 2.00908 
3210 2.00906 
3211 2.00904 
3212 2.00897 
3213 2.00894 
3214 2.00892 
3215 2.00889 
3216 2.0089 
3217 2.00861 
3218 2.00864 
3219 2.00866 
3220 2.00863 
3221 2.00863 
3222 2.00861 
3223 2.00859 
3224 2.00857 
3225 2.00855 
3226 2.00853 
3227 2.00848 
3228 2.0085 
3229 2.00848 
3230 2.00846 
3231 2.00844 
3232 2.00832 
3233 2.00834 
3234 2.00836 
3235 2.00832 
3236 2.00833 
3237 2.00821 
3238 2.00818 
3239 2.00816 
3240 2.00815 
3241 2.00814 
3242 2.00813 
3243 2.0081 
3244 2.00811 
3245 2.00806 
3246 2.00808 
3247 2.00804 
3248 2.00802 
3249 2.008 
3250 2.00797 
3251 2.00798 
3252 2.00796 
3253 2.00797 
3254 2.00795 
3255 2.00786 
3256 2.00788 
3257 2.00789 
3258 2.00772 
3259 2.00774 
3260 2.00775 
3261 2.00776 
3262 2.00774 
3263 2.00771 
3264 2.00772 
3265 2.00753 
3266 2.00755 
3267 2.00756 
3268 2.00757 
3269 2.00755 
3270 2.00742 
3271 2.00744 
3272 2.00745 
3273 2.00744 
3274 2.00742 
3275 2.0074 
3276 2.00689 
3277 2.00682 
3278 2.00683 
3279 2.00684 
3280 2.00667 
3281 2.0067 
3282 2.00672 
3283 2.0067 
3284 2.00666 
3285 2.00664 
3286 2.00662 
3287 2.00661 
3288 2.00659 
3289 2.00657 
3290 2.00655 
3291 2.00642 
3292 2.00645 
3293 2.00646 
3294 2.00644 
3295 2.00645 
3296 2.00643 
3297 2.00606 
3298 2.00608 
3299 2.00609 
3300 2.00608 
3301 2.00605 
3302 2.00604 
3303 2.0059 
3304 2.00592 
3305 2.00594 
3306 2.00592 
3307 2.00592 
3308 2.0059 
3309 2.00588 
3310 2.00589 
3311 2.00587 
3312 2.00581 
3313 2.00583 
3314 2.00584 
3315 2.00582 
3316 2.00577 
3317 2.00574 
3318 2.00573 
3319 2.0057 
3320 2.00571 
3321 2.00569 
3322 2.00566 
3323 2.00567 
3324 2.00559 
3325 2.00561 
3326 2.00562 
3327 2.00556 
3328 2.00557 
3329 2.00558 
3330 2.00556 
3331 2.00556 
3332 2.00554 
3333 2.00552 
3334 2.00553 
3335 2.0055 
3336 2.00551 
3337 2.00549 
3338 2.00544 
3339 2.00541 
3340 2.0054 
3341 2.00538 
3342 2.00537 
3343 2.00535 
3344 2.00533 
3345 2.005 
3346 2.00502 
3347 2.00503 
3348 2.00504 
3349 2.00502 
3350 2.00496 
3351 2.00498 
3352 2.00498 
3353 2.00496 
3354 2.00497 
3355 2.00495 
3356 2.00491 
3357 2.00492 
3358 2.0048 
3359 2.00477 
3360 2.00475 
3361 2.00473 
3362 2.00465 
3363 2.00466 
3364 2.00467 
3365 2.00454 
3366 2.00455 
3367 2.00457 
3368 2.00456 
3369 2.00455 
3370 2.00453 
3371 2.0045 
3372 2.00448 
3373 2.00446 
3374 2.00443 
3375 2.00444 
3376 2.00432 
3377 2.00434 
3378 2.00435 
3379 2.00433 
3380 2.00431 
3381 2.00429 
3382 2.00425 
3383 2.00426 
3384 2.00387 
3385 2.00384 
3386 2.00382 
3387 2.00381 
3388 2.0037 
3389 2.00372 
3390 2.00373 
3391 2.00368 
3392 2.00366 
3393 2.00364 
3394 2.00362 
3395 2.00335 
3396 2.00331 
3397 2.00332 
3398 2.00333 
3399 2.00326 
3400 2.00327 
3401 2.00328 
3402 2.00326 
3403 2.00326 
3404 2.00324 
3405 2.00322 
3406 2.00322 
3407 2.0032 
3408 2.00318 
3409 2.0028 
3410 2.00278 
3411 2.00276 
3412 2.00274 
3413 2.00275 
3414 2.00273 
3415 2.00273 
3416 2.00272 
3417 2.00261 
3418 2.00263 
3419 2.00264 
3420 2.0025 
3421 2.00246 
3422 2.00244 
3423 2.00243 
3424 2.00239 
3425 2.0024 
3426 2.00239 
3427 2.00237 
3428 2.00235 
3429 2.00229 
3430 2.0023 
3431 2.00231 
3432 2.00229 
3433 2.0023 
3434 2.00227 
3435 2.00228 
3436 2.00226 
3437 2.00226 
3438 2.00224 
3439 2.00222 
3440 2.00218 
3441 2.00216 
3442 2.00214 
3443 2.00212 
3444 2.00212 
3445 2.00211 
3446 2.00208 
3447 2.00209 
3448 2.00204 
3449 2.00205 
3450 2.00206 
3451 2.00204 
3452 2.0017 
3453 2.00172 
3454 2.00173 
3455 2.00173 
3456 2.00172 
3457 2.00169 
3458 2.0017 
3459 2.00167 
3460 2.00168 
3461 2.00166 
3462 2.00167 
3463 2.00164 
3464 2.00165 
3465 2.00163 
3466 2.00163 
3467 2.00161 
3468 2.00159 
3469 2.00132 
3470 2.00129 
3471 2.00127 
3472 2.00125 
3473 2.00121 
3474 2.00122 
3475 2.00093 
3476 2.0009 
3477 2.00088 
3478 2.00086 
3479 2.00082 
3480 2.00083 
3481 2.00075 
3482 2.00072 
3483 2.0007 
3484 2.00068 
3485 2.00045 
3486 2.00047 
3487 2.00048 
3488 2.00048 
3489 2.00047 
3490 2.0002 
3491 2.00022 
3492 2.00023 
3493 2.0002 
3494 2.00019 
3495 2.00017 
3496 2.00017 
3497 2.00015 
3498 2.00013 
3499 2.00014 
3500 2.00012 
3501 2.00009 
3502 2.0001 
3503 2.00003 
3504 2.00004 
3505 2.00005 
3506 2.00001 
3507 2.00002 
3508 2.00002 
3509 2 
3510 1.99998 
3511 1.99999 
3512 1.99997 
3513 1.99994 
3514 1.99995 
3515 1.9999 
3516 1.99991 
3517 1.99992 
3518 1.9999 
3519 1.9999 
3520 1.99988 
3521 1.99986 
3522 1.9998 
3523 1.99977 
3524 1.99975 
3525 1.99973 
3526 1.99952 
3527 1.99949 
3528 1.99947 
3529 1.99945 
3530 1.99942 
3531 1.99943 
3532 1.99896 
3533 1.99894 
3534 1.99891 
3535 1.99892 
3536 1.99888 
3537 1.99889 
3538 1.9989 
3539 1.99888 
3540 1.99885 
3541 1.99886 
3542 1.99884 
3543 1.99885 
3544 1.99883 
3545 1.99846 
3546 1.99843 
3547 1.99841 
3548 1.99839 
3549 1.99822 
3550 1.99824 
3551 1.99826 
3552 1.99826 
3553 1.99825 
3554 1.99817 
3555 1.99819 
3556 1.9982 
3557 1.99814 
3558 1.99816 
3559 1.99816 
3560 1.99815 
3561 1.99812 
3562 1.9981 
3563 1.99808 
3564 1.99806 
3565 1.99807 
3566 1.99802 
3567 1.99804 
3568 1.99803 
3569 1.99802 
3570 1.998 
3571 1.99787 
3572 1.99783 
3573 1.99781 
3574 1.9978 
3575 1.99775 
3576 1.99776 
3577 1.99777 
3578 1.99775 
3579 1.9973 
3580 1.99728 
3581 1.99726 
3582 1.99726 
3583 1.99724 
3584 1.99722 
3585 1.99722 
3586 1.9972 
3587 1.99719 
3588 1.99712 
3589 1.99709 
3590 1.99707 
3591 1.99706 
3592 1.99661 
3593 1.99659 
3594 1.99655 
3595 1.99652 
3596 1.99651 
3597 1.99649 
3598 1.99648 
3599 1.99646 
3600 1.99645 
3601 1.99619 
3602 1.99619 
3603 1.99618 
3604 1.99617 
3605 1.99578 
3606 1.99585 
3607 1.99586 
3608 1.99587 
3609 1.99557 
3610 1.99569 
3611 1.99567 
3612 1.99566 
3613 1.99568 
3614 1.99566 
3615 1.99554 
3616 1.99555 
3617 1.99556 
3618 1.99555 
3619 1.99553 
3620 1.99551 
3621 1.99546 
3622 1.99541 
3623 1.99535 
3624 1.99536 
3625 1.99533 
3626 1.99534 
3627 1.99532 
3628 1.99533 
3629 1.99531 
3630 1.99526 
3631 1.99527 
3632 1.99528 
3633 1.99526 
3634 1.99482 
3635 1.9948 
3636 1.99479 
3637 1.99475 
3638 1.99476 
3639 1.99475 
3640 1.99474 
3641 1.99472 
3642 1.99471 
3643 1.99469 
3644 1.99467 
3645 1.99464 
3646 1.99465 
3647 1.99454 
3648 1.99451 
3649 1.99449 
3650 1.99448 
3651 1.99443 
3652 1.99444 
3653 1.99445 
3654 1.99443 
3655 1.99436 
3656 1.99437 
3657 1.99438 
3658 1.99419 
3659 1.99422 
3660 1.99424 
3661 1.99416 
3662 1.99417 
3663 1.99418 
3664 1.99414 
3665 1.99415 
3666 1.99413 
3667 1.99412 
3668 1.99411 
3669 1.99411 
3670 1.99409 
3671 1.99406 
3672 1.99407 
3673 1.99393 
3674 1.9939 
3675 1.99388 
3676 1.99387 
3677 1.99386 
3678 1.99384 
3679 1.99382 
3680 1.99371 
3681 1.99367 
3682 1.99369 
3683 1.99365 
3684 1.99366 
3685 1.99363 
3686 1.99363 
3687 1.99361 
3688 1.9936 
3689 1.9936 
3690 1.99358 
3691 1.99359 
3692 1.99357 
3693 1.99354 
3694 1.99355 
3695 1.99328 
3696 1.9933 
3697 1.99332 
3698 1.99333 
3699 1.99331 
3700 1.99319 
3701 1.99321 
3702 1.99323 
3703 1.99304 
3704 1.99288 
3705 1.99295 
3706 1.99292 
3707 1.99293 
3708 1.99291 
3709 1.99284 
3710 1.99286 
3711 1.99288 
3712 1.99285 
3713 1.99286 
3714 1.99284 
3715 1.99281 
3716 1.99282 
3717 1.99275 
3718 1.99277 
3719 1.99278 
3720 1.99271 
3721 1.99273 
3722 1.99274 
3723 1.99271 
3724 1.99272 
3725 1.99248 
3726 1.9925 
3727 1.99251 
3728 1.99252 
3729 1.9925 
3730 1.99227 
3731 1.99223 
3732 1.99221 
3733 1.9922 
3734 1.99216 
3735 1.99217 
3736 1.99181 
3737 1.99182 
3738 1.99183 
3739 1.99177 
3740 1.99178 
3741 1.99179 
3742 1.99176 
3743 1.99177 
3744 1.9916 
3745 1.99162 
3746 1.99164 
3747 1.99164 
3748 1.99163 
3749 1.9914 
3750 1.99142 
3751 1.99143 
3752 1.99144 
3753 1.99142 
3754 1.99132 
3755 1.99129 
3756 1.99127 
3757 1.99126 
3758 1.99119 
3759 1.99121 
3760 1.99122 
3761 1.99117 
3762 1.99118 
3763 1.99119 
3764 1.99117 
3765 1.99115 
3766 1.99116 
3767 1.99109 
3768 1.99111 
3769 1.99111 
3770 1.99108 
3771 1.99109 
3772 1.99108 
3773 1.99107 
3774 1.99105 
3775 1.99085 
3776 1.99087 
3777 1.99088 
3778 1.99089 
3779 1.99088 
3780 1.9908 
3781 1.99077 
3782 1.99075 
3783 1.99073 
3784 1.99062 
3785 1.99064 
3786 1.99065 
3787 1.99064 
3788 1.99062 
3789 1.9906 
3790 1.99056 
3791 1.99057 
3792 1.99058 
3793 1.99056 
3794 1.99053 
3795 1.99054 
3796 1.99047 
3797 1.99049 
3798 1.9905 
3799 1.99042 
3800 1.99044 
3801 1.99045 
3802 1.99035 
3803 1.99036 
3804 1.99037 
3805 1.99031 
3806 1.99029 
3807 1.99027 
3808 1.99026 
3809 1.99023 
3810 1.99022 
3811 1.99013 
3812 1.99015 
3813 1.99016 
3814 1.99013 
3815 1.99014 
3816 1.99008 
3817 1.9901 
3818 1.99011 
3819 1.99008 
3820 1.99009 
3821 1.98999 
3822 1.99001 
3823 1.99002 
3824 1.98995 
3825 1.98993 
3826 1.98991 
3827 1.98989 
3828 1.98964 
3829 1.98961 
3830 1.98958 
3831 1.98956 
3832 1.98955 
3833 1.98953 
3834 1.98954 
3835 1.98952 
3836 1.98953 
3837 1.9895 
3838 1.98951 
3839 1.98948 
3840 1.98949 
3841 1.98947 
3842 1.98945 
3843 1.98943 
3844 1.98941 
3845 1.98942 
3846 1.98931 
3847 1.98933 
3848 1.98934 
3849 1.98932 
3850 1.9893 
3851 1.98928 
3852 1.98926 
3853 1.98927 
3854 1.98925 
3855 1.98925 
3856 1.98924 
3857 1.98923 
3858 1.98921 
3859 1.9892 
3860 1.98913 
3861 1.98914 
3862 1.98915 
3863 1.98908 
3864 1.9891 
3865 1.98911 
3866 1.98904 
3867 1.98905 
3868 1.98906 
3869 1.98903 
3870 1.98904 
3871 1.98904 
3872 1.98902 
3873 1.989 
3874 1.98869 
3875 1.98866 
3876 1.98865 
3877 1.98863 
3878 1.98857 
3879 1.98858 
3880 1.98859 
3881 1.98855 
3882 1.98856 
3883 1.98856 
3884 1.98855 
3885 1.98853 
3886 1.98854 
3887 1.98852 
3888 1.98852 
3889 1.98851 
3890 1.98848 
3891 1.98849 
3892 1.98809 
3893 1.98807 
3894 1.98805 
3895 1.98769 
3896 1.9877 
3897 1.98771 
3898 1.98769 
3899 1.98764 
3900 1.98765 
3901 1.98766 
3902 1.98765 
3903 1.98762 
3904 1.9876 
3905 1.98758 
3906 1.98756 
3907 1.98757 
3908 1.98755 
3909 1.98751 
3910 1.98752 
3911 1.98753 
3912 1.98751 
3913 1.98743 
3914 1.98745 
3915 1.98746 
3916 1.98717 
3917 1.98719 
3918 1.9872 
3919 1.9872 
3920 1.98718 
3921 1.98716 
3922 1.98717 
3923 1.98716 
3924 1.98685 
3925 1.98682 
3926 1.9868 
3927 1.98678 
3928 1.98663 
3929 1.98665 
3930 1.98666 
3931 1.98667 
3932 1.98665 
3933 1.9866 
3934 1.98662 
3935 1.98663 
3936 1.98661 
3937 1.98653 
3938 1.98655 
3939 1.98657 
3940 1.98654 
3941 1.98655 
3942 1.98651 
3943 1.98652 
3944 1.98653 
3945 1.98651 
3946 1.98647 
3947 1.98648 
3948 1.98649 
3949 1.98647 
3950 1.98642 
3951 1.98644 
3952 1.98645 
3953 1.98643 
3954 1.98643 
3955 1.98642 
3956 1.98639 
3957 1.9864 
3958 1.98638 
3959 1.98639 
3960 1.98638 
3961 1.98634 
3962 1.98635 
3963 1.98635 
3964 1.98634 
3965 1.98632 
3966 1.98632 
3967 1.98631 
3968 1.98628 
3969 1.98629 
3970 1.98624 
3971 1.98626 
3972 1.98626 
3973 1.98625 
3974 1.98625 
3975 1.98624 
3976 1.98621 
3977 1.98622 
3978 1.9862 
3979 1.98621 
3980 1.9862 
3981 1.98593 
3982 1.98595 
3983 1.98596 
3984 1.98597 
3985 1.98595 
3986 1.98592 
3987 1.98593 
3988 1.98584 
3989 1.98582 
3990 1.98581 
3991 1.98579 
3992 1.98574 
3993 1.98575 
3994 1.98575 
3995 1.98573 
3996 1.98574 
3997 1.9857 
3998 1.98572 
3999 1.9853 
4000 1.98535 
4001 1.98531 
4002 1.98533 
4003 1.98531 
4004 1.98513 
4005 1.98516 
4006 1.98518 
4007 1.98519 
4008 1.98514 
4009 1.98509 
4010 1.98512 
4011 1.98509 
4012 1.9851 
4013 1.98507 
4014 1.98508 
4015 1.9849 
4016 1.98492 
4017 1.98493 
4018 1.98494 
4019 1.98493 
4020 1.98456 
4021 1.98449 
4022 1.98454 
4023 1.98451 
4024 1.98453 
4025 1.9845 
4026 1.98452 
4027 1.9845 
4028 1.98447 
4029 1.98448 
4030 1.98446 
4031 1.98444 
4032 1.98445 
4033 1.98443 
4034 1.98441 
4035 1.98442 
4036 1.98439 
4037 1.9844 
4038 1.98435 
4039 1.98437 
4040 1.98438 
4041 1.98436 
4042 1.98424 
4043 1.9842 
4044 1.98418 
4045 1.98416 
4046 1.98408 
4047 1.98409 
4048 1.98411 
4049 1.98395 
4050 1.98396 
4051 1.98398 
4052 1.98399 
4053 1.98397 
4054 1.9839 
4055 1.98392 
4056 1.98393 
4057 1.98388 
4058 1.98389 
4059 1.9839 
4060 1.98388 
4061 1.98389 
4062 1.98387 
4063 1.98383 
4064 1.98384 
4065 1.98385 
4066 1.98383 
4067 1.98361 
4068 1.98358 
4069 1.98356 
4070 1.98354 
4071 1.98343 
4072 1.98345 
4073 1.98346 
4074 1.98328 
4075 1.98329 
4076 1.98327 
4077 1.98327 
4078 1.98326 
4079 1.98322 
4080 1.98323 
4081 1.98319 
4082 1.98318 
4083 1.9831 
4084 1.98306 
4085 1.98304 
4086 1.98306 
4087 1.98303 
4088 1.98304 
4089 1.98294 
4090 1.98291 
4091 1.98289 
4092 1.98286 
4093 1.98287 
4094 1.98282 
4095 1.98283 
4096 1.9828 
4097 1.98278 
4098 1.98277 
4099 1.98272 
4100 1.98273 
4101 1.98273 
4102 1.98271 
4103 1.98272 
4104 1.98271 
4105 1.98253 
4106 1.98254 
4107 1.98255 
4108 1.98256 
4109 1.98254 
4110 1.98254 
4111 1.98253 
4112 1.98251 
4113 1.98242 
4114 1.98239 
4115 1.98237 
4116 1.98236 
4117 1.98232 
4118 1.98233 
4119 1.98233 
4120 1.98232 
4121 1.98229 
4122 1.9823 
4123 1.98228 
4124 1.98229 
4125 1.98226 
4126 1.98227 
4127 1.98224 
4128 1.98225 
4129 1.98224 
4130 1.98222 
4131 1.98221 
4132 1.98216 
4133 1.98217 
4134 1.98218 
4135 1.98217 
4136 1.98209 
4137 1.98211 
4138 1.98211 
4139 1.98187 
4140 1.98188 
4141 1.98189 
4142 1.9819 
4143 1.98189 
4144 1.98164 
4145 1.98166 
4146 1.98167 
4147 1.98168 
4148 1.98167 
4149 1.98161 
4150 1.98163 
4151 1.98164 
4152 1.98162 
4153 1.98119 
4154 1.98119 
4155 1.98118 
4156 1.9812 
4157 1.98116 
4158 1.98118 
4159 1.98114 
4160 1.98117 
4161 1.98114 
4162 1.98115 
4163 1.98113 
4164 1.98114 
4165 1.98111 
4166 1.98112 
4167 1.98108 
4168 1.98109 
4169 1.9811 
4170 1.98108 
4171 1.98084 
4172 1.98081 
4173 1.98079 
4174 1.98078 
4175 1.98074 
4176 1.98075 
4177 1.98066 
4178 1.98063 
4179 1.98061 
4180 1.9806 
4181 1.98056 
4182 1.98057 
4183 1.98058 
4184 1.98056 
4185 1.98054 
4186 1.98055 
4187 1.98053 
4188 1.98053 
4189 1.9805 
4190 1.98051 
4191 1.98051 
4192 1.98049 
4193 1.98047 
4194 1.9804 
4195 1.98041 
4196 1.98042 
4197 1.98005 
4198 1.98002 
4199 1.98003 
4200 1.98001 
4201 1.97999 
4202 1.97997 
4203 1.97995 
4204 1.97996 
4205 1.97995 
4206 1.97984 
4207 1.97985 
4208 1.97986 
4209 1.97987 
4210 1.97985 
4211 1.97983 
4212 1.97984 
4213 1.97983 
4214 1.97949 
4215 1.9795 
4216 1.97951 
4217 1.9795 
4218 1.9795 
4219 1.97948 
4220 1.97947 
4221 1.97938 
4222 1.97935 
4223 1.97934 
4224 1.97932 
4225 1.97928 
4226 1.97929 
4227 1.9793 
4228 1.97929 
4229 1.97926 
4230 1.97927 
4231 1.97923 
4232 1.97924 
4233 1.97925 
4234 1.97923 
4235 1.97909 
4236 1.9791 
4237 1.97911 
4238 1.97912 
4239 1.97911 
4240 1.9789 
4241 1.97887 
4242 1.97885 
4243 1.97884 
4244 1.97881 
4245 1.97882 
4246 1.97874 
4247 1.97875 
4248 1.97876 
4249 1.97857 
4250 1.97854 
4251 1.97852 
4252 1.97851 
4253 1.97849 
4254 1.97849 
4255 1.97847 
4256 1.97848 
4257 1.97815 
4258 1.97816 
4259 1.97816 
4260 1.97815 
4261 1.97811 
4262 1.97812 
4263 1.97813 
4264 1.97812 
4265 1.97809 
4266 1.9781 
4267 1.97775 
4268 1.97764 
4269 1.97775 
4270 1.97769 
4271 1.97765 
4272 1.97767 
4273 1.97765 
4274 1.97765 
4275 1.97739 
4276 1.97748 
4277 1.97745 
4278 1.97744 
4279 1.9773 
4280 1.97734 
4281 1.97733 
4282 1.97733 
4283 1.97731 
4284 1.97731 
4285 1.9773 
4286 1.97723 
4287 1.97718 
4288 1.97715 
4289 1.97716 
4290 1.97712 
4291 1.97713 
4292 1.97714 
4293 1.97712 
4294 1.97704 
4295 1.97706 
4296 1.97706 
4297 1.97705 
4298 1.97703 
4299 1.97702 
4300 1.977 
4301 1.97701 
4302 1.97699 
4303 1.97666 
4304 1.97664 
4305 1.97662 
4306 1.97663 
4307 1.9766 
4308 1.97661 
4309 1.97641 
4310 1.97638 
4311 1.97636 
4312 1.97635 
4313 1.97632 
4314 1.97633 
4315 1.97622 
4316 1.97623 
4317 1.97624 
4318 1.97625 
4319 1.97623 
4320 1.97619 
4321 1.9762 
4322 1.97621 
4323 1.97619 
4324 1.9762 
4325 1.97618 
4326 1.97607 
4327 1.97605 
4328 1.97603 
4329 1.97602 
4330 1.97599 
4331 1.976 
4332 1.97568 
4333 1.97566 
4334 1.97565 
4335 1.97563 
4336 1.97561 
4337 1.9756 
4338 1.97558 
4339 1.97559 
4340 1.97557 
4341 1.97558 
4342 1.97556 
4343 1.97556 
4344 1.97552 
4345 1.97553 
4346 1.97554 
4347 1.97553 
4348 1.97533 
4349 1.97531 
4350 1.97529 
4351 1.97528 
4352 1.97525 
4353 1.97526 
4354 1.97522 
4355 1.97523 
4356 1.97524 
4357 1.97523 
4358 1.97512 
4359 1.9751 
4360 1.97508 
4361 1.97507 
4362 1.97504 
4363 1.97505 
4364 1.97479 
4365 1.97481 
4366 1.97482 
4367 1.97481 
4368 1.9748 
4369 1.97478 
4370 1.97474 
4371 1.97475 
4372 1.97476 
4373 1.97474 
4374 1.97474 
4375 1.97473 
4376 1.97473 
4377 1.97471 
4378 1.97472 
4379 1.9747 
4380 1.97471 
4381 1.97469 
4382 1.9747 
4383 1.97469 
4384 1.9744 
4385 1.97438 
4386 1.97437 
4387 1.97435 
4388 1.97424 
4389 1.97421 
4390 1.97419 
4391 1.97418 
4392 1.97416 
4393 1.97417 
4394 1.97411 
4395 1.97412 
4396 1.97413 
4397 1.97409 
4398 1.9741 
4399 1.97411 
4400 1.97409 
4401 1.9741 
4402 1.97408 
4403 1.97379 
4404 1.97377 
4405 1.97376 
4406 1.97374 
4407 1.97375 
4408 1.97373 
4409 1.97372 
4410 1.97372 
4411 1.97371 
4412 1.97369 
4413 1.9737 
4414 1.97368 
4415 1.97369 
4416 1.97367 
4417 1.97368 
4418 1.97366 
4419 1.97365 
4420 1.97365 
4421 1.97364 
4422 1.97362 
4423 1.97361 
4424 1.97359 
4425 1.97358 
4426 1.97356 
4427 1.97357 
4428 1.97355 
4429 1.97341 
4430 1.97343 
4431 1.97344 
4432 1.97344 
4433 1.97343 
4434 1.97342 
4435 1.9734 
4436 1.97339 
4437 1.97337 
4438 1.97337 
4439 1.97336 
4440 1.97336 
4441 1.97335 
4442 1.97331 
4443 1.97332 
4444 1.97333 
4445 1.97332 
4446 1.97317 
4447 1.97315 
4448 1.97313 
4449 1.97312 
4450 1.9731 
4451 1.9731 
4452 1.97307 
4453 1.97308 
4454 1.97308 
4455 1.97307 
4456 1.97305 
4457 1.97306 
4458 1.97305 
4459 1.97305 
4460 1.97304 
4461 1.97302 
4462 1.97294 
4463 1.97291 
4464 1.9729 
4465 1.97289 
4466 1.97286 
4467 1.97287 
4468 1.97283 
4469 1.97281 
4470 1.9728 
4471 1.97279 
4472 1.97267 
4473 1.97265 
4474 1.97263 
4475 1.97262 
4476 1.9726 
4477 1.97261 
4478 1.97255 
4479 1.97256 
4480 1.97257 
4481 1.97242 
4482 1.97244 
4483 1.97245 
4484 1.97246 
4485 1.97244 
4486 1.97244 
4487 1.97242 
4488 1.97241 
4489 1.97238 
4490 1.97239 
4491 1.97238 
4492 1.97237 
4493 1.97236 
4494 1.97232 
4495 1.97233 
4496 1.97234 
4497 1.97232 
4498 1.97227 
4499 1.97228 
4500 1.97228 
4501 1.97217 
4502 1.97219 
4503 1.9722 
4504 1.9722 
4505 1.97219 
4506 1.97207 
4507 1.97209 
4508 1.9721 
4509 1.9721 
4510 1.97209 
4511 1.97178 
4512 1.97175 
4513 1.97176 
4514 1.97167 
4515 1.97167 
4516 1.97167 
4517 1.97161 
4518 1.97162 
4519 1.97163 
4520 1.97153 
4521 1.97152 
4522 1.97152 
4523 1.97153 
4524 1.9715 
4525 1.97149 
4526 1.9715 
4527 1.97146 
4528 1.9715 
4529 1.97146 
4530 1.97146 
4531 1.97141 
4532 1.97142 
4533 1.97143 
4534 1.97141 
4535 1.97142 
4536 1.97129 
4537 1.9713 
4538 1.97131 
4539 1.97132 
4540 1.97131 
4541 1.97126 
4542 1.97124 
4543 1.97123 
4544 1.97122 
4545 1.97116 
4546 1.97117 
4547 1.97117 
4548 1.97102 
4549 1.97106 
4550 1.97107 
4551 1.97099 
4552 1.97095 
4553 1.97092 
4554 1.9709 
4555 1.97089 
4556 1.9709 
4557 1.97086 
4558 1.97084 
4559 1.97083 
4560 1.97084 
4561 1.97082 
4562 1.97083 
4563 1.97081 
4564 1.9708 
4565 1.9708 
4566 1.97079 
4567 1.97077 
4568 1.9707 
4569 1.97068 
4570 1.97066 
4571 1.97065 
4572 1.97061 
4573 1.97062 
4574 1.97063 
4575 1.97062 
4576 1.97059 
4577 1.9706 
4578 1.97037 
4579 1.97038 
4580 1.97035 
4581 1.97034 
4582 1.97036 
4583 1.97032 
4584 1.97033 
4585 1.97031 
4586 1.97031 
4587 1.97029 
4588 1.97028 
4589 1.97026 
4590 1.97026 
4591 1.97024 
4592 1.97022 
4593 1.97021 
4594 1.9702 
4595 1.97018 
4596 1.97017 
4597 1.97015 
4598 1.97014 
4599 1.97014 
4600 1.97013 
4601 1.96996 
4602 1.96997 
4603 1.96998 
4604 1.96998 
4605 1.96997 
4606 1.96985 
4607 1.96983 
4608 1.96981 
4609 1.9698 
4610 1.96977 
4611 1.96978 
4612 1.96973 
4613 1.9697 
4614 1.96968 
4615 1.96966 
4616 1.96966 
4617 1.96965 
4618 1.96964 
4619 1.96964 
4620 1.96961 
4621 1.96961 
4622 1.96962 
4623 1.96961 
4624 1.96961 
4625 1.96959 
4626 1.96958 
4627 1.9695 
4628 1.96951 
4629 1.96952 
4630 1.96952 
4631 1.96951 
4632 1.96949 
4633 1.9695 
4634 1.96949 
4635 1.96949 
4636 1.96947 
4637 1.96946 
4638 1.96925 
4639 1.96926 
4640 1.96927 
4641 1.96928 
4642 1.96926 
4643 1.96925 
4644 1.96926 
4645 1.96924 
4646 1.96897 
4647 1.96898 
4648 1.96895 
4649 1.96896 
4650 1.96896 
4651 1.96895 
4652 1.96893 
4653 1.96894 
4654 1.96892 
4655 1.96893 
4656 1.96889 
4657 1.9689 
4658 1.96891 
4659 1.9689 
4660 1.96867 
4661 1.96868 
4662 1.96869 
4663 1.9686 
4664 1.96858 
4665 1.96856 
4666 1.96855 
4667 1.96853 
4668 1.96854 
4669 1.96841 
4670 1.96842 
4671 1.96843 
4672 1.96844 
4673 1.96842 
4674 1.96842 
4675 1.96841 
4676 1.9684 
4677 1.96823 
4678 1.96825 
4679 1.96826 
4680 1.96826 
4681 1.96825 
4682 1.96825 
4683 1.96823 
4684 1.96822 
4685 1.96819 
4686 1.9682 
4687 1.96821 
4688 1.96819 
4689 1.96818 
4690 1.96818 
4691 1.96814 
4692 1.96815 
4693 1.96816 
4694 1.96813 
4695 1.96814 
4696 1.96811 
4697 1.96809 
4698 1.96808 
4699 1.96806 
4700 1.96784 
4701 1.96786 
4702 1.96786 
4703 1.96782 
4704 1.9678 
4705 1.96779 
4706 1.96778 
4707 1.96771 
4708 1.96772 
4709 1.96772 
4710 1.96772 
4711 1.96771 
4712 1.9677 
4713 1.96762 
4714 1.96762 
4715 1.96763 
4716 1.9676 
4717 1.9676 
4718 1.9676 
4719 1.96759 
4720 1.96758 
4721 1.96758 
4722 1.96757 
4723 1.96755 
4724 1.96756 
4725 1.96754 
4726 1.96752 
4727 1.96751 
4728 1.9675 
4729 1.9675 
4730 1.96749 
4731 1.96746 
4732 1.96747 
4733 1.96748 
4734 1.96746 
4735 1.96744 
4736 1.96745 
4737 1.96739 
4738 1.9674 
4739 1.9674 
4740 1.96739 
4741 1.96738 
4742 1.96736 
4743 1.96735 
4744 1.96736 
4745 1.96735 
4746 1.96731 
4747 1.96732 
4748 1.96733 
4749 1.96732 
4750 1.96712 
4751 1.96714 
4752 1.96714 
4753 1.96715 
4754 1.96714 
4755 1.96712 
4756 1.96712 
4757 1.96709 
4758 1.9671 
4759 1.96711 
4760 1.96709 
4761 1.96708 
4762 1.96706 
4763 1.96705 
4764 1.96704 
4765 1.96704 
4766 1.96703 
4767 1.96702 
4768 1.96702 
4769 1.96701 
4770 1.96699 
4771 1.96674 
4772 1.96673 
4773 1.96672 
4774 1.96646 
4775 1.96647 
4776 1.96648 
4777 1.9665 
4778 1.96651 
4779 1.96652 
4780 1.96653 
4781 1.96653 
4782 1.96652 
4783 1.96643 
4784 1.9664 
4785 1.96637 
4786 1.96637 
4787 1.96638 
4788 1.96639 
4789 1.96638 
4790 1.96637 
4791 1.96639 
4792 1.96637 
4793 1.96633 
4794 1.96636 
4795 1.96634 
4796 1.96635 
4797 1.96635 
4798 1.96633 
4799 1.96634 
4800 1.96634 
4801 1.96628 
4802 1.9663 
4803 1.9663 
4804 1.96631 
4805 1.96628 
4806 1.96629 
4807 1.96629 
4808 1.9663 
4809 1.96625 
4810 1.96626 
4811 1.96627 
4812 1.96627 
4813 1.96624 
4814 1.96625 
4815 1.96625 
4816 1.96626 
4817 1.96624 
4818 1.96623 
4819 1.96622 
4820 1.96623 
4821 1.96624 
4822 1.96623 
4823 1.96621 
4824 1.96621 
4825 1.96622 
4826 1.96621 
4827 1.9661 
4828 1.96613 
4829 1.96615 
4830 1.96615 
4831 1.96615 
4832 1.96614 
4833 1.96615 
4834 1.96614 
4835 1.96615 
4836 1.96613 
4837 1.96614 
4838 1.96609 
4839 1.9661 
4840 1.96611 
4841 1.96611 
4842 1.96612 
4843 1.96611 
4844 1.96611 
4845 1.9661 
4846 1.9661 
4847 1.96611 
4848 1.9661 
4849 1.9661 
4850 1.96609 
4851 1.9661 
4852 1.96604 
4853 1.96606 
4854 1.96606 
4855 1.96607 
4856 1.96607 
4857 1.96606 
4858 1.96607 
4859 1.96606 
4860 1.96605 
4861 1.96604 
4862 1.96604 
4863 1.96605 
4864 1.96604 
4865 1.96599 
4866 1.966 
4867 1.96601 
4868 1.96602 
4869 1.96602 
4870 1.96601 
4871 1.96602 
4872 1.96601 
4873 1.96601 
4874 1.966 
4875 1.96601 
4876 1.96597 
4877 1.96594 
4878 1.96594 
4879 1.96595 
4880 1.96595 
4881 1.96596 
4882 1.96595 
4883 1.96596 
4884 1.96595 
4885 1.96595 
4886 1.96594 
4887 1.96594 
4888 1.96595 
4889 1.96594 
4890 1.96594 
4891 1.96594 
4892 1.96594 
4893 1.96593 
4894 1.96594 
4895 1.96593 
4896 1.96595 
4897 1.96593 
4898 1.96591 
4899 1.9659 
4900 1.9659 
4901 1.9659 
4902 1.96591 
4903 1.9659 
4904 1.96591 
4905 1.9659 
4906 1.96591 
4907 1.9659 
4908 1.96592 
4909 1.96591 
4910 1.966 
4911 1.96597 
4912 1.96595 
4913 1.96594 
4914 1.96593 
4915 1.96593 
4916 1.96594 
4917 1.96593 
4918 1.96594 
4919 1.96593 
4920 1.96594 
4921 1.96606 
4922 1.96602 
4923 1.966 
4924 1.96599 
4925 1.96598 
4926 1.96598 
4927 1.966 
4928 1.96599 
4929 1.96598 
4930 1.96599 
4931 1.96599 
4932 1.96603 
4933 1.96602 
4934 1.96601 
4935 1.96601 
4936 1.96605 
4937 1.96604 
4938 1.96603 
4939 1.96603 
4940 1.96605 
4941 1.96604 
4942 1.96604 
4943 1.96605 
4944 1.96605 
4945 1.96632 
4946 1.96628 
4947 1.96626 
4948 1.96625 
4949 1.96624 
4950 1.96623 
4951 1.96657 
4952 1.96653 
4953 1.96651 
4954 1.96649 
4955 1.96648 
4956 1.96648 
4957 1.96662 
4958 1.96661 
4959 1.96701 
4960 1.96696 
4961 1.96693 
4962 1.96691 
4963 1.9669 
4964 1.9669 
4965 1.96693 
4966 1.96692 
4967 1.96701 
4968 1.96704 
4969 1.96703 
4970 1.96705 
4971 1.96707 
4972 1.96708 
4973 1.9671 
4974 1.96713 
4975 1.96715 
4976 1.96717 
4977 1.96719 
4978 1.96722 
4979 1.96723 
4980 1.96725 
4981 1.96727 
4982 1.96727 
4983 1.96729 
4984 1.96729 
4985 1.96735 
4986 1.96734 
4987 1.96733 
4988 1.96733 
4989 1.96737 
4990 1.96736 
4991 1.96736 
4992 1.96753 
4993 1.96751 
4994 1.96749 
4995 1.96748 
4996 1.96747 
4997 1.96749 
4998 1.96751 
4999 1.96754 
5000 1.96756 
