1 1.020251 
2 1.020249 
3 1.019492 
4 1.019492 
5 0.9870672 
6 0.997015 
7 0.9944316 
8 0.9888097 
9 0.9889158 
10 0.9889153 
11 0.9889144 
12 0.9889143 
13 0.9876799 
14 0.9710117 
15 0.9817006 
16 0.9784437 
17 0.9774674 
18 0.9777168 
19 0.9777167 
20 0.9784027 
21 0.9806329 
22 0.980796 
23 0.9807529 
24 0.9807518 
25 0.9807125 
26 0.9746921 
27 0.978207 
28 0.9780708 
29 0.9778912 
30 0.9778906 
31 0.977503 
32 0.9775012 
33 0.9776809 
34 0.9771136 
35 0.9764784 
36 0.8713023 
37 0.8762159 
38 0.8831891 
39 0.8998802 
40 0.8999827 
41 0.8999828 
42 0.9000027 
43 0.8999928 
44 0.9003443 
45 0.9022464 
46 0.9022512 
47 0.9027122 
48 0.9055 
49 0.9055133 
50 0.9125708 
51 0.9356463 
52 0.9365608 
53 0.9367319 
54 0.9367328 
55 0.9367456 
56 0.936849 
57 0.9369245 
58 0.9369795 
59 0.9428635 
60 0.9433827 
61 0.9440385 
62 0.9441556 
63 0.9441563 
64 0.9441728 
65 0.9441993 
66 0.944238 
67 0.944258 
68 0.9447972 
69 0.9486263 
70 0.948957 
71 0.9490266 
72 0.9490384 
73 0.9490574 
74 0.9490457 
75 0.9490284 
76 0.948541 
77 0.9546201 
78 0.9577065 
79 0.9577065 
80 0.9577361 
81 0.9577492 
82 0.9577494 
83 0.957767 
84 0.9577714 
85 0.9577718 
86 0.9596818 
87 0.9603058 
88 0.9609345 
89 0.9615236 
90 0.9621317 
91 0.9625429 
92 0.962545 
93 0.9626338 
94 0.962659 
95 0.9626609 
96 0.962902 
97 0.9643215 
98 0.9646161 
99 0.9582788 
100 0.9607137 
101 0.9607069 
102 0.9607069 
103 0.9606931 
104 0.960693 
105 0.9606755 
106 0.9606632 
107 0.9606625 
108 0.9606504 
109 0.9626575 
110 0.963134 
111 0.9660863 
112 0.9626369 
113 0.9639381 
114 0.9640528 
115 0.9640525 
116 0.964033 
117 0.9640032 
118 0.9639716 
119 0.9639647 
120 0.9639503 
121 0.9638399 
122 0.9638391 
123 0.9627975 
124 0.9627728 
125 0.9619027 
126 0.9629006 
127 0.8843145 
128 0.8883559 
129 0.8889725 
130 0.8925543 
131 0.8927622 
132 0.8970736 
133 0.9013664 
134 0.9015926 
135 0.902914 
136 0.9090518 
137 0.9114969 
138 0.9186596 
139 0.9420293 
140 0.9423829 
141 0.9423147 
142 0.9423146 
143 0.9423108 
144 0.942305 
145 0.9422998 
146 0.9422726 
147 0.9422573 
148 0.9422483 
149 0.9422408 
150 0.9422395 
151 0.9422371 
152 0.9419257 
153 0.9421114 
154 0.9421069 
155 0.9421002 
156 0.9421 
157 0.942077 
158 0.9420712 
159 0.9420562 
160 0.9420511 
161 0.9420448 
162 0.9420374 
163 0.942022 
164 0.941997 
165 0.9419932 
166 0.9419188 
167 0.9068048 
168 0.9130652 
169 0.9133626 
170 0.9136933 
171 0.9141301 
172 0.9143121 
173 0.9147917 
174 0.9163675 
175 0.9188809 
176 0.9205646 
177 0.9228644 
178 0.9293567 
179 0.9302825 
180 0.9302797 
181 0.9302794 
182 0.9299813 
183 0.9299807 
184 0.929856 
185 0.9298021 
186 0.9297116 
187 0.9296247 
188 0.9296094 
189 0.9295281 
190 0.9294217 
191 0.9293572 
192 0.9289003 
193 0.9290332 
194 0.9289833 
195 0.9289785 
196 0.9289738 
197 0.9289672 
198 0.9289616 
199 0.9289553 
200 0.9289432 
201 0.9289361 
202 0.9289314 
203 0.9288957 
204 0.9288675 
205 0.9281602 
206 0.9283775 
207 0.9283408 
208 0.9283404 
209 0.928274 
210 0.928245 
211 0.9282211 
212 0.9281934 
213 0.9281506 
214 0.9281171 
215 0.9280699 
216 0.9279676 
217 0.9258826 
218 0.9260043 
219 0.9259709 
220 0.9259665 
221 0.9259607 
222 0.9259579 
223 0.9259508 
224 0.9259494 
225 0.9259474 
226 0.9259362 
227 0.9259296 
228 0.9259169 
229 0.925912 
230 0.9258828 
231 0.9256808 
232 0.8604028 
233 0.8625182 
234 0.8630064 
235 0.8652927 
236 0.865746 
237 0.8657477 
238 0.8676742 
239 0.8678783 
240 0.867879 
241 0.8679738 
242 0.8681145 
243 0.8681515 
244 0.8682179 
245 0.868397 
246 0.8684341 
247 0.8684474 
248 0.8693712 
249 0.8697715 
250 0.8713334 
251 0.8717641 
252 0.8725903 
253 0.874061 
254 0.8746197 
255 0.8752887 
256 0.8800871 
257 0.8806023 
258 0.880667 
259 0.8805512 
260 0.880425 
261 0.8809533 
262 0.8822603 
263 0.8494892 
264 0.8638009 
265 0.8649188 
266 0.8661786 
267 0.8664135 
268 0.8667753 
269 0.8667994 
270 0.8669045 
271 0.8678257 
272 0.8688071 
273 0.8721107 
274 0.8728402 
275 0.8738445 
276 0.8797596 
277 0.8799947 
278 0.8805344 
279 0.8810954 
280 0.8818599 
281 0.882513 
282 0.8853616 
283 0.8825558 
284 0.8780296 
285 0.8714153 
286 0.869136 
287 0.8675934 
288 0.8609453 
289 0.8592835 
290 0.8480707 
291 0.8490445 
292 0.8492564 
293 0.8496112 
294 0.8497976 
295 0.8490536 
296 0.8472825 
297 0.8107764 
298 0.8154306 
299 0.8166129 
300 0.8170758 
301 0.8175951 
302 0.8178695 
303 0.8184048 
304 0.8189745 
305 0.8192252 
306 0.8197368 
307 0.819843 
308 0.8199659 
309 0.8198364 
310 0.8196688 
311 0.8182972 
312 0.8162339 
313 0.8143943 
314 0.8137516 
315 0.8032268 
316 0.8036193 
317 0.8036206 
318 0.8041635 
319 0.8042584 
320 0.8045014 
321 0.8046522 
322 0.8047667 
323 0.8047116 
324 0.8046207 
325 0.8045355 
326 0.8044439 
327 0.8043254 
328 0.8036509 
329 0.8007382 
330 0.7975272 
331 0.7750141 
332 0.775437 
333 0.7771296 
334 0.777133 
335 0.7773209 
336 0.7774467 
337 0.7775447 
338 0.7776387 
339 0.7777016 
340 0.7780896 
341 0.7781842 
342 0.7783034 
343 0.7783391 
344 0.7785126 
345 0.7785655 
346 0.778576 
347 0.7786319 
348 0.7786542 
349 0.7787013 
350 0.778789 
351 0.7788037 
352 0.7788189 
353 0.7788479 
354 0.7789711 
355 0.7791034 
356 0.7791487 
357 0.7792471 
358 0.7794169 
359 0.7794894 
360 0.7795059 
361 0.7798148 
362 0.7798178 
363 0.7798568 
364 0.7799388 
365 0.7801632 
366 0.7811051 
367 0.7841515 
368 0.7814767 
369 0.7813751 
370 0.7798645 
371 0.7477072 
372 0.7478412 
373 0.7479466 
374 0.7484156 
375 0.7484692 
376 0.7485469 
377 0.7485642 
378 0.7486165 
379 0.7487882 
380 0.7489288 
381 0.7489331 
382 0.7489498 
383 0.7490572 
384 0.7492456 
385 0.7497741 
386 0.7591678 
387 0.7594855 
388 0.760353 
389 0.7603557 
390 0.7605431 
391 0.7606223 
392 0.7608193 
393 0.7608997 
394 0.7609201 
395 0.7609222 
396 0.760864 
397 0.7607219 
398 0.7606484 
399 0.7606089 
400 0.760543 
401 0.7600123 
402 0.7597316 
403 0.7589694 
404 0.7586696 
405 0.7585744 
406 0.7582824 
407 0.7573209 
408 0.7569971 
409 0.7576537 
410 0.7578004 
411 0.7580966 
412 0.7603251 
413 0.7606093 
414 0.7607811 
415 0.7608433 
416 0.7608463 
417 0.760875 
418 0.760887 
419 0.7609537 
420 0.7608784 
421 0.7608579 
422 0.7608049 
423 0.7607005 
424 0.7606072 
425 0.7605124 
426 0.7603766 
427 0.7603352 
428 0.7602927 
429 0.7600347 
430 0.759875 
431 0.7600754 
432 0.7601096 
433 0.7610224 
434 0.7621547 
435 0.7623382 
436 0.7627253 
437 0.7626139 
438 0.7625553 
439 0.7625825 
440 0.7626086 
441 0.7626572 
442 0.7628411 
443 0.7667557 
444 0.7641559 
445 0.7508828 
446 0.7513108 
447 0.7513895 
448 0.7514012 
449 0.7514647 
450 0.7515314 
451 0.7515862 
452 0.7516138 
453 0.7516143 
454 0.7515801 
455 0.7514729 
456 0.7513875 
457 0.7513163 
458 0.7512596 
459 0.7511991 
460 0.751025 
461 0.7506901 
462 0.7505378 
463 0.750334 
464 0.7496752 
465 0.7333099 
466 0.7335454 
467 0.7335472 
468 0.7335631 
469 0.7335693 
470 0.7335691 
471 0.7336017 
472 0.7336126 
473 0.7336299 
474 0.7336357 
475 0.7336264 
476 0.7336695 
477 0.7337256 
478 0.7337977 
479 0.7454684 
480 0.7240758 
481 0.724506 
482 0.7247895 
483 0.7248362 
484 0.724945 
485 0.7250814 
486 0.7251432 
487 0.727228 
488 0.7212219 
489 0.703882 
490 0.7289719 
491 0.7291848 
492 0.7292726 
493 0.7293536 
494 0.7293653 
495 0.7293704 
496 0.7293856 
497 0.72939 
498 0.7294173 
499 0.7294193 
500 0.7294195 
501 0.7294049 
502 0.729394 
503 0.7293808 
504 0.7293573 
505 0.7293354 
506 0.7293156 
507 0.7293286 
508 0.7293178 
509 0.7292896 
510 0.7292559 
511 0.7292387 
512 0.7291785 
513 0.7291438 
514 0.7290541 
515 0.7290316 
516 0.7285423 
517 0.7286731 
518 0.7327527 
519 0.715566 
520 0.7287535 
521 0.7289913 
522 0.7289932 
523 0.7289985 
524 0.7290331 
525 0.7290507 
526 0.7290886 
527 0.7291017 
528 0.7290935 
529 0.7290905 
530 0.7290868 
531 0.7290938 
532 0.7290998 
533 0.7290884 
534 0.729073 
535 0.7290157 
536 0.7289648 
537 0.7289015 
538 0.7288024 
539 0.728756 
540 0.7286912 
541 0.7283188 
542 0.7251696 
543 0.7304918 
544 0.7274283 
545 0.7283172 
546 0.72842 
547 0.728591 
548 0.7286219 
549 0.7286951 
550 0.7287845 
551 0.7287488 
552 0.7286197 
553 0.728496 
554 0.7310271 
555 0.7289419 
556 0.7286194 
557 0.7286872 
558 0.7287208 
559 0.7283229 
560 0.7268749 
561 0.7267532 
562 0.7268303 
563 0.7269099 
564 0.7269134 
565 0.7269646 
566 0.7269667 
567 0.7269784 
568 0.7269858 
569 0.7269938 
570 0.7269969 
571 0.7270078 
572 0.7270211 
573 0.727084 
574 0.7270919 
575 0.7270926 
576 0.7270926 
577 0.7270918 
578 0.7270901 
579 0.7270803 
580 0.7270757 
581 0.7270563 
582 0.7270458 
583 0.727005 
584 0.7269788 
585 0.7269525 
586 0.726922 
587 0.7268377 
588 0.7268252 
589 0.7268025 
590 0.7267336 
591 0.7258852 
592 0.7248828 
593 0.7240757 
594 0.7250838 
595 0.7250714 
596 0.722647 
597 0.7234227 
598 0.7232914 
599 0.7232634 
600 0.7216487 
601 0.7216154 
602 0.7119125 
603 0.7118424 
604 0.7118503 
605 0.7118732 
606 0.7119655 
607 0.7122129 
608 0.7123004 
609 0.7124404 
610 0.711996 
611 0.7128639 
612 0.7125309 
613 0.711209 
614 0.7102345 
615 0.7106647 
616 0.7084205 
617 0.7093901 
618 0.7095068 
619 0.7095185 
620 0.7095272 
621 0.7095019 
622 0.7094265 
623 0.7092491 
624 0.7091526 
625 0.709076 
626 0.708918 
627 0.7091227 
628 0.7091404 
629 0.7089272 
630 0.7088901 
631 0.7089053 
632 0.7089038 
633 0.7076683 
634 0.7063076 
635 0.7036999 
636 0.7038082 
637 0.7038851 
638 0.7032419 
639 0.7033067 
640 0.7044452 
641 0.7044702 
642 0.7003463 
643 0.7049755 
644 0.7018013 
645 0.7059395 
646 0.7047633 
647 0.7019826 
648 0.7020935 
649 0.7021069 
650 0.7021719 
651 0.7022075 
652 0.702238 
653 0.7022758 
654 0.702298 
655 0.7023007 
656 0.7022998 
657 0.7023039 
658 0.7023027 
659 0.702301 
660 0.7023045 
661 0.7023151 
662 0.702318 
663 0.702345 
664 0.7023466 
665 0.7023548 
666 0.7023431 
667 0.7023325 
668 0.7023233 
669 0.7021325 
670 0.7020925 
671 0.7018708 
672 0.7016021 
673 0.7018331 
674 0.7032891 
675 0.7032962 
676 0.7032906 
677 0.7032795 
678 0.7032517 
679 0.6987054 
680 0.701265 
681 0.7019744 
682 0.701968 
683 0.7021988 
684 0.7019132 
685 0.6925312 
686 0.6930992 
687 0.6967456 
688 0.7009625 
689 0.6956882 
690 0.6976972 
691 0.7018032 
692 0.6984368 
693 0.7001831 
694 0.6997542 
695 0.6984671 
696 0.7016801 
697 0.698571 
698 0.7041111 
699 0.7014606 
700 0.6986838 
701 0.7020301 
702 0.7001821 
703 0.6983035 
704 0.7016687 
705 0.6997662 
706 0.6975375 
707 0.6994845 
708 0.697247 
709 0.698979 
710 0.6957073 
711 0.6972996 
712 0.6991859 
713 0.69706 
714 0.6987972 
715 0.6960933 
716 0.6975938 
717 0.7008229 
718 0.6990252 
719 0.6972598 
720 0.7001218 
721 0.7004051 
722 0.7004398 
723 0.7004179 
724 0.7003007 
725 0.6989273 
726 0.69717 
727 0.6985662 
728 0.696695 
729 0.6981437 
730 0.6958061 
731 0.6970664 
732 0.7001658 
733 0.6983988 
734 0.6970094 
735 0.6937614 
736 0.6951806 
737 0.6964639 
738 0.6855442 
739 0.6857146 
740 0.6872299 
741 0.6901278 
742 0.6919577 
743 0.6920341 
744 0.6920383 
745 0.6920558 
746 0.692068 
747 0.6920726 
748 0.6920767 
749 0.6920931 
750 0.6921547 
751 0.6921792 
752 0.6921885 
753 0.6921876 
754 0.6921892 
755 0.6921783 
756 0.692163 
757 0.6921143 
758 0.6921193 
759 0.6921244 
760 0.6921222 
761 0.6921186 
762 0.6920867 
763 0.6919955 
764 0.6919561 
765 0.6918641 
766 0.6918358 
767 0.6917421 
768 0.6914109 
769 0.6928875 
770 0.6958826 
771 0.6958728 
772 0.6944769 
773 0.6876166 
774 0.6876215 
775 0.6876438 
776 0.6877724 
777 0.6900309 
778 0.6917497 
779 0.6936152 
780 0.6974647 
781 0.6974723 
782 0.6974796 
783 0.6974872 
784 0.6970971 
785 0.6950581 
786 0.6870439 
787 0.6871235 
788 0.6897128 
789 0.6930837 
790 0.6932442 
791 0.693855 
792 0.6940617 
793 0.6933564 
794 0.6926542 
795 0.6934051 
796 0.6942269 
797 0.6933796 
798 0.6917115 
799 0.6918079 
800 0.6927202 
801 0.6933979 
802 0.6935302 
803 0.6935147 
804 0.6928692 
805 0.6924809 
806 0.6944919 
807 0.6944783 
808 0.6946205 
809 0.6922749 
810 0.6922474 
811 0.6927651 
812 0.6923498 
813 0.691938 
814 0.6918652 
815 0.6963358 
816 0.6945086 
817 0.6924304 
818 0.6928991 
819 0.6922848 
820 0.6916473 
821 0.6922661 
822 0.6928744 
823 0.6921625 
824 0.6918652 
825 0.6918872 
826 0.6927588 
827 0.693069 
828 0.6929635 
829 0.6914372 
830 0.691327 
831 0.6924042 
832 0.6914569 
833 0.6928691 
834 0.6920695 
835 0.6908296 
836 0.6915925 
837 0.691805 
838 0.6917619 
839 0.6898007 
840 0.6905814 
841 0.6915071 
842 0.6905371 
843 0.6910232 
844 0.6917317 
845 0.6911465 
846 0.6921972 
847 0.6920704 
848 0.6915466 
849 0.6910951 
850 0.6835502 
851 0.6838983 
852 0.6841252 
853 0.6867921 
854 0.6882314 
855 0.6891782 
856 0.6899484 
857 0.6888403 
858 0.6896041 
859 0.6886659 
860 0.6892791 
861 0.6792553 
862 0.6795374 
863 0.6802054 
864 0.6871696 
865 0.6879517 
866 0.6884613 
867 0.688916 
868 0.6879551 
869 0.6882986 
870 0.6888365 
871 0.6882536 
872 0.6877765 
873 0.6858539 
874 0.6866071 
875 0.6871257 
876 0.6876831 
877 0.6869604 
878 0.6875184 
879 0.686823 
880 0.6873093 
881 0.6864829 
882 0.6868769 
883 0.687733 
884 0.6872179 
885 0.6866702 
886 0.6873994 
887 0.6869478 
888 0.6863917 
889 0.6868593 
890 0.686414 
891 0.6868521 
892 0.6865336 
893 0.6853989 
894 0.6858233 
895 0.6861775 
896 0.6868882 
897 0.6868128 
898 0.6856735 
899 0.6846393 
900 0.68602 
901 0.6850649 
902 0.6836435 
903 0.6845093 
904 0.6866721 
905 0.6854488 
906 0.6846037 
907 0.6846779 
908 0.6847029 
909 0.6846986 
910 0.68467 
911 0.6846427 
912 0.684636 
913 0.6846364 
914 0.6846129 
915 0.6846181 
916 0.6846216 
917 0.6846234 
918 0.6846136 
919 0.6846028 
920 0.6845948 
921 0.6845664 
922 0.6845468 
923 0.6845299 
924 0.6845368 
925 0.6845476 
926 0.6845552 
927 0.6845602 
928 0.684528 
929 0.684521 
930 0.6844492 
931 0.6844308 
932 0.6843485 
933 0.684286 
934 0.6839023 
935 0.6803148 
936 0.6803086 
937 0.6820665 
938 0.6836227 
939 0.683654 
940 0.6836061 
941 0.6804138 
942 0.6807859 
943 0.6826402 
944 0.6830194 
945 0.682983 
946 0.6853442 
947 0.6845384 
948 0.683155 
949 0.673013 
950 0.6730241 
951 0.6729997 
952 0.6761718 
953 0.678141 
954 0.6797616 
955 0.6826719 
956 0.6804009 
957 0.6770047 
958 0.6793107 
959 0.6799924 
960 0.6783444 
961 0.680359 
962 0.6785831 
963 0.682823 
964 0.6805075 
965 0.6788001 
966 0.6746353 
967 0.6765118 
968 0.6782187 
969 0.6728015 
970 0.6749779 
971 0.6765447 
972 0.6788942 
973 0.67727 
974 0.6731908 
975 0.674966 
976 0.676481 
977 0.6708652 
978 0.6708259 
979 0.6734771 
980 0.6751871 
981 0.6787326 
982 0.6763999 
983 0.6742204 
984 0.6767184 
985 0.6748726 
986 0.6731584 
987 0.6732032 
988 0.6731662 
989 0.6732946 
990 0.6734111 
991 0.6726813 
992 0.6737358 
993 0.6728504 
994 0.6747104 
995 0.6737276 
996 0.6730593 
997 0.6725727 
998 0.6721421 
999 0.6711694 
1000 0.6713336 
1001 0.6716314 
1002 0.6718503 
1003 0.6715096 
1004 0.671349 
1005 0.6712806 
1006 0.6760188 
1007 0.671539 
1008 0.6708397 
1009 0.6675251 
1010 0.6695369 
1011 0.6708052 
1012 0.668253 
1013 0.6696558 
1014 0.6707596 
1015 0.6700228 
1016 0.6670546 
1017 0.6687144 
1018 0.6698308 
1019 0.6641724 
1020 0.667706 
1021 0.6705656 
1022 0.6686028 
1023 0.6709819 
1024 0.6692197 
1025 0.6674812 
1026 0.6684638 
1027 0.6699908 
1028 0.6689489 
1029 0.6663573 
1030 0.6676021 
1031 0.6686076 
1032 0.6668501 
1033 0.6689666 
1034 0.6682573 
1035 0.6648839 
1036 0.6676984 
1037 0.6674993 
1038 0.66756 
1039 0.6670821 
1040 0.6672599 
1041 0.6673773 
1042 0.6642199 
1043 0.6640797 
1044 0.664047 
1045 0.6642225 
1046 0.6647138 
1047 0.6650663 
1048 0.6653717 
1049 0.6660015 
1050 0.6656714 
1051 0.6643544 
1052 0.6643396 
1053 0.6646954 
1054 0.6649612 
1055 0.6656285 
1056 0.665368 
1057 0.6641 
1058 0.6647696 
1059 0.6650105 
1060 0.6646721 
1061 0.6648084 
1062 0.6660384 
1063 0.6659857 
1064 0.6659029 
1065 0.6643523 
1066 0.6629113 
1067 0.659856 
1068 0.6603242 
1069 0.6624216 
1070 0.6600506 
1071 0.6624014 
1072 0.6608393 
1073 0.6622425 
1074 0.6611483 
1075 0.6653694 
1076 0.6620609 
1077 0.6608027 
1078 0.6599008 
1079 0.6607632 
1080 0.659727 
1081 0.6590405 
1082 0.6603367 
1083 0.6595567 
1084 0.6582871 
1085 0.6589583 
1086 0.6596172 
1087 0.6589466 
1088 0.6598889 
1089 0.659134 
1090 0.6568506 
1091 0.657662 
1092 0.6581888 
1093 0.6586924 
1094 0.6578727 
1095 0.6584401 
1096 0.658966 
1097 0.6588799 
1098 0.6581463 
1099 0.6577907 
1100 0.6578666 
1101 0.656788 
1102 0.6560361 
1103 0.6571563 
1104 0.6564488 
1105 0.6559293 
1106 0.6566297 
1107 0.6562399 
1108 0.6559544 
1109 0.6567277 
1110 0.6563085 
1111 0.6572919 
1112 0.6568593 
1113 0.6556349 
1114 0.6550469 
1115 0.6578292 
1116 0.6539046 
1117 0.6555513 
1118 0.6539525 
1119 0.6552865 
1120 0.653805 
1121 0.6551306 
1122 0.6537125 
1123 0.6549887 
1124 0.6536421 
1125 0.6548638 
1126 0.6535968 
1127 0.6547886 
1128 0.6536054 
1129 0.6548909 
1130 0.6537341 
1131 0.6519474 
1132 0.6505333 
1133 0.6489468 
1134 0.6498424 
1135 0.642057 
1136 0.6421126 
1137 0.6439044 
1138 0.6425248 
1139 0.6434477 
1140 0.6405702 
1141 0.6374991 
1142 0.6388651 
1143 0.6398714 
1144 0.6377161 
1145 0.6394276 
1146 0.6365698 
1147 0.6370901 
1148 0.6324031 
1149 0.6343461 
1150 0.6303537 
1151 0.6208159 
1152 0.6208757 
1153 0.6218776 
1154 0.6240492 
1155 0.6239367 
1156 0.6173084 
1157 0.619588 
1158 0.6184149 
1159 0.6166636 
1160 0.6162319 
1161 0.6149576 
1162 0.614899 
1163 0.6137283 
1164 0.61369 
1165 0.6120955 
1166 0.6127237 
1167 0.6099209 
1168 0.6107418 
1169 0.61147 
1170 0.6088368 
1171 0.6096888 
1172 0.6106132 
1173 0.608626 
1174 0.6095082 
1175 0.6102892 
1176 0.610492 
1177 0.6088816 
1178 0.6102986 
1179 0.6088831 
1180 0.6098974 
1181 0.6110422 
1182 0.6145489 
1183 0.6142976 
1184 0.6140534 
1185 0.613383 
1186 0.6115973 
1187 0.6120938 
1188 0.6125584 
1189 0.6122411 
1190 0.6125486 
1191 0.6124967 
1192 0.6129083 
1193 0.6126259 
1194 0.6140487 
1195 0.6136123 
1196 0.6254809 
1197 0.6252065 
1198 0.6119937 
1199 0.6120576 
1200 0.6120601 
1201 0.61206 
1202 0.6120592 
1203 0.6120534 
1204 0.6121059 
1205 0.6120418 
1206 0.612052 
1207 0.6120585 
1208 0.6121888 
1209 0.6124232 
1210 0.6128397 
1211 0.6150679 
1212 0.6209398 
1213 0.6248015 
1214 0.6247777 
1215 0.6232682 
1216 0.6197147 
1217 0.6196174 
1218 0.6196004 
1219 0.6150589 
1220 0.6164112 
1221 0.6128025 
1222 0.6128022 
1223 0.6108789 
1224 0.6077642 
1225 0.6065709 
1226 0.6064126 
1227 0.6046167 
1228 0.5985027 
1229 0.5994532 
1230 0.596766 
1231 0.5958984 
1232 0.5958323 
1233 0.5939314 
1234 0.5901003 
1235 0.5912225 
1236 0.5882418 
1237 0.5883169 
1238 0.5883654 
1239 0.5884403 
1240 0.5885181 
1241 0.5885548 
1242 0.5885809 
1243 0.5886323 
1244 0.5885829 
1245 0.5885479 
1246 0.5884663 
1247 0.5884229 
1248 0.5883987 
1249 0.588282 
1250 0.5882562 
1251 0.588253 
1252 0.5883603 
1253 0.5884689 
1254 0.5889001 
1255 0.5888649 
1256 0.5877592 
1257 0.5840813 
1258 0.5840742 
1259 0.5843886 
1260 0.5858861 
1261 0.5832418 
1262 0.5839124 
1263 0.5816842 
1264 0.5769191 
1265 0.5742992 
1266 0.574181 
1267 0.5714471 
1268 0.5713634 
1269 0.5711121 
1270 0.5703259 
1271 0.5718559 
1272 0.5698631 
1273 0.5705739 
1274 0.5687865 
1275 0.5688503 
1276 0.5695942 
1277 0.5691194 
1278 0.5693516 
1279 0.5688272 
1280 0.5687742 
1281 0.5619603 
1282 0.562151 
1283 0.5621663 
1284 0.5620215 
1285 0.5614264 
1286 0.5621388 
1287 0.5630581 
1288 0.5639364 
1289 0.5633507 
1290 0.5639319 
1291 0.5636649 
1292 0.5640644 
1293 0.5644927 
1294 0.564877 
1295 0.564276 
1296 0.5646423 
1297 0.5650465 
1298 0.5651578 
1299 0.5651811 
1300 0.5651917 
1301 0.565227 
1302 0.5652909 
1303 0.5653396 
1304 0.5653664 
1305 0.5654308 
1306 0.5654748 
1307 0.5654815 
1308 0.5654837 
1309 0.565465 
1310 0.5654376 
1311 0.5654139 
1312 0.5653468 
1313 0.565276 
1314 0.5652377 
1315 0.5650164 
1316 0.5649961 
1317 0.5649908 
1318 0.5649983 
1319 0.5650238 
1320 0.5650158 
1321 0.5649863 
1322 0.5649675 
1323 0.5648544 
1324 0.5647975 
1325 0.5646958 
1326 0.5645564 
1327 0.5649876 
1328 0.5650068 
1329 0.5654462 
1330 0.5654181 
1331 0.5654669 
1332 0.5675323 
1333 0.567578 
1334 0.5675806 
1335 0.5675351 
1336 0.567486 
1337 0.5673024 
1338 0.5669124 
1339 0.5665534 
1340 0.5668779 
1341 0.5660263 
1342 0.5665582 
1343 0.5660608 
1344 0.5657756 
1345 0.565899 
1346 0.5653681 
1347 0.5648948 
1348 0.5649035 
1349 0.5649727 
1350 0.5648967 
1351 0.562602 
1352 0.5625473 
1353 0.5625632 
1354 0.5646533 
1355 0.5664266 
1356 0.5648199 
1357 0.5624384 
1358 0.5624634 
1359 0.5637481 
1360 0.5653774 
1361 0.5631711 
1362 0.568062 
1363 0.566155 
1364 0.5627886 
1365 0.5634886 
1366 0.5642746 
1367 0.5628815 
1368 0.5633432 
1369 0.5637232 
1370 0.5641053 
1371 0.5653546 
1372 0.5647682 
1373 0.564269 
1374 0.5632347 
1375 0.5640021 
1376 0.5644383 
1377 0.5638815 
1378 0.5672682 
1379 0.5671703 
1380 0.5664799 
1381 0.5651264 
1382 0.5627091 
1383 0.5639352 
1384 0.5703646 
1385 0.5703535 
1386 0.5701237 
1387 0.5676847 
1388 0.5640214 
1389 0.564093 
1390 0.5641965 
1391 0.5641797 
1392 0.5641743 
1393 0.564239 
1394 0.5641815 
1395 0.5635825 
1396 0.5634813 
1397 0.5635128 
1398 0.5636316 
1399 0.5637314 
1400 0.5638281 
1401 0.5639776 
1402 0.5639711 
1403 0.5638749 
1404 0.5639316 
1405 0.5639823 
1406 0.5640576 
1407 0.5639226 
1408 0.5639909 
1409 0.5640576 
1410 0.5641462 
1411 0.5640818 
1412 0.5641546 
1413 0.5642026 
1414 0.5642305 
1415 0.5642249 
1416 0.5623824 
1417 0.5623909 
1418 0.5626047 
1419 0.5632419 
1420 0.5636753 
1421 0.5640327 
1422 0.5644144 
1423 0.5640019 
1424 0.5642314 
1425 0.5647194 
1426 0.5644593 
1427 0.5641337 
1428 0.5644782 
1429 0.5642806 
1430 0.5638339 
1431 0.5640406 
1432 0.5643607 
1433 0.5641301 
1434 0.5633407 
1435 0.5632107 
1436 0.563408 
1437 0.5638031 
1438 0.5636339 
1439 0.5642848 
1440 0.5640085 
1441 0.5637104 
1442 0.5636498 
1443 0.5635691 
1444 0.5635159 
1445 0.5644366 
1446 0.5642234 
1447 0.5642276 
1448 0.563831 
1449 0.563806 
1450 0.5637389 
1451 0.5638045 
1452 0.5639269 
1453 0.5639169 
1454 0.5639554 
1455 0.5651432 
1456 0.5652714 
1457 0.5649519 
1458 0.5647901 
1459 0.5640919 
1460 0.5643945 
1461 0.5645609 
1462 0.5646947 
1463 0.5648148 
1464 0.5649526 
1465 0.565501 
1466 0.5654087 
1467 0.5652614 
1468 0.5653315 
1469 0.5650516 
1470 0.5652456 
1471 0.5654015 
1472 0.5655475 
1473 0.5657911 
1474 0.56563 
1475 0.565812 
1476 0.5657106 
1477 0.5658887 
1478 0.5658273 
1479 0.565713 
1480 0.5658037 
1481 0.5658849 
1482 0.5660145 
1483 0.5659342 
1484 0.5660156 
1485 0.5666304 
1486 0.5666451 
1487 0.5666157 
1488 0.5666018 
1489 0.566678 
1490 0.566779 
1491 0.566709 
1492 0.566768 
1493 0.5668725 
1494 0.5668359 
1495 0.5669602 
1496 0.5669296 
1497 0.5669173 
1498 0.5669647 
1499 0.5670331 
1500 0.5670098 
1501 0.56706 
1502 0.5672788 
1503 0.5673363 
1504 0.5673767 
1505 0.567419 
1506 0.5679965 
1507 0.568142 
1508 0.5680425 
1509 0.5679665 
1510 0.5678905 
1511 0.5674606 
1512 0.5671102 
1513 0.5684118 
1514 0.5705674 
1515 0.5695416 
1516 0.5686397 
1517 0.5700982 
1518 0.5689883 
1519 0.571097 
1520 0.5711271 
1521 0.569631 
1522 0.5654175 
1523 0.5702136 
1524 0.5697202 
1525 0.5704849 
1526 0.5701755 
1527 0.5698069 
1528 0.5705238 
1529 0.5703249 
1530 0.5701095 
1531 0.568935 
1532 0.5715286 
1533 0.5709771 
1534 0.5703129 
1535 0.5709556 
1536 0.5703482 
1537 0.5707207 
1538 0.5713596 
1539 0.5709976 
1540 0.5719422 
1541 0.5718571 
1542 0.5717867 
1543 0.5717237 
1544 0.5716537 
1545 0.5719598 
1546 0.571501 
1547 0.5723781 
1548 0.5723024 
1549 0.572398 
1550 0.5723918 
1551 0.5724707 
1552 0.5724517 
1553 0.5725338 
1554 0.5725584 
1555 0.5725932 
1556 0.5726585 
1557 0.5727637 
1558 0.5727653 
1559 0.572781 
1560 0.573257 
1561 0.5732086 
1562 0.5731722 
1563 0.573138 
1564 0.5737829 
1565 0.5736177 
1566 0.573622 
1567 0.5736318 
1568 0.5736528 
1569 0.5719148 
1570 0.5737173 
1571 0.572428 
1572 0.5739813 
1573 0.5737685 
1574 0.5732589 
1575 0.5736119 
1576 0.5722531 
1577 0.5728419 
1578 0.5734253 
1579 0.5697553 
1580 0.5701702 
1581 0.5740693 
1582 0.5730099 
1583 0.568752 
1584 0.5723219 
1585 0.5753965 
1586 0.5711879 
1587 0.5719423 
1588 0.5727321 
1589 0.5749521 
1590 0.5737635 
1591 0.5726541 
1592 0.5745071 
1593 0.5736224 
1594 0.5725111 
1595 0.5737073 
1596 0.5729064 
1597 0.5743674 
1598 0.5738451 
1599 0.5734711 
1600 0.5731821 
1601 0.5729039 
1602 0.5760343 
1603 0.5755517 
1604 0.5733187 
1605 0.5722182 
1606 0.5733654 
1607 0.5726919 
1608 0.5745527 
1609 0.5737989 
1610 0.5732032 
1611 0.5722803 
1612 0.5728956 
1613 0.570569 
1614 0.5715802 
1615 0.5722462 
1616 0.5729246 
1617 0.5720345 
1618 0.5726203 
1619 0.5737097 
1620 0.5731058 
1621 0.5723798 
1622 0.5730085 
1623 0.572041 
1624 0.5726185 
1625 0.5735917 
1626 0.5731471 
1627 0.5726257 
1628 0.5735093 
1629 0.5730653 
1630 0.5724447 
1631 0.5729764 
1632 0.5721411 
1633 0.5725795 
1634 0.5733315 
1635 0.5728801 
1636 0.5714663 
1637 0.5720061 
1638 0.5724446 
1639 0.5729769 
1640 0.5721987 
1641 0.5726353 
1642 0.5736336 
1643 0.573181 
1644 0.5726957 
1645 0.5742515 
1646 0.5736619 
1647 0.573206 
1648 0.5727399 
1649 0.5746277 
1650 0.5727543 
1651 0.5725568 
1652 0.5727231 
1653 0.5728399 
1654 0.5726974 
1655 0.5726452 
1656 0.5727523 
1657 0.5727624 
1658 0.5726544 
1659 0.5759878 
1660 0.5722758 
1661 0.5728984 
1662 0.5746189 
1663 0.5737359 
1664 0.5728632 
1665 0.5740103 
1666 0.5733473 
1667 0.5715404 
1668 0.5725413 
1669 0.5733754 
1670 0.5715553 
1671 0.5724259 
1672 0.5731788 
1673 0.5758568 
1674 0.573318 
1675 0.5731847 
1676 0.5739004 
1677 0.573125 
1678 0.5737358 
1679 0.5732356 
1680 0.5732232 
1681 0.5734299 
1682 0.5724969 
1683 0.5731849 
1684 0.57399 
1685 0.5723533 
1686 0.5737586 
1687 0.5735717 
1688 0.5733245 
1689 0.5706195 
1690 0.5722062 
1691 0.5732234 
1692 0.5725065 
1693 0.5733636 
1694 0.573018 
1695 0.5736604 
1696 0.5731705 
1697 0.5737868 
1698 0.5733657 
1699 0.5716737 
1700 0.5723624 
1701 0.5728298 
1702 0.5733286 
1703 0.5727471 
1704 0.5731341 
1705 0.574079 
1706 0.5736474 
1707 0.5732307 
1708 0.573885 
1709 0.573504 
1710 0.5727905 
1711 0.573184 
1712 0.573643 
1713 0.5731981 
1714 0.573662 
1715 0.5732293 
1716 0.5737255 
1717 0.5733308 
1718 0.5741473 
1719 0.573736 
1720 0.5733432 
1721 0.574121 
1722 0.573722 
1723 0.5733184 
1724 0.5739179 
1725 0.573556 
1726 0.5727346 
1727 0.573151 
1728 0.573521 
1729 0.572205 
1730 0.5728151 
1731 0.5732148 
1732 0.5735782 
1733 0.5724999 
1734 0.5730076 
1735 0.5733637 
1736 0.5738147 
1737 0.5734439 
1738 0.5741016 
1739 0.5737472 
1740 0.5733094 
1741 0.5736831 
1742 0.5730831 
1743 0.5734267 
1744 0.5739402 
1745 0.5736035 
1746 0.5722589 
1747 0.5728894 
1748 0.5732906 
1749 0.5736124 
1750 0.5748217 
1751 0.5742882 
1752 0.5739356 
1753 0.5735964 
1754 0.5742118 
1755 0.5738838 
1756 0.5734957 
1757 0.5738565 
1758 0.5734195 
1759 0.5737374 
1760 0.5725102 
1761 0.5730827 
1762 0.57345 
1763 0.5737489 
1764 0.5749355 
1765 0.5744253 
1766 0.5740901 
1767 0.5737893 
1768 0.5747493 
1769 0.5749796 
1770 0.5750524 
1771 0.5751168 
1772 0.5751876 
1773 0.5752662 
1774 0.5752902 
1775 0.5753145 
1776 0.5751008 
1777 0.5748615 
1778 0.57483 
1779 0.5747843 
1780 0.5746353 
1781 0.5746095 
1782 0.5747209 
1783 0.5746694 
1784 0.5744143 
1785 0.5739335 
1786 0.5734441 
1787 0.5733264 
1788 0.5729656 
1789 0.5731804 
1790 0.5728184 
1791 0.5733111 
1792 0.5728862 
1793 0.5733378 
1794 0.5728712 
1795 0.5732536 
1796 0.5724215 
1797 0.5730614 
1798 0.5734336 
1799 0.5738057 
1800 0.5733907 
1801 0.5737471 
1802 0.5732887 
1803 0.5736122 
1804 0.572421 
1805 0.572998 
1806 0.5733486 
1807 0.5737676 
1808 0.5734195 
1809 0.5740155 
1810 0.5736534 
1811 0.5731657 
1812 0.5734856 
1813 0.5743737 
1814 0.5739022 
1815 0.5735721 
1816 0.5729813 
1817 0.5729494 
1818 0.5733719 
1819 0.573672 
1820 0.5744965 
1821 0.5740226 
1822 0.5737009 
1823 0.5740477 
1824 0.5736948 
1825 0.5739983 
1826 0.5736002 
1827 0.5738769 
1828 0.572587 
1829 0.5731996 
1830 0.5735568 
1831 0.5738714 
1832 0.5733877 
1833 0.5736955 
1834 0.5740148 
1835 0.5736857 
1836 0.5739712 
1837 0.5734968 
1838 0.5737885 
1839 0.5741246 
1840 0.5738359 
1841 0.5742417 
1842 0.5739673 
1843 0.5729171 
1844 0.5735056 
1845 0.5738356 
1846 0.5740929 
1847 0.5732447 
1848 0.5736737 
1849 0.5739414 
1850 0.5743147 
1851 0.5740528 
1852 0.5735859 
1853 0.5736013 
1854 0.5736768 
1855 0.5735914 
1856 0.5738797 
1857 0.5741261 
1858 0.5735406 
1859 0.5738403 
1860 0.574134 
1861 0.5738478 
1862 0.5741314 
1863 0.5738525 
1864 0.5741442 
1865 0.5738799 
1866 0.5742269 
1867 0.5739806 
1868 0.5729872 
1869 0.5734856 
1870 0.5737705 
1871 0.574006 
1872 0.5734426 
1873 0.5737713 
1874 0.5739985 
1875 0.5747281 
1876 0.5743626 
1877 0.5741264 
1878 0.5736259 
1879 0.5739021 
1880 0.5741287 
1881 0.5735911 
1882 0.5738861 
1883 0.5741074 
1884 0.5732102 
1885 0.5734182 
1886 0.5738007 
1887 0.5740338 
1888 0.5742734 
1889 0.5739988 
1890 0.5742261 
1891 0.5738548 
1892 0.5740802 
1893 0.5744084 
1894 0.5741872 
1895 0.5733949 
1896 0.5738174 
1897 0.5740644 
1898 0.5742923 
1899 0.5739757 
1900 0.5741846 
1901 0.5748067 
1902 0.5744838 
1903 0.5742674 
1904 0.5736238 
1905 0.5739631 
1906 0.5741791 
1907 0.5745051 
1908 0.5742892 
1909 0.573583 
1910 0.5739492 
1911 0.5741763 
1912 0.5744474 
1913 0.5742198 
1914 0.5745541 
1915 0.5743403 
1916 0.5738746 
1917 0.5741298 
1918 0.5743362 
1919 0.573767 
1920 0.574072 
1921 0.5742725 
1922 0.5746782 
1923 0.5744447 
1924 0.574212 
1925 0.5744337 
1926 0.5741842 
1927 0.574387 
1928 0.5739881 
1929 0.5742151 
1930 0.5744281 
1931 0.5741495 
1932 0.5743431 
1933 0.5746656 
1934 0.5744697 
1935 0.5740151 
1936 0.5740816 
1937 0.5743135 
1938 0.5745273 
1939 0.5742622 
1940 0.574446 
1941 0.5746447 
1942 0.5743753 
1943 0.574611 
1944 0.5743666 
1945 0.5745635 
1946 0.5742025 
1947 0.5744091 
1948 0.5746056 
1949 0.5743664 
1950 0.5745437 
1951 0.5738948 
1952 0.5742441 
1953 0.5744468 
1954 0.5746258 
1955 0.5743192 
1956 0.5745015 
1957 0.5747291 
1958 0.5745504 
1959 0.5749788 
1960 0.5747479 
1961 0.5745721 
1962 0.5750919 
1963 0.5748226 
1964 0.5746467 
1965 0.5742441 
1966 0.5744646 
1967 0.574631 
1968 0.5739685 
1969 0.5743276 
1970 0.5745321 
1971 0.5746971 
1972 0.5742699 
1973 0.5745001 
1974 0.5746608 
1975 0.575185 
1976 0.5749195 
1977 0.5747502 
1978 0.5744582 
1979 0.5746292 
1980 0.5748307 
1981 0.5746624 
1982 0.5749451 
1983 0.574773 
1984 0.5745285 
1985 0.5746868 
1986 0.5750669 
1987 0.5748596 
1988 0.5746965 
1989 0.5750721 
1990 0.5748681 
1991 0.5747058 
1992 0.5750734 
1993 0.5748719 
1994 0.5747095 
1995 0.5750337 
1996 0.57485 
1997 0.5746741 
1998 0.5748625 
1999 0.5746937 
2000 0.574912 
2001 0.5747548 
2002 0.5750149 
2003 0.5748584 
2004 0.5745722 
2005 0.5747371 
2006 0.5749087 
2007 0.5747341 
2008 0.5748993 
2009 0.5747115 
2010 0.574862 
2011 0.5745444 
2012 0.5747221 
2013 0.5748732 
2014 0.5745867 
2015 0.5747509 
2016 0.5749155 
2017 0.5747338 
2018 0.5748854 
2019 0.5746231 
2020 0.5747785 
2021 0.5749677 
2022 0.5748169 
2023 0.575141 
2024 0.5749606 
2025 0.5748059 
2026 0.5750353 
2027 0.5748861 
2028 0.5745265 
2029 0.5747215 
2030 0.5748629 
2031 0.575069 
2032 0.5749287 
2033 0.5743898 
2034 0.5745158 
2035 0.5747517 
2036 0.5749024 
2037 0.5751808 
2038 0.5750141 
2039 0.5747857 
2040 0.5749313 
2041 0.5753737 
2042 0.5751138 
2043 0.5749262 
2044 0.5751377 
2045 0.5750067 
2046 0.5748091 
2047 0.5749339 
2048 0.5751526 
2049 0.5750222 
2050 0.5748603 
2051 0.5749831 
2052 0.5743968 
2053 0.5747939 
2054 0.5750221 
2055 0.5748352 
2056 0.5749589 
2057 0.5750845 
2058 0.574967 
2059 0.5752193 
2060 0.5750681 
2061 0.574886 
2062 0.5750174 
2063 0.5745594 
2064 0.5747956 
2065 0.5749354 
2066 0.57505 
2067 0.574635 
2068 0.5748826 
2069 0.5750401 
2070 0.5749544 
2071 0.5751968 
2072 0.5750553 
2073 0.5750419 
2074 0.5751039 
2075 0.5749463 
2076 0.5751033 
2077 0.5748953 
2078 0.5750385 
2079 0.5754792 
2080 0.5750982 
2081 0.5748155 
2082 0.5759539 
2083 0.5740924 
2084 0.5747896 
2085 0.5751503 
2086 0.5750347 
2087 0.5752278 
2088 0.5751054 
2089 0.5748491 
2090 0.5749938 
2091 0.5751189 
2092 0.5749144 
2093 0.5750379 
2094 0.5752091 
2095 0.5750919 
2096 0.5746845 
2097 0.574968 
2098 0.5751524 
2099 0.5749907 
2100 0.5750776 
2101 0.5752356 
2102 0.5751564 
2103 0.5750845 
2104 0.5752528 
2105 0.575151 
2106 0.5750114 
2107 0.5751104 
2108 0.5753078 
2109 0.575213 
2110 0.5751482 
2111 0.5750981 
2112 0.5751684 
2113 0.5750097 
2114 0.5751073 
2115 0.5752839 
2116 0.5751838 
2117 0.5750647 
2118 0.5751725 
2119 0.5749956 
2120 0.5751021 
2121 0.5752817 
2122 0.5751734 
2123 0.5749929 
2124 0.5751001 
2125 0.5752651 
2126 0.5751594 
2127 0.5748749 
2128 0.5750204 
2129 0.5751248 
2130 0.5754218 
2131 0.5752721 
2132 0.5751641 
2133 0.5748178 
2134 0.574992 
2135 0.5751096 
2136 0.5753175 
2137 0.5751948 
2138 0.5749788 
2139 0.5751041 
2140 0.5753092 
2141 0.5751843 
2142 0.5748354 
2143 0.5750258 
2144 0.5751837 
2145 0.5750103 
2146 0.5751073 
2147 0.5752211 
2148 0.5751102 
2149 0.5752444 
2150 0.5751407 
2151 0.5754099 
2152 0.5752731 
2153 0.5751726 
2154 0.5748172 
2155 0.5749935 
2156 0.5751044 
2157 0.5752186 
2158 0.575094 
2159 0.5751987 
2160 0.5750244 
2161 0.5751268 
2162 0.5752686 
2163 0.5751699 
2164 0.5750062 
2165 0.5751145 
2166 0.5752144 
2167 0.5750484 
2168 0.5751462 
2169 0.5752862 
2170 0.5751915 
2171 0.5748251 
2172 0.5750062 
2173 0.5751161 
2174 0.5752111 
2175 0.5749911 
2176 0.5751057 
2177 0.5751985 
2178 0.5748343 
2179 0.5750131 
2180 0.5751227 
2181 0.5752174 
2182 0.5750026 
2183 0.5751152 
2184 0.5752059 
2185 0.5748514 
2186 0.5750251 
2187 0.5751312 
2188 0.5752258 
2189 0.5750423 
2190 0.5751429 
2191 0.5752399 
2192 0.5751085 
2193 0.5751967 
2194 0.5755302 
2195 0.5753687 
2196 0.5752689 
2197 0.5751747 
2198 0.5753131 
2199 0.5752252 
2200 0.575008 
2201 0.5751205 
2202 0.5752073 
2203 0.5752675 
2204 0.5751707 
2205 0.5752748 
2206 0.5751851 
2207 0.5753275 
2208 0.5752415 
2209 0.5750975 
2210 0.5751834 
2211 0.575318 
2212 0.5752337 
2213 0.5750482 
2214 0.5751474 
2215 0.5752338 
2216 0.5750485 
2217 0.5751474 
2218 0.5752335 
2219 0.5750441 
2220 0.5751441 
2221 0.5752289 
2222 0.5749986 
2223 0.575115 
2224 0.5751975 
2225 0.5753942 
2226 0.5752918 
2227 0.5752092 
2228 0.5755225 
2229 0.5753685 
2230 0.5752741 
2231 0.5751843 
2232 0.5753054 
2233 0.5752251 
2234 0.5749532 
2235 0.5750863 
2236 0.5751716 
2237 0.5752655 
2238 0.5751736 
2239 0.5752735 
2240 0.5751873 
2241 0.5753168 
2242 0.5752363 
2243 0.5750704 
2244 0.5751609 
2245 0.575248 
2246 0.5751298 
2247 0.5752088 
2248 0.5755069 
2249 0.5753612 
2250 0.5752716 
2251 0.575187 
2252 0.5753132 
2253 0.5752344 
2254 0.5750654 
2255 0.5751565 
2256 0.5752392 
2257 0.5750977 
2258 0.5751795 
2259 0.5752864 
2260 0.5752078 
2261 0.5754984 
2262 0.5753568 
2263 0.5752688 
2264 0.5751857 
2265 0.5753083 
2266 0.5752312 
2267 0.5750561 
2268 0.5751486 
2269 0.5752269 
2270 0.5750182 
2271 0.575124 
2272 0.5752 
2273 0.5754144 
2274 0.5753059 
2275 0.5752298 
2276 0.5750593 
2277 0.5751497 
2278 0.5752277 
2279 0.5750445 
2280 0.5751391 
2281 0.5752146 
2282 0.5749593 
2283 0.575085 
2284 0.5751657 
2285 0.5752537 
2286 0.5751693 
2287 0.5752618 
2288 0.5751832 
2289 0.575309 
2290 0.5752338 
2291 0.5751152 
2292 0.5751891 
2293 0.5753466 
2294 0.5752621 
2295 0.575185 
2296 0.5753223 
2297 0.5752447 
2298 0.5751536 
2299 0.5752322 
2300 0.5751145 
2301 0.5751878 
2302 0.5753447 
2303 0.5752602 
2304 0.5751835 
2305 0.5753198 
2306 0.5752424 
2307 0.5751513 
2308 0.5752289 
2309 0.5751067 
2310 0.5751804 
2311 0.5753066 
2312 0.5752321 
2313 0.5751231 
2314 0.575195 
2315 0.5754461 
2316 0.5753229 
2317 0.5752449 
2318 0.5751623 
2319 0.5752505 
2320 0.5751725 
2321 0.5752802 
2322 0.5752093 
2323 0.5749695 
2324 0.5750859 
2325 0.5751617 
2326 0.5752512 
2327 0.5751762 
2328 0.575303 
2329 0.5752291 
2330 0.5751306 
2331 0.5752016 
2332 0.5749363 
2333 0.5750635 
2334 0.5751426 
2335 0.5752176 
2336 0.5751067 
2337 0.5751763 
2338 0.5753367 
2339 0.5752523 
2340 0.5751824 
2341 0.5754196 
2342 0.5753032 
2343 0.5752285 
2344 0.5751478 
2345 0.5752291 
2346 0.5751495 
2347 0.5752329 
2348 0.5751569 
2349 0.5752529 
2350 0.5751846 
2351 0.5753984 
2352 0.5752874 
2353 0.5752152 
2354 0.5751335 
2355 0.575208 
2356 0.5751154 
2357 0.5751828 
2358 0.5749276 
2359 0.5750494 
2360 0.5751253 
2361 0.5751969 
2362 0.5750943 
2363 0.5751603 
2364 0.5753458 
2365 0.5752525 
2366 0.5751867 
2367 0.5750532 
2368 0.5751266 
2369 0.5752009 
2370 0.5751164 
2371 0.575185 
2372 0.5750521 
2373 0.575125 
2374 0.575199 
2375 0.5751144 
2376 0.5751826 
2377 0.5750459 
2378 0.5751202 
2379 0.5751918 
2380 0.5750967 
2381 0.5751617 
2382 0.5753927 
2383 0.5752746 
2384 0.5752016 
2385 0.5751339 
2386 0.5752468 
2387 0.5751809 
2388 0.5750905 
2389 0.5751544 
2390 0.5750247 
2391 0.5750956 
2392 0.5751635 
2393 0.5750682 
2394 0.5751305 
2395 0.5753353 
2396 0.5752342 
2397 0.5751683 
2398 0.5750922 
2399 0.5751603 
2400 0.5750708 
2401 0.5751327 
2402 0.5752692 
2403 0.5751881 
2404 0.5751282 
2405 0.5749534 
2406 0.5750401 
2407 0.575101 
2408 0.5752343 
2409 0.5751636 
2410 0.575102 
2411 0.5752567 
2412 0.5751774 
2413 0.5751183 
2414 0.5749128 
2415 0.5750113 
2416 0.5750755 
2417 0.5751497 
2418 0.5750867 
2419 0.5751933 
2420 0.5751316 
2421 0.5750503 
2422 0.5751108 
2423 0.5749053 
2424 0.5750033 
2425 0.575067 
2426 0.5751408 
2427 0.5750777 
2428 0.5751774 
2429 0.5751176 
2430 0.5750205 
2431 0.5750803 
2432 0.5752001 
2433 0.5751346 
2434 0.5750703 
2435 0.5751575 
2436 0.5750995 
2437 0.5748861 
2438 0.5749873 
2439 0.575052 
2440 0.5751206 
2441 0.5750519 
2442 0.5751211 
2443 0.5750537 
2444 0.5751258 
2445 0.5750629 
2446 0.5751543 
2447 0.5750966 
2448 0.5749592 
2449 0.5750306 
2450 0.5750898 
2451 0.5749067 
2452 0.574996 
2453 0.5750558 
2454 0.5751473 
2455 0.57509 
2456 0.5749614 
2457 0.5750294 
2458 0.5750901 
2459 0.5749763 
2460 0.5750394 
2461 0.5751081 
2462 0.5750424 
2463 0.5751159 
2464 0.5750559 
2465 0.5751715 
2466 0.5751083 
2467 0.5750449 
2468 0.5751271 
2469 0.5750704 
2470 0.5749535 
2471 0.5750161 
2472 0.5750819 
2473 0.575015 
2474 0.5750808 
2475 0.5750134 
2476 0.5750783 
2477 0.5750089 
2478 0.575071 
2479 0.5749896 
2480 0.575046 
2481 0.5751446 
2482 0.5750766 
2483 0.5750216 
2484 0.57525 
2485 0.5751353 
2486 0.5750668 
2487 0.5750129 
2488 0.5748984 
2489 0.5749576 
2490 0.5750147 
2491 0.5749409 
2492 0.5749957 
2493 0.5748184 
2494 0.5749038 
2495 0.5749602 
2496 0.5750409 
2497 0.5749881 
2498 0.574803 
2499 0.5748915 
2500 0.574949 
2501 0.5750216 
2502 0.5749676 
2503 0.5751563 
2504 0.5751584 
2505 0.5750667 
2506 0.5750098 
2507 0.5749622 
2508 0.5751545 
2509 0.5750498 
2510 0.574977 
2511 0.5748963 
2512 0.5749667 
2513 0.5749079 
2514 0.5749565 
2515 0.5750065 
2516 0.5749603 
2517 0.5749369 
2518 0.574989 
2519 0.5749397 
2520 0.5750507 
2521 0.5749905 
2522 0.5749326 
2523 0.5750171 
2524 0.5749649 
2525 0.5748583 
2526 0.5749168 
2527 0.5749782 
2528 0.5749156 
2529 0.5749768 
2530 0.5749135 
2531 0.5749736 
2532 0.5749074 
2533 0.574964 
2534 0.5748776 
2535 0.5749309 
2536 0.575041 
2537 0.5749817 
2538 0.5749268 
2539 0.5750266 
2540 0.5749708 
2541 0.5749091 
2542 0.5749715 
2543 0.5749115 
2544 0.5749778 
2545 0.574923 
2546 0.575023 
2547 0.5749672 
2548 0.5749061 
2549 0.5749691 
2550 0.5749107 
2551 0.574982 
2552 0.57493 
2553 0.5751444 
2554 0.5750379 
2555 0.5749738 
2556 0.5749225 
2557 0.5749986 
2558 0.5749386 
2559 0.5748868 
2560 0.5750389 
2561 0.5749628 
2562 0.5749109 
2563 0.574834 
2564 0.5748854 
2565 0.5750983 
2566 0.5749921 
2567 0.574928 
2568 0.5748775 
2569 0.5749134 
2570 0.5748698 
2571 0.5748204 
2572 0.5748766 
2573 0.5748189 
2574 0.5748805 
2575 0.5748259 
2576 0.5749023 
2577 0.5748531 
2578 0.5747109 
2579 0.574781 
2580 0.5748316 
2581 0.5749798 
2582 0.5749058 
2583 0.5748551 
2584 0.5747794 
2585 0.5748299 
2586 0.5750425 
2587 0.5749372 
2588 0.5748738 
2589 0.5748243 
2590 0.5746333 
2591 0.5747168 
2592 0.5747732 
2593 0.574845 
2594 0.5747904 
2595 0.5749118 
2596 0.5748492 
2597 0.5748003 
2598 0.5746499 
2599 0.5747179 
2600 0.5747735 
2601 0.5747215 
2602 0.5747618 
2603 0.5747697 
2604 0.5746986 
2605 0.5747498 
2606 0.5746562 
2607 0.5747578 
2608 0.5746413 
2609 0.5747158 
2610 0.5748289 
2611 0.5747693 
2612 0.5747177 
2613 0.5748351 
2614 0.5746012 
2615 0.5747809 
2616 0.5746958 
2617 0.5747004 
2618 0.5747253 
2619 0.5746777 
2620 0.5747197 
2621 0.5746018 
2622 0.5746625 
2623 0.5747129 
2624 0.5745589 
2625 0.574631 
2626 0.57468 
2627 0.5747547 
2628 0.574708 
2629 0.574612 
2630 0.574665 
2631 0.5747181 
2632 0.5746592 
2633 0.5747111 
2634 0.5746387 
2635 0.5746869 
2636 0.5748789 
2637 0.5747826 
2638 0.5747245 
2639 0.5746778 
2640 0.5748578 
2641 0.5747602 
2642 0.5747003 
2643 0.5746513 
2644 0.5746134 
2645 0.5745912 
2646 0.5746853 
2647 0.5746348 
2648 0.5745573 
2649 0.5746087 
2650 0.5749059 
2651 0.5747719 
2652 0.5746873 
2653 0.5746237 
2654 0.5745117 
2655 0.5745819 
2656 0.5749436 
2657 0.5746373 
2658 0.5745103 
2659 0.5746866 
2660 0.5744971 
2661 0.5746816 
2662 0.574517 
2663 0.5746578 
2664 0.5745572 
2665 0.5746901 
2666 0.5746244 
2667 0.5745637 
2668 0.574701 
2669 0.5746317 
2670 0.5745852 
2671 0.5745219 
2672 0.5745687 
2673 0.5743917 
2674 0.5744715 
2675 0.5745239 
2676 0.5745868 
2677 0.5745365 
2678 0.5746319 
2679 0.5745804 
2680 0.5745301 
2681 0.574609 
2682 0.5745622 
2683 0.5744872 
2684 0.5745347 
2685 0.5746649 
2686 0.5745993 
2687 0.5745529 
2688 0.5744658 
2689 0.5745156 
2690 0.5745832 
2691 0.5745372 
2692 0.5744004 
2693 0.5744607 
2694 0.5745123 
2695 0.574378 
2696 0.5744435 
2697 0.574489 
2698 0.5745852 
2699 0.5745326 
2700 0.5744899 
2701 0.5746852 
2702 0.5745897 
2703 0.5745307 
2704 0.5744808 
2705 0.5746581 
2706 0.5745673 
2707 0.5745138 
2708 0.5744756 
2709 0.5744066 
2710 0.574446 
2711 0.5744837 
2712 0.5744324 
2713 0.5744788 
2714 0.5744057 
2715 0.5744521 
2716 0.5745669 
2717 0.574507 
2718 0.5744629 
2719 0.5743309 
2720 0.5743968 
2721 0.5744415 
2722 0.5745382 
2723 0.5744825 
2724 0.5744417 
2725 0.574727 
2726 0.5745993 
2727 0.5745184 
2728 0.5744597 
2729 0.5743919 
2730 0.5744773 
2731 0.5744239 
2732 0.5741846 
2733 0.5743317 
2734 0.5744405 
2735 0.5743319 
2736 0.574416 
2737 0.5743135 
2738 0.5743693 
2739 0.5744444 
2740 0.574393 
2741 0.5745574 
2742 0.5744694 
2743 0.5744182 
2744 0.5743786 
2745 0.574649 
2746 0.5745174 
2747 0.5744376 
2748 0.5743781 
2749 0.5742066 
2750 0.5743008 
2751 0.5743992 
2752 0.5743314 
2753 0.5744079 
2754 0.5743585 
2755 0.5741366 
2756 0.5742668 
2757 0.5743969 
2758 0.5743077 
2759 0.5744226 
2760 0.5743636 
2761 0.5742959 
2762 0.5743682 
2763 0.5743169 
2764 0.574464 
2765 0.5743892 
2766 0.5743416 
2767 0.5742908 
2768 0.574347 
2769 0.5742996 
2770 0.5743844 
2771 0.5743367 
2772 0.5742822 
2773 0.5743353 
2774 0.5742802 
2775 0.5743329 
2776 0.5742763 
2777 0.5743272 
2778 0.5742626 
2779 0.5743091 
2780 0.574142 
2781 0.574215 
2782 0.5742634 
2783 0.5743284 
2784 0.5742838 
2785 0.5741807 
2786 0.5742288 
2787 0.574298 
2788 0.5742535 
2789 0.5741233 
2790 0.5741865 
2791 0.5742329 
2792 0.5743862 
2793 0.5743094 
2794 0.5742597 
2795 0.5742064 
2796 0.5742645 
2797 0.5742169 
2798 0.5743082 
2799 0.5742585 
2800 0.5742096 
2801 0.5742826 
2802 0.5742379 
2803 0.5741506 
2804 0.5741995 
2805 0.5742594 
2806 0.5742135 
2807 0.5743478 
2808 0.5742802 
2809 0.5742344 
2810 0.5741696 
2811 0.5742158 
2812 0.5740726 
2813 0.5741338 
2814 0.5741797 
2815 0.5743698 
2816 0.5742745 
2817 0.574217 
2818 0.5741729 
2819 0.5740044 
2820 0.5740797 
2821 0.5741288 
2822 0.5741867 
2823 0.5741404 
2824 0.5742499 
2825 0.5741936 
2826 0.5741495 
2827 0.5739838 
2828 0.5740561 
2829 0.5741044 
2830 0.5741713 
2831 0.5741272 
2832 0.573967 
2833 0.5740382 
2834 0.5740868 
2835 0.5741563 
2836 0.5741116 
2837 0.5739873 
2838 0.5740516 
2839 0.5740996 
2840 0.5740444 
2841 0.574088 
2842 0.5741059 
2843 0.5740486 
2844 0.5740926 
2845 0.5739856 
2846 0.5740514 
2847 0.5740841 
2848 0.5740035 
2849 0.5740592 
2850 0.5741045 
2851 0.5740669 
2852 0.5740946 
2853 0.5740551 
2854 0.5740588 
2855 0.5740777 
2856 0.5740383 
2857 0.5740978 
2858 0.5740535 
2859 0.574264 
2860 0.5741602 
2861 0.5740981 
2862 0.5740526 
2863 0.5739583 
2864 0.57401 
2865 0.5740736 
2866 0.5740261 
2867 0.5741354 
2868 0.5740783 
2869 0.574035 
2870 0.5738857 
2871 0.5739582 
2872 0.5740035 
2873 0.5740493 
2874 0.574006 
2875 0.5741297 
2876 0.574068 
2877 0.5740227 
2878 0.5739205 
2879 0.5739748 
2880 0.574032 
2881 0.5739765 
2882 0.5740286 
2883 0.5739719 
2884 0.5740213 
2885 0.5739523 
2886 0.5739978 
2887 0.5741815 
2888 0.5740898 
2889 0.5740342 
2890 0.5739903 
2891 0.5738772 
2892 0.5739025 
2893 0.5739994 
2894 0.5739027 
2895 0.5739924 
2896 0.5739175 
2897 0.5739961 
2898 0.5739417 
2899 0.5739389 
2900 0.5740016 
2901 0.5739569 
2902 0.5739131 
2903 0.5739648 
2904 0.5739197 
2905 0.5739982 
2906 0.5739529 
2907 0.5738917 
2908 0.5739377 
2909 0.5737755 
2910 0.5738491 
2911 0.5738985 
2912 0.5739607 
2913 0.5739129 
2914 0.5740033 
2915 0.5739744 
2916 0.5739294 
2917 0.573852 
2918 0.5738987 
2919 0.5739843 
2920 0.5739366 
2921 0.5738838 
2922 0.5739396 
2923 0.5738904 
2924 0.5739617 
2925 0.5739171 
2926 0.5738159 
2927 0.5738688 
2928 0.5739179 
2929 0.5738419 
2930 0.5738883 
2931 0.5739838 
2932 0.5739328 
2933 0.5738859 
2934 0.5739878 
2935 0.5739343 
2936 0.573889 
2937 0.5738846 
2938 0.5739778 
2939 0.573926 
2940 0.5738816 
2941 0.5737154 
2942 0.5737859 
2943 0.5738335 
2944 0.5739035 
2945 0.5738592 
2946 0.5737442 
2947 0.5738017 
2948 0.5738481 
2949 0.5736763 
2950 0.5737508 
2951 0.5737991 
2952 0.573856 
2953 0.5738092 
2954 0.5739033 
2955 0.5738526 
2956 0.5738053 
2957 0.5738961 
2958 0.5738467 
2959 0.5737977 
2960 0.5738706 
2961 0.573826 
2962 0.5737393 
2963 0.5737881 
2964 0.5738489 
2965 0.5738036 
2966 0.5738072 
2967 0.5738882 
2968 0.5738361 
2969 0.5737903 
2970 0.5738394 
2971 0.5738576 
2972 0.5738117 
2973 0.5737489 
2974 0.5737955 
2975 0.5736403 
2976 0.5737118 
2977 0.5737595 
2978 0.5738273 
2979 0.5737832 
2980 0.573639 
2981 0.5737063 
2982 0.5737531 
2983 0.5738355 
2984 0.5737888 
2985 0.5737319 
2986 0.5737816 
2987 0.573713 
2988 0.5737588 
2989 0.5736969 
2990 0.5737991 
2991 0.5737978 
2992 0.5737535 
2993 0.5736528 
2994 0.5737057 
2995 0.5737549 
2996 0.5736827 
2997 0.5737286 
2998 0.573773 
2999 0.5737927 
3000 0.5737476 
3001 0.5736769 
3002 0.5737227 
3003 0.5737291 
3004 0.5738008 
3005 0.5737517 
3006 0.5737033 
3007 0.5737793 
3008 0.5737342 
3009 0.5736633 
3010 0.5737091 
3011 0.5737214 
3012 0.5737846 
3013 0.5737363 
3014 0.5736859 
3015 0.5737491 
3016 0.5737046 
3017 0.5736468 
3018 0.5737309 
3019 0.5737016 
3020 0.5736562 
3021 0.573655 
3022 0.5737309 
3023 0.5736844 
3024 0.5736354 
3025 0.5737062 
3026 0.5736621 
3027 0.5735631 
3028 0.5736152 
3029 0.573665 
3030 0.5735974 
3031 0.5736431 
3032 0.5735358 
3033 0.573644 
3034 0.5736777 
3035 0.5736329 
3036 0.5735605 
3037 0.5736063 
3038 0.5736382 
3039 0.5736682 
3040 0.5736237 
3041 0.5735453 
3042 0.5735919 
3043 0.5736719 
3044 0.573626 
3045 0.5735662 
3046 0.5736135 
3047 0.573512 
3048 0.5735649 
3049 0.5736136 
3050 0.5735369 
3051 0.5735833 
3052 0.5736647 
3053 0.5736235 
3054 0.5735739 
3055 0.5736405 
3056 0.5735966 
3057 0.573439 
3058 0.5735107 
3059 0.5735587 
3060 0.573624 
3061 0.57358 
3062 0.573412 
3063 0.5734845 
3064 0.5735324 
3065 0.5735963 
3066 0.5735522 
3067 0.5734999 
3068 0.573495 
3069 0.5735563 
3070 0.5735103 
3071 0.5733924 
3072 0.5734617 
3073 0.5735147 
3074 0.5734585 
3075 0.5735034 
3076 0.5733898 
3077 0.5734468 
3078 0.573494 
3079 0.5733479 
3080 0.5734139 
3081 0.573459 
3082 0.573523 
3083 0.5734809 
3084 0.5733511 
3085 0.5734086 
3086 0.5734495 
3087 0.5735072 
3088 0.5734683 
3089 0.5733729 
3090 0.5734164 
3091 0.5734494 
3092 0.5734916 
3093 0.5734622 
3094 0.5734383 
3095 0.5734839 
3096 0.5734489 
3097 0.5734659 
3098 0.5733677 
3099 0.5734491 
3100 0.5733675 
3101 0.5734155 
3102 0.5734811 
3103 0.5735018 
3104 0.5734532 
3105 0.5733978 
3106 0.5734806 
3107 0.5734328 
3108 0.5733358 
3109 0.5733887 
3110 0.5734675 
3111 0.5734181 
3112 0.5731965 
3113 0.573302 
3114 0.5733814 
3115 0.5736887 
3116 0.5733932 
3117 0.5733508 
3118 0.5733844 
3119 0.5733921 
3120 0.5733637 
3121 0.573413 
3122 0.5733744 
3123 0.5734768 
3124 0.5734739 
3125 0.5733591 
3126 0.5731864 
3127 0.5733677 
3128 0.5732683 
3129 0.5733508 
3130 0.5732736 
3131 0.5733309 
3132 0.5732265 
3133 0.5732801 
3134 0.5733272 
3135 0.5732306 
3136 0.5732817 
3137 0.5733323 
3138 0.5732713 
3139 0.5733179 
3140 0.5731935 
3141 0.5732538 
3142 0.5732993 
3143 0.5731984 
3144 0.5732955 
3145 0.5733373 
3146 0.5732937 
3147 0.5731711 
3148 0.5732308 
3149 0.5732762 
3150 0.573139 
3151 0.5732461 
3152 0.5733095 
3153 0.5732692 
3154 0.5731945 
3155 0.5732406 
3156 0.5732647 
3157 0.5732915 
3158 0.573247 
3159 0.5731939 
3160 0.5732508 
3161 0.5732232 
3162 0.5731825 
3163 0.5732496 
3164 0.5732117 
3165 0.573139 
3166 0.573184 
3167 0.573207 
3168 0.5732325 
3169 0.5731898 
3170 0.5731067 
3171 0.5731909 
3172 0.5731387 
3173 0.573183 
3174 0.5731539 
3175 0.5731305 
3176 0.5731562 
3177 0.5731224 
3178 0.5731682 
3179 0.5731346 
3180 0.5730248 
3181 0.5731074 
3182 0.5731316 
3183 0.5730847 
3184 0.5731292 
3185 0.5730611 
3186 0.5731031 
3187 0.5731342 
3188 0.5731421 
3189 0.5731028 
3190 0.5730323 
3191 0.573122 
3192 0.5731274 
3193 0.5730611 
3194 0.5731136 
3195 0.5730419 
3196 0.5730868 
3197 0.5730924 
3198 0.573141 
3199 0.5730987 
3200 0.5729869 
3201 0.573041 
3202 0.5730831 
3203 0.5730122 
3204 0.5730813 
3205 0.5731087 
3206 0.5730767 
3207 0.5730476 
3208 0.5730561 
3209 0.5731017 
3210 0.5730524 
3211 0.5730122 
3212 0.5730873 
3213 0.5730576 
3214 0.5730066 
3215 0.5730475 
3216 0.5728319 
3217 0.5729574 
3218 0.5730577 
3219 0.5730079 
3220 0.573034 
3221 0.5730529 
3222 0.5730088 
3223 0.572982 
3224 0.5730486 
3225 0.5730255 
3226 0.5729522 
3227 0.572999 
3228 0.5729826 
3229 0.5730475 
3230 0.5730101 
3231 0.5728722 
3232 0.5729498 
3233 0.5730094 
3234 0.5729474 
3235 0.5729895 
3236 0.5729399 
3237 0.573011 
3238 0.5729951 
3239 0.572968 
3240 0.5730054 
3241 0.5729939 
3242 0.57294 
3243 0.5729881 
3244 0.5729179 
3245 0.5729631 
3246 0.5729191 
3247 0.5729888 
3248 0.5729876 
3249 0.5729356 
3250 0.5729905 
3251 0.572942 
3252 0.5730049 
3253 0.5729672 
3254 0.5728575 
3255 0.5729123 
3256 0.5729582 
3257 0.5728128 
3258 0.57288 
3259 0.5729261 
3260 0.5729728 
3261 0.5729586 
3262 0.5728968 
3263 0.5729426 
3264 0.5727894 
3265 0.5728588 
3266 0.5729057 
3267 0.5729703 
3268 0.5729292 
3269 0.5727938 
3270 0.5728577 
3271 0.5729032 
3272 0.5729079 
3273 0.5729536 
3274 0.57291 
3275 0.5728699 
3276 0.5727948 
3277 0.5728326 
3278 0.5728667 
3279 0.5726587 
3280 0.572786 
3281 0.5728898 
3282 0.5728401 
3283 0.572802 
3284 0.5728624 
3285 0.5728666 
3286 0.5728279 
3287 0.5728009 
3288 0.5728682 
3289 0.5728392 
3290 0.5726877 
3291 0.5727787 
3292 0.5728548 
3293 0.5728028 
3294 0.5728661 
3295 0.5728228 
3296 0.5726698 
3297 0.572735 
3298 0.5727811 
3299 0.5727634 
3300 0.5728245 
3301 0.5727894 
3302 0.5726626 
3303 0.572744 
3304 0.5728138 
3305 0.5727633 
3306 0.5727852 
3307 0.5728001 
3308 0.5727529 
3309 0.5728037 
3310 0.5727815 
3311 0.5726956 
3312 0.5727433 
3313 0.5728026 
3314 0.5727582 
3315 0.57269 
3316 0.5727652 
3317 0.5727865 
3318 0.5727394 
3319 0.5727768 
3320 0.5727727 
3321 0.5727136 
3322 0.5727601 
3323 0.5726577 
3324 0.5727102 
3325 0.5727573 
3326 0.5726692 
3327 0.5727177 
3328 0.5727734 
3329 0.5727268 
3330 0.5727568 
3331 0.5727632 
3332 0.5727107 
3333 0.5727639 
3334 0.5727137 
3335 0.5727728 
3336 0.5727286 
3337 0.5726515 
3338 0.572729 
3339 0.5727588 
3340 0.5727134 
3341 0.5727086 
3342 0.5727625 
3343 0.5727218 
3344 0.5725606 
3345 0.5726285 
3346 0.5726747 
3347 0.5727232 
3348 0.5727018 
3349 0.5726134 
3350 0.5726618 
3351 0.5727168 
3352 0.5726695 
3353 0.5727101 
3354 0.5727002 
3355 0.5726327 
3356 0.5726774 
3357 0.5725447 
3358 0.572641 
3359 0.5726984 
3360 0.572672 
3361 0.5725638 
3362 0.5726181 
3363 0.5726637 
3364 0.5725279 
3365 0.5725913 
3366 0.5726364 
3367 0.5726449 
3368 0.572681 
3369 0.5726365 
3370 0.5725943 
3371 0.5726594 
3372 0.5726572 
3373 0.5725969 
3374 0.5726426 
3375 0.572514 
3376 0.5725748 
3377 0.5726195 
3378 0.5725827 
3379 0.5726456 
3380 0.5726387 
3381 0.5725738 
3382 0.5726183 
3383 0.5724702 
3384 0.5725584 
3385 0.5726119 
3386 0.5725825 
3387 0.5724752 
3388 0.5725265 
3389 0.5725658 
3390 0.5725253 
3391 0.5725794 
3392 0.5725805 
3393 0.572553 
3394 0.5723663 
3395 0.572486 
3396 0.5725176 
3397 0.5725415 
3398 0.5724278 
3399 0.5724939 
3400 0.5725657 
3401 0.5725131 
3402 0.5725246 
3403 0.5725524 
3404 0.5725096 
3405 0.5725039 
3406 0.5725564 
3407 0.5725161 
3408 0.5724466 
3409 0.5725028 
3410 0.5724866 
3411 0.5724559 
3412 0.5725009 
3413 0.5724552 
3414 0.5725036 
3415 0.5724791 
3416 0.5723596 
3417 0.5724172 
3418 0.5724612 
3419 0.5723174 
3420 0.5724122 
3421 0.5724692 
3422 0.5724577 
3423 0.5723914 
3424 0.5724335 
3425 0.5724184 
3426 0.5724694 
3427 0.5724452 
3428 0.5723737 
3429 0.5724132 
3430 0.5724552 
3431 0.5724052 
3432 0.5724567 
3433 0.5724063 
3434 0.5724623 
3435 0.572417 
3436 0.5724185 
3437 0.5724622 
3438 0.5724183 
3439 0.5723433 
3440 0.5724169 
3441 0.5724463 
3442 0.5723999 
3443 0.5724271 
3444 0.5724335 
3445 0.5723767 
3446 0.5724236 
3447 0.5723422 
3448 0.5723883 
3449 0.5724418 
3450 0.5724087 
3451 0.5722534 
3452 0.5723177 
3453 0.5723628 
3454 0.5723848 
3455 0.5723984 
3456 0.5723458 
3457 0.5723968 
3458 0.5723444 
3459 0.5723956 
3460 0.5723436 
3461 0.5723957 
3462 0.5723455 
3463 0.5724016 
3464 0.5723566 
3465 0.5723509 
3466 0.5724019 
3467 0.5723612 
3468 0.57218 
3469 0.5722852 
3470 0.5723472 
3471 0.5723462 
3472 0.5722812 
3473 0.5723253 
3474 0.5721443 
3475 0.5722482 
3476 0.5723094 
3477 0.5723076 
3478 0.5722404 
3479 0.5722845 
3480 0.5721647 
3481 0.5722526 
3482 0.572306 
3483 0.5722777 
3484 0.5721135 
3485 0.5721851 
3486 0.5722332 
3487 0.5722853 
3488 0.5722564 
3489 0.5720815 
3490 0.5721599 
3491 0.5722156 
3492 0.5722148 
3493 0.5722715 
3494 0.5722203 
3495 0.5722331 
3496 0.5722347 
3497 0.572206 
3498 0.572232 
3499 0.5722373 
3500 0.5721812 
3501 0.5722262 
3502 0.572127 
3503 0.5721782 
3504 0.5722257 
3505 0.5721524 
3506 0.5721967 
3507 0.5722048 
3508 0.5722368 
3509 0.5721909 
3510 0.5722148 
3511 0.572224 
3512 0.5721672 
3513 0.5722133 
3514 0.5721281 
3515 0.5721751 
3516 0.5722306 
3517 0.5721858 
3518 0.572182 
3519 0.572231 
3520 0.5721879 
3521 0.5720846 
3522 0.5721659 
3523 0.5722164 
3524 0.5721778 
3525 0.5720003 
3526 0.5721045 
3527 0.5721663 
3528 0.572169 
3529 0.5721059 
3530 0.5721498 
3531 0.5721103 
3532 0.572122 
3533 0.5720663 
3534 0.5721131 
3535 0.5720386 
3536 0.5720829 
3537 0.5720996 
3538 0.5721186 
3539 0.5720675 
3540 0.5721197 
3541 0.5720714 
3542 0.5721239 
3543 0.5720892 
3544 0.5719319 
3545 0.5720198 
3546 0.5720732 
3547 0.5720507 
3548 0.5719043 
3549 0.5719705 
3550 0.5720155 
3551 0.5720537 
3552 0.5720405 
3553 0.5719412 
3554 0.5719921 
3555 0.5720379 
3556 0.5719547 
3557 0.5720009 
3558 0.5720575 
3559 0.5720142 
3560 0.5719586 
3561 0.5720229 
3562 0.5720356 
3563 0.5719807 
3564 0.5720273 
3565 0.5719559 
3566 0.5719996 
3567 0.5719915 
3568 0.5720412 
3569 0.572003 
3570 0.5718504 
3571 0.5719468 
3572 0.5720044 
3573 0.571998 
3574 0.5719172 
3575 0.5719627 
3576 0.5720126 
3577 0.5719812 
3578 0.5719254 
3579 0.5719639 
3580 0.5719197 
3581 0.5719214 
3582 0.5719611 
3583 0.5719169 
3584 0.5719108 
3585 0.5719592 
3586 0.5719192 
3587 0.5718078 
3588 0.5718902 
3589 0.571941 
3590 0.5719109 
3591 0.5718982 
3592 0.5718567 
3593 0.5717755 
3594 0.5718469 
3595 0.5718872 
3596 0.5718435 
3597 0.5718255 
3598 0.571878 
3599 0.5718485 
3600 0.5718575 
3601 0.5718274 
3602 0.5718164 
3603 0.5718156 
3604 0.5719042 
3605 0.5718392 
3606 0.571736 
3607 0.5717846 
3608 0.5717499 
3609 0.5717595 
3610 0.5718238 
3611 0.5717569 
3612 0.5717934 
3613 0.5717733 
3614 0.57164 
3615 0.5717002 
3616 0.5717444 
3617 0.5717433 
3618 0.5717909 
3619 0.5717541 
3620 0.571671 
3621 0.5717134 
3622 0.5717455 
3623 0.5717505 
3624 0.5717096 
3625 0.5717593 
3626 0.5717158 
3627 0.5717465 
3628 0.5717422 
3629 0.571664 
3630 0.5717082 
3631 0.5717543 
3632 0.5717254 
3633 0.5716594 
3634 0.5717051 
3635 0.5716937 
3636 0.5716074 
3637 0.5716574 
3638 0.5716914 
3639 0.5717163 
3640 0.5716619 
3641 0.5716216 
3642 0.5716784 
3643 0.5716804 
3644 0.5716147 
3645 0.5716579 
3646 0.5715336 
3647 0.5716166 
3648 0.5716666 
3649 0.5716577 
3650 0.5715745 
3651 0.571621 
3652 0.5716688 
3653 0.5716491 
3654 0.5715301 
3655 0.5715869 
3656 0.571637 
3657 0.5715169 
3658 0.5715834 
3659 0.5716254 
3660 0.5715294 
3661 0.5715842 
3662 0.5716242 
3663 0.571551 
3664 0.571598 
3665 0.5716258 
3666 0.5716319 
3667 0.5715871 
3668 0.5716192 
3669 0.5716219 
3670 0.5715495 
3671 0.571596 
3672 0.5714782 
3673 0.571572 
3674 0.5716239 
3675 0.5715765 
3676 0.5715428 
3677 0.5715967 
3678 0.5715663 
3679 0.5714967 
3680 0.5715893 
3681 0.5715211 
3682 0.5715857 
3683 0.5715409 
3684 0.5715941 
3685 0.5715292 
3686 0.5716037 
3687 0.5715234 
3688 0.5715836 
3689 0.5715349 
3690 0.5715616 
3691 0.571567 
3692 0.5715053 
3693 0.5715492 
3694 0.5714039 
3695 0.5714673 
3696 0.5715083 
3697 0.5715343 
3698 0.5715255 
3699 0.5714309 
3700 0.571482 
3701 0.571516 
3702 0.5712667 
3703 0.5715364 
3704 0.5714822 
3705 0.5714687 
3706 0.5714807 
3707 0.5714847 
3708 0.5714216 
3709 0.5714613 
3710 0.5714964 
3711 0.5714604 
3712 0.5714718 
3713 0.5714881 
3714 0.5714368 
3715 0.5714781 
3716 0.5713803 
3717 0.5714298 
3718 0.5714739 
3719 0.5713836 
3720 0.5714309 
3721 0.5714772 
3722 0.5714184 
3723 0.5714609 
3724 0.5713062 
3725 0.5713724 
3726 0.5714165 
3727 0.5714652 
3728 0.5714329 
3729 0.5712537 
3730 0.5713532 
3731 0.5714122 
3732 0.5714191 
3733 0.5713595 
3734 0.5714016 
3735 0.5712807 
3736 0.5713297 
3737 0.571373 
3738 0.5712834 
3739 0.5713305 
3740 0.5713766 
3741 0.5713191 
3742 0.5713614 
3743 0.5712171 
3744 0.5712813 
3745 0.5713247 
3746 0.571367 
3747 0.5713446 
3748 0.5711914 
3749 0.5712566 
3750 0.5713004 
3751 0.571351 
3752 0.5713155 
3753 0.5711792 
3754 0.5712672 
3755 0.5713208 
3756 0.5713107 
3757 0.5712178 
3758 0.5712656 
3759 0.5713098 
3760 0.5712379 
3761 0.5712802 
3762 0.5712999 
3763 0.5713113 
3764 0.5712567 
3765 0.5712998 
3766 0.5712079 
3767 0.5712554 
3768 0.5713 
3769 0.5712326 
3770 0.5712742 
3771 0.5712539 
3772 0.5713041 
3773 0.5712828 
3774 0.5711332 
3775 0.5711981 
3776 0.5712418 
3777 0.5712926 
3778 0.5712565 
3779 0.5711307 
3780 0.5712157 
3781 0.5712669 
3782 0.5712508 
3783 0.5711305 
3784 0.5711872 
3785 0.5712287 
3786 0.5711877 
3787 0.5712445 
3788 0.5712435 
3789 0.5711727 
3790 0.5712148 
3791 0.5712325 
3792 0.5712445 
3793 0.5711902 
3794 0.5712327 
3795 0.5711356 
3796 0.5711844 
3797 0.5712273 
3798 0.5711282 
3799 0.571178 
3800 0.5712201 
3801 0.5711066 
3802 0.5711603 
3803 0.5712012 
3804 0.5711129 
3805 0.571183 
3806 0.5712268 
3807 0.5711962 
3808 0.5711773 
3809 0.5711968 
3810 0.5710847 
3811 0.5711491 
3812 0.5711984 
3813 0.5711483 
3814 0.5711907 
3815 0.5711012 
3816 0.5711481 
3817 0.5711944 
3818 0.5711392 
3819 0.5711814 
3820 0.571067 
3821 0.5711216 
3822 0.5711628 
3823 0.5710555 
3824 0.5711345 
3825 0.5711831 
3826 0.5711523 
3827 0.5709824 
3828 0.571087 
3829 0.571147 
3830 0.5711116 
3831 0.5711373 
3832 0.5710885 
3833 0.5711361 
3834 0.5710868 
3835 0.5711333 
3836 0.5710818 
3837 0.571126 
3838 0.5710611 
3839 0.5711021 
3840 0.5710538 
3841 0.5711122 
3842 0.571121 
3843 0.5710657 
3844 0.5711076 
3845 0.5709908 
3846 0.5710459 
3847 0.5710868 
3848 0.5710271 
3849 0.5710894 
3850 0.5711086 
3851 0.5710604 
3852 0.5711086 
3853 0.5710623 
3854 0.5711148 
3855 0.5710736 
3856 0.5710455 
3857 0.5710974 
3858 0.5710857 
3859 0.5709902 
3860 0.5710384 
3861 0.5710807 
3862 0.5709858 
3863 0.5710338 
3864 0.5710762 
3865 0.5709856 
3866 0.5710325 
3867 0.5710762 
3868 0.5710092 
3869 0.5710503 
3870 0.5710387 
3871 0.5710858 
3872 0.571055 
3873 0.5708961 
3874 0.5709827 
3875 0.5710347 
3876 0.5710239 
3877 0.5709332 
3878 0.5709798 
3879 0.5710232 
3880 0.5709539 
3881 0.5709951 
3882 0.5710081 
3883 0.5710287 
3884 0.5709818 
3885 0.5710317 
3886 0.5709888 
3887 0.5710127 
3888 0.5710174 
3889 0.5709586 
3890 0.5709992 
3891 0.570932 
3892 0.5709794 
3893 0.5709528 
3894 0.5708544 
3895 0.5708964 
3896 0.5709294 
3897 0.5709222 
3898 0.5708433 
3899 0.5708866 
3900 0.570941 
3901 0.5709005 
3902 0.5708312 
3903 0.5708956 
3904 0.5709246 
3905 0.5708821 
3906 0.5709122 
3907 0.5709074 
3908 0.5708349 
3909 0.5708764 
3910 0.5709126 
3911 0.5708987 
3912 0.5707973 
3913 0.5708471 
3914 0.5708874 
3915 0.570745 
3916 0.5708029 
3917 0.5708441 
3918 0.5708564 
3919 0.5708796 
3920 0.5708341 
3921 0.5708823 
3922 0.5708509 
3923 0.5706973 
3924 0.5707813 
3925 0.5708321 
3926 0.5708136 
3927 0.5706911 
3928 0.5707481 
3929 0.5707854 
3930 0.5708017 
3931 0.5708036 
3932 0.5707461 
3933 0.5707821 
3934 0.5707964 
3935 0.570795 
3936 0.5707359 
3937 0.5707733 
3938 0.5707997 
3939 0.5707586 
3940 0.5707954 
3941 0.5707267 
3942 0.5707668 
3943 0.570794 
3944 0.5707907 
3945 0.5707225 
3946 0.5707624 
3947 0.5707903 
3948 0.5707846 
3949 0.5707108 
3950 0.570752 
3951 0.570798 
3952 0.5707583 
3953 0.5707705 
3954 0.5707903 
3955 0.5707451 
3956 0.5707932 
3957 0.5707511 
3958 0.5707798 
3959 0.5707768 
3960 0.5707102 
3961 0.5707503 
3962 0.5707556 
3963 0.5707866 
3964 0.570745 
3965 0.5707651 
3966 0.5707749 
3967 0.5707234 
3968 0.5707651 
3969 0.5706871 
3970 0.5707296 
3971 0.570779 
3972 0.5707376 
3973 0.5707523 
3974 0.57077 
3975 0.5707236 
3976 0.5707714 
3977 0.5707278 
3978 0.5707712 
3979 0.5707463 
3980 0.5706031 
3981 0.5706621 
3982 0.5707021 
3983 0.5707311 
3984 0.5707336 
3985 0.5706712 
3986 0.5707099 
3987 0.570629 
3988 0.5706949 
3989 0.5707341 
3990 0.5707205 
3991 0.5705897 
3992 0.5706485 
3993 0.5707167 
3994 0.5706617 
3995 0.5707087 
3996 0.570655 
3997 0.5706916 
3998 0.5706818 
3999 0.5706337 
4000 0.5706362 
4001 0.5706548 
4002 0.5706505 
4003 0.5705564 
4004 0.5706097 
4005 0.5706395 
4006 0.5704699 
4007 0.5706202 
4008 0.5706168 
4009 0.5706404 
4010 0.5706043 
4011 0.5706393 
4012 0.5705929 
4013 0.5706275 
4014 0.5705009 
4015 0.5705576 
4016 0.570595 
4017 0.5706252 
4018 0.5706105 
4019 0.5705383 
4020 0.5705863 
4021 0.5705788 
4022 0.5705464 
4023 0.5705841 
4024 0.5705538 
4025 0.5705314 
4026 0.5705831 
4027 0.5705524 
4028 0.5705295 
4029 0.5705807 
4030 0.5705482 
4031 0.5705392 
4032 0.5705747 
4033 0.5705331 
4034 0.5705715 
4035 0.5705272 
4036 0.5705632 
4037 0.5704982 
4038 0.570535 
4039 0.5705623 
4040 0.5705474 
4041 0.5703627 
4042 0.5704664 
4043 0.5705279 
4044 0.5705354 
4045 0.57045 
4046 0.5704933 
4047 0.5705275 
4048 0.5704037 
4049 0.5704594 
4050 0.5704964 
4051 0.5705067 
4052 0.5705173 
4053 0.5704305 
4054 0.5704742 
4055 0.5705131 
4056 0.5704469 
4057 0.5704836 
4058 0.570519 
4059 0.5704877 
4060 0.5704904 
4061 0.5705082 
4062 0.5704439 
4063 0.5704804 
4064 0.5705009 
4065 0.5704934 
4066 0.570295 
4067 0.5703972 
4068 0.5704568 
4069 0.5704664 
4070 0.5703783 
4071 0.5704251 
4072 0.5704574 
4073 0.5703502 
4074 0.5704979 
4075 0.5703997 
4076 0.5704631 
4077 0.5704467 
4078 0.5703155 
4079 0.5703999 
4080 0.5705767 
4081 0.5704229 
4082 0.5701474 
4083 0.5703267 
4084 0.5703864 
4085 0.5704123 
4086 0.5703709 
4087 0.5704043 
4088 0.570222 
4089 0.5703387 
4090 0.5704052 
4091 0.5703672 
4092 0.5704007 
4093 0.5703401 
4094 0.5703772 
4095 0.5703404 
4096 0.5703843 
4097 0.57039 
4098 0.5703169 
4099 0.5703555 
4100 0.5703995 
4101 0.5703589 
4102 0.570381 
4103 0.5703777 
4104 0.570245 
4105 0.5703004 
4106 0.5703392 
4107 0.5703761 
4108 0.5703487 
4109 0.5703262 
4110 0.5703668 
4111 0.5703518 
4112 0.5702126 
4113 0.5702886 
4114 0.5703358 
4115 0.5703504 
4116 0.5702872 
4117 0.5703241 
4118 0.5703218 
4119 0.5703539 
4120 0.5703096 
4121 0.5703524 
4122 0.5703073 
4123 0.5703497 
4124 0.5703027 
4125 0.5703429 
4126 0.5702834 
4127 0.5703201 
4128 0.5702735 
4129 0.5703207 
4130 0.5703342 
4131 0.5702674 
4132 0.5703051 
4133 0.5703209 
4134 0.5703262 
4135 0.5702349 
4136 0.5702789 
4137 0.5703161 
4138 0.5701819 
4139 0.570236 
4140 0.5702754 
4141 0.5702944 
4142 0.5702922 
4143 0.5701669 
4144 0.5702204 
4145 0.5702565 
4146 0.5702497 
4147 0.570274 
4148 0.5702148 
4149 0.5702512 
4150 0.5702564 
4151 0.5702605 
4152 0.5704169 
4153 0.5700506 
4154 0.5703599 
4155 0.5701138 
4156 0.5703069 
4157 0.5701555 
4158 0.5702719 
4159 0.5701769 
4160 0.5702117 
4161 0.5702236 
4162 0.5701907 
4163 0.5702266 
4164 0.5701815 
4165 0.5702191 
4166 0.5701509 
4167 0.5701884 
4168 0.5702125 
4169 0.5702033 
4170 0.5700395 
4171 0.5701167 
4172 0.5701645 
4173 0.5701855 
4174 0.5701305 
4175 0.5701664 
4176 0.5700277 
4177 0.5701019 
4178 0.5701481 
4179 0.5701648 
4180 0.5701029 
4181 0.5701391 
4182 0.5701348 
4183 0.5701682 
4184 0.5701245 
4185 0.5701657 
4186 0.5701198 
4187 0.5701589 
4188 0.5701003 
4189 0.5701362 
4190 0.5700967 
4191 0.5701403 
4192 0.5701469 
4193 0.5700554 
4194 0.570099 
4195 0.5701352 
4196 0.5701082 
4197 0.5700525 
4198 0.5700879 
4199 0.5700089 
4200 0.5700646 
4201 0.5701022 
4202 0.5700704 
4203 0.5700858 
4204 0.5700891 
4205 0.5699808 
4206 0.5700299 
4207 0.5700652 
4208 0.5700527 
4209 0.57009 
4210 0.5700566 
4211 0.5700767 
4212 0.5700725 
4213 0.5699866 
4214 0.5700221 
4215 0.5700472 
4216 0.5700274 
4217 0.570004 
4218 0.5700428 
4219 0.5700301 
4220 0.569896 
4221 0.569968 
4222 0.5700132 
4223 0.5700291 
4224 0.5699672 
4225 0.570003 
4226 0.5700025 
4227 0.5700309 
4228 0.5699846 
4229 0.5700226 
4230 0.5699579 
4231 0.569994 
4232 0.5700114 
4233 0.570012 
4234 0.5698907 
4235 0.5699429 
4236 0.5699793 
4237 0.5700033 
4238 0.5699935 
4239 0.5698288 
4240 0.5699069 
4241 0.5699552 
4242 0.5699814 
4243 0.5699339 
4244 0.5699702 
4245 0.5698785 
4246 0.5699217 
4247 0.5699566 
4248 0.5697946 
4249 0.5698719 
4250 0.5699192 
4251 0.5699478 
4252 0.5699049 
4253 0.5699434 
4254 0.5698932 
4255 0.5699283 
4256 0.5698448 
4257 0.5698803 
4258 0.5698871 
4259 0.569903 
4260 0.5698418 
4261 0.5698772 
4262 0.569879 
4263 0.5699024 
4264 0.5698519 
4265 0.5698869 
4266 0.5698536 
4267 0.5697539 
4268 0.5696224 
4269 0.5698136 
4270 0.5697914 
4271 0.5698535 
4272 0.5698079 
4273 0.5698409 
4274 0.569691 
4275 0.5697266 
4276 0.5697956 
4277 0.5698183 
4278 0.56971 
4279 0.5698184 
4280 0.5697738 
4281 0.5698287 
4282 0.5697799 
4283 0.5698381 
4284 0.5697981 
4285 0.5695717 
4286 0.5697405 
4287 0.5697603 
4288 0.5697951 
4289 0.5697337 
4290 0.5697681 
4291 0.5697836 
4292 0.5697867 
4293 0.5696936 
4294 0.5697361 
4295 0.5697691 
4296 0.5697147 
4297 0.5697587 
4298 0.569789 
4299 0.5697526 
4300 0.5697753 
4301 0.569767 
4302 0.5696922 
4303 0.5697416 
4304 0.5696999 
4305 0.5697398 
4306 0.5696898 
4307 0.5697234 
4308 0.5695631 
4309 0.5696394 
4310 0.5696863 
4311 0.5697102 
4312 0.5696657 
4313 0.5696991 
4314 0.5695865 
4315 0.5696354 
4316 0.5696707 
4317 0.5696853 
4318 0.5696935 
4319 0.5696211 
4320 0.5696585 
4321 0.5697003 
4322 0.5696628 
4323 0.5696889 
4324 0.569676 
4325 0.569533 
4326 0.5696066 
4327 0.5696522 
4328 0.569673 
4329 0.5696255 
4330 0.5696584 
4331 0.5695709 
4332 0.5696197 
4333 0.569613 
4334 0.5695677 
4335 0.5696105 
4336 0.569636 
4337 0.5695897 
4338 0.5696315 
4339 0.5695895 
4340 0.5696279 
4341 0.5695846 
4342 0.5696199 
4343 0.5695577 
4344 0.5695919 
4345 0.5696161 
4346 0.5696052 
4347 0.5694512 
4348 0.5695247 
4349 0.56957 
4350 0.5695946 
4351 0.5695517 
4352 0.5695868 
4353 0.5695245 
4354 0.5695586 
4355 0.569584 
4356 0.569571 
4357 0.5694351 
4358 0.5695059 
4359 0.5695497 
4360 0.5695695 
4361 0.5695226 
4362 0.5695557 
4363 0.5694462 
4364 0.5694891 
4365 0.5695216 
4366 0.5694846 
4367 0.5695248 
4368 0.5695329 
4369 0.5694661 
4370 0.569501 
4371 0.5695389 
4372 0.5694996 
4373 0.5695376 
4374 0.5694983 
4375 0.5695364 
4376 0.5694971 
4377 0.5695355 
4378 0.5694968 
4379 0.5695347 
4380 0.5694996 
4381 0.5695229 
4382 0.5695133 
4383 0.5693974 
4384 0.5694524 
4385 0.5694879 
4386 0.569475 
4387 0.5693351 
4388 0.5694066 
4389 0.5694503 
4390 0.5694724 
4391 0.5694296 
4392 0.5694633 
4393 0.5693901 
4394 0.5694266 
4395 0.5694607 
4396 0.569396 
4397 0.5694301 
4398 0.5694679 
4399 0.5694329 
4400 0.5694562 
4401 0.5694465 
4402 0.5693431 
4403 0.5693929 
4404 0.5694261 
4405 0.5694002 
4406 0.5693912 
4407 0.5694241 
4408 0.5693964 
4409 0.5693951 
4410 0.5694228 
4411 0.5693846 
4412 0.5694225 
4413 0.5693854 
4414 0.5694181 
4415 0.5693926 
4416 0.5693817 
4417 0.569415 
4418 0.5693903 
4419 0.5693754 
4420 0.5694095 
4421 0.5693909 
4422 0.569329 
4423 0.5693766 
4424 0.5694087 
4425 0.569375 
4426 0.5693943 
4427 0.5693911 
4428 0.569278 
4429 0.569326 
4430 0.5693591 
4431 0.5693881 
4432 0.5693689 
4433 0.5693125 
4434 0.5693583 
4435 0.5693868 
4436 0.5693496 
4437 0.5693852 
4438 0.5693543 
4439 0.5693655 
4440 0.5693745 
4441 0.5693147 
4442 0.5693474 
4443 0.5693726 
4444 0.5693599 
4445 0.5692168 
4446 0.5692882 
4447 0.5693318 
4448 0.5693544 
4449 0.5693138 
4450 0.5693478 
4451 0.5692936 
4452 0.5693253 
4453 0.5693229 
4454 0.5693522 
4455 0.5693158 
4456 0.5693478 
4457 0.5693234 
4458 0.5693061 
4459 0.5693405 
4460 0.569326 
4461 0.5692033 
4462 0.5692698 
4463 0.5693105 
4464 0.5693247 
4465 0.5692758 
4466 0.569307 
4467 0.5692267 
4468 0.5692797 
4469 0.569314 
4470 0.5693003 
4471 0.5691663 
4472 0.5692354 
4473 0.5692779 
4474 0.5692977 
4475 0.5692558 
4476 0.5692882 
4477 0.5692119 
4478 0.5692487 
4479 0.5692805 
4480 0.569169 
4481 0.569216 
4482 0.5692484 
4483 0.5692788 
4484 0.5692574 
4485 0.5692182 
4486 0.5692582 
4487 0.5692704 
4488 0.5692202 
4489 0.5692511 
4490 0.5692147 
4491 0.569254 
4492 0.569263 
4493 0.5692067 
4494 0.5692384 
4495 0.5692539 
4496 0.5692563 
4497 0.5691814 
4498 0.5692177 
4499 0.5692494 
4500 0.5691464 
4501 0.5691911 
4502 0.5692227 
4503 0.5692419 
4504 0.5692385 
4505 0.5691344 
4506 0.5691793 
4507 0.5692108 
4508 0.5692339 
4509 0.5692241 
4510 0.5692024 
4511 0.5691401 
4512 0.5691825 
4513 0.5691218 
4514 0.5691822 
4515 0.5691814 
4516 0.5691114 
4517 0.5691437 
4518 0.5691701 
4519 0.5691366 
4520 0.5691785 
4521 0.5691621 
4522 0.5691609 
4523 0.5691636 
4524 0.5691527 
4525 0.5691772 
4526 0.5691043 
4527 0.5691216 
4528 0.5691342 
4529 0.5691601 
4530 0.569088 
4531 0.569126 
4532 0.5691622 
4533 0.5691199 
4534 0.5691509 
4535 0.5690442 
4536 0.5690902 
4537 0.5691219 
4538 0.5691491 
4539 0.5691321 
4540 0.5690406 
4541 0.5690969 
4542 0.5691323 
4543 0.56913 
4544 0.5690531 
4545 0.5690899 
4546 0.5691209 
4547 0.5690692 
4548 0.5691172 
4549 0.5691075 
4550 0.5690119 
4551 0.5690867 
4552 0.569081 
4553 0.5691066 
4554 0.5690874 
4555 0.5690696 
4556 0.5690772 
4557 0.5690939 
4558 0.5690658 
4559 0.5690993 
4560 0.5690718 
4561 0.5690634 
4562 0.5690949 
4563 0.5690698 
4564 0.5690556 
4565 0.5690883 
4566 0.5690723 
4567 0.5689594 
4568 0.5690221 
4569 0.5690609 
4570 0.5690695 
4571 0.5690173 
4572 0.5690476 
4573 0.5690541 
4574 0.5690689 
4575 0.5690261 
4576 0.5690561 
4577 0.5689891 
4578 0.5690219 
4579 0.5690434 
4580 0.5690264 
4581 0.5690345 
4582 0.5690083 
4583 0.5690388 
4584 0.5690165 
4585 0.5689801 
4586 0.5690186 
4587 0.5690294 
4588 0.5689829 
4589 0.5690124 
4590 0.5689448 
4591 0.568993 
4592 0.5690246 
4593 0.5690043 
4594 0.5689491 
4595 0.5689934 
4596 0.5690213 
4597 0.5689891 
4598 0.5690112 
4599 0.5690033 
4600 0.5688965 
4601 0.5689398 
4602 0.5689699 
4603 0.5689964 
4604 0.5689812 
4605 0.5688563 
4606 0.5689215 
4607 0.5689614 
4608 0.5689747 
4609 0.5689291 
4610 0.5689588 
4611 0.5688729 
4612 0.5689295 
4613 0.5689657 
4614 0.5689379 
4615 0.5689457 
4616 0.5689598 
4617 0.5689226 
4618 0.5689532 
4619 0.5688965 
4620 0.5689271 
4621 0.5689591 
4622 0.5689349 
4623 0.5689126 
4624 0.5689467 
4625 0.5689424 
4626 0.5688528 
4627 0.5688927 
4628 0.5689218 
4629 0.5689232 
4630 0.5689465 
4631 0.5689131 
4632 0.5689455 
4633 0.5689205 
4634 0.5689022 
4635 0.5689354 
4636 0.5689261 
4637 0.5688253 
4638 0.568865 
4639 0.568894 
4640 0.5688935 
4641 0.5689194 
4642 0.5688871 
4643 0.5689112 
4644 0.5689001 
4645 0.568847 
4646 0.5688779 
4647 0.5688284 
4648 0.5688572 
4649 0.5688615 
4650 0.5688804 
4651 0.5688452 
4652 0.5688779 
4653 0.5688407 
4654 0.5688712 
4655 0.5688181 
4656 0.5688475 
4657 0.5688711 
4658 0.5688608 
4659 0.5687696 
4660 0.568805 
4661 0.5688333 
4662 0.5687198 
4663 0.5687814 
4664 0.5688193 
4665 0.5688315 
4666 0.5687918 
4667 0.5688206 
4668 0.5687185 
4669 0.5687611 
4670 0.5687906 
4671 0.5688235 
4672 0.568798 
4673 0.5687805 
4674 0.568813 
4675 0.5688038 
4676 0.5686993 
4677 0.5687416 
4678 0.568771 
4679 0.5688028 
4680 0.5687791 
4681 0.5687497 
4682 0.5687854 
4683 0.5687901 
4684 0.5687412 
4685 0.5687695 
4686 0.5687771 
4687 0.5687909 
4688 0.5687537 
4689 0.5687832 
4690 0.5687221 
4691 0.5687531 
4692 0.5687838 
4693 0.5687405 
4694 0.5687683 
4695 0.5686938 
4696 0.5687434 
4697 0.5687752 
4698 0.5687641 
4699 0.5686738 
4700 0.5687089 
4701 0.5687366 
4702 0.5686548 
4703 0.5687068 
4704 0.5687396 
4705 0.5687339 
4706 0.5686536 
4707 0.5686898 
4708 0.5687171 
4709 0.5687009 
4710 0.5687324 
4711 0.568723 
4712 0.568653 
4713 0.5686849 
4714 0.5687084 
4715 0.5687259 
4716 0.5687113 
4717 0.5687045 
4718 0.5687187 
4719 0.5686974 
4720 0.5687077 
4721 0.5687149 
4722 0.5686737 
4723 0.5687004 
4724 0.5686388 
4725 0.5686853 
4726 0.5687137 
4727 0.568687 
4728 0.5687004 
4729 0.5687046 
4730 0.5686574 
4731 0.5686849 
4732 0.5686922 
4733 0.5687048 
4734 0.5686682 
4735 0.5686962 
4736 0.5686186 
4737 0.5686541 
4738 0.5686816 
4739 0.568638 
4740 0.5686771 
4741 0.5687001 
4742 0.5686694 
4743 0.5686857 
4744 0.5686873 
4745 0.5686359 
4746 0.5686641 
4747 0.5686893 
4748 0.5686775 
4749 0.568578 
4750 0.5686162 
4751 0.5686449 
4752 0.5686621 
4753 0.5686694 
4754 0.5686301 
4755 0.568661 
4756 0.5686085 
4757 0.5686371 
4758 0.5686678 
4759 0.5686459 
4760 0.5685935 
4761 0.5686358 
4762 0.568664 
4763 0.5686357 
4764 0.5686324 
4765 0.5686609 
4766 0.5686342 
4767 0.5686223 
4768 0.5686527 
4769 0.5686381 
4770 0.5685899 
4771 0.5686202 
4772 0.5686055 
4773 0.5685695 
4774 0.5685936 
4775 0.5686103 
4776 0.5686032 
4777 0.5685234 
4778 0.5685689 
4779 0.5685623 
4780 0.5685297 
4781 0.5685596 
4782 0.5685386 
4783 0.5685515 
4784 0.5685036 
4785 0.568532 
4786 0.5685696 
4787 0.5685466 
4788 0.5685195 
4789 0.568544 
4790 0.568471 
4791 0.5685282 
4792 0.5685423 
4793 0.5685258 
4794 0.5685256 
4795 0.5685338 
4796 0.5685173 
4797 0.5685561 
4798 0.5685389 
4799 0.5685158 
4800 0.5684749 
4801 0.5685274 
4802 0.5685329 
4803 0.5685017 
4804 0.5685088 
4805 0.5685417 
4806 0.568525 
4807 0.5684982 
4808 0.568489 
4809 0.56853 
4810 0.5685147 
4811 0.5684865 
4812 0.5684815 
4813 0.5685226 
4814 0.5685185 
4815 0.5684918 
4816 0.5684192 
4817 0.5684523 
4818 0.5685006 
4819 0.5684761 
4820 0.5684302 
4821 0.5684585 
4822 0.568496 
4823 0.5684722 
4824 0.5684335 
4825 0.5684606 
4826 0.568491 
4827 0.5684541 
4828 0.5684298 
4829 0.568443 
4830 0.5683964 
4831 0.5684392 
4832 0.5684047 
4833 0.5684392 
4834 0.5684057 
4835 0.5684447 
4836 0.568417 
4837 0.5684291 
4838 0.5684805 
4839 0.5684471 
4840 0.5684203 
4841 0.568385 
4842 0.5684215 
4843 0.5683904 
4844 0.5684404 
4845 0.5684136 
4846 0.5683773 
4847 0.5684127 
4848 0.5683788 
4849 0.5684182 
4850 0.5683904 
4851 0.5684159 
4852 0.5684599 
4853 0.5684219 
4854 0.5683946 
4855 0.5683619 
4856 0.5684054 
4857 0.568379 
4858 0.5683141 
4859 0.5683471 
4860 0.5683936 
4861 0.5683671 
4862 0.5683178 
4863 0.5683497 
4864 0.5684159 
4865 0.5684155 
4866 0.5683795 
4867 0.5683526 
4868 0.5683148 
4869 0.5683502 
4870 0.568313 
4871 0.5683492 
4872 0.568315 
4873 0.568356 
4874 0.5683284 
4875 0.5683217 
4876 0.5684067 
4877 0.568367 
4878 0.5683309 
4879 0.5683037 
4880 0.5682651 
4881 0.5683014 
4882 0.5682642 
4883 0.5683019 
4884 0.5682695 
4885 0.5683198 
4886 0.5682927 
4887 0.5682534 
4888 0.5682892 
4889 0.5682496 
4890 0.5682851 
4891 0.5682442 
4892 0.5682791 
4893 0.5682319 
4894 0.5682652 
4895 0.5683397 
4896 0.5683088 
4897 0.5682604 
4898 0.5682283 
4899 0.5682007 
4900 0.5681459 
4901 0.5681835 
4902 0.5681424 
4903 0.5681799 
4904 0.5681397 
4905 0.5681781 
4906 0.5681414 
4907 0.5681845 
4908 0.5681554 
4909 0.5683012 
4910 0.5682564 
4911 0.5682001 
4912 0.5681639 
4913 0.5681359 
4914 0.5680928 
4915 0.5681305 
4916 0.5680853 
4917 0.5681222 
4918 0.5680678 
4919 0.5681035 
4920 0.5682679 
4921 0.5682148 
4922 0.5681509 
4923 0.5681109 
4924 0.5680817 
4925 0.5680466 
4926 0.5681016 
4927 0.5680729 
4928 0.5680333 
4929 0.5680762 
4930 0.5680445 
4931 0.5681381 
4932 0.5680957 
4933 0.5680656 
4934 0.5680335 
4935 0.5681221 
4936 0.5680817 
4937 0.5680523 
4938 0.568017 
4939 0.5680735 
4940 0.5680444 
4941 0.5680061 
4942 0.5680527 
4943 0.5680231 
4944 0.568203 
4945 0.5681197 
4946 0.5680408 
4947 0.5679922 
4948 0.5679591 
4949 0.5679286 
4950 0.5681711 
4951 0.5680276 
4952 0.5679428 
4953 0.5678907 
4954 0.5678557 
4955 0.5678247 
4956 0.5678014 
4957 0.5677691 
4958 0.5680777 
4959 0.5678985 
4960 0.567793 
4961 0.567728 
4962 0.5676835 
4963 0.5676365 
4964 0.5676914 
4965 0.5676588 
4966 0.5675996 
4967 0.5676599 
4968 0.5676279 
4969 0.5675722 
4970 0.5676166 
4971 0.5675548 
4972 0.5676018 
4973 0.5675437 
4974 0.5675874 
4975 0.567519 
4976 0.5675701 
4977 0.5675199 
4978 0.5675625 
4979 0.5674965 
4980 0.5675511 
4981 0.5675058 
4982 0.5675557 
4983 0.567517 
4984 0.5676204 
4985 0.567574 
4986 0.5675397 
4987 0.5674985 
4988 0.5675748 
4989 0.5675387 
4990 0.5675024 
4991 0.5677236 
4992 0.5676197 
4993 0.5675569 
4994 0.5675157 
4995 0.5674817 
4996 0.5674205 
4997 0.5674688 
4998 0.5674067 
4999 0.5674551 
5000 0.5673924 
