1 1 
2 0.984735 
3 0.984507 
4 0.968128 
5 0.913213 
6 0.953537 
7 0.922825 
8 0.902528 
9 0.960245 
10 0.926227 
11 0.926225 
12 0.902526 
13 0.890545 
14 0.823604 
15 0.965747 
16 0.930434 
17 0.905745 
18 0.966151 
19 0.940285 
20 0.917203 
21 0.857553 
22 0.958228 
23 0.928272 
24 0.891319 
25 0.866777 
26 0.817056 
27 0.937892 
28 0.910163 
29 0.909467 
30 0.881889 
31 0.880081 
32 0.858642 
33 0.844943 
34 0.829217 
35 0.817954 
36 0.765165 
37 0.982484 
38 0.937012 
39 0.910882 
40 0.992035 
41 0.972038 
42 0.942877 
43 0.911107 
44 0.902785 
45 0.90236 
46 0.865137 
47 0.828748 
48 0.82765 
49 0.79864 
50 0.785747 
51 0.788892 
52 0.927644 
53 0.927387 
54 0.887467 
55 0.866966 
56 0.849398 
57 0.819079 
58 0.802239 
59 0.773905 
60 0.980704 
61 0.918707 
62 0.918644 
63 0.882307 
64 0.868103 
65 0.83076 
66 0.816484 
67 0.79202 
68 0.780284 
69 0.766544 
70 0.945865 
71 0.877372 
72 0.849096 
73 0.827881 
74 0.814158 
75 0.788176 
76 0.769435 
77 0.740254 
78 0.985386 
79 0.952355 
80 0.928623 
81 0.890454 
82 0.848165 
83 0.821765 
84 0.807183 
85 0.783063 
86 0.765689 
87 0.754971 
88 0.734481 
89 0.976985 
90 0.934534 
91 0.934375 
92 0.893998 
93 0.874062 
94 0.846295 
95 0.811376 
96 0.791178 
97 0.77434 
98 0.753989 
99 0.7409 
100 0.969403 
101 0.969202 
102 0.935261 
103 0.934662 
104 0.918081 
105 0.852971 
106 0.817014 
107 0.799273 
108 0.780036 
109 0.76542 
110 0.75636 
111 0.73348 
112 0.715054 
113 0.879093 
114 0.990696 
115 0.935811 
116 0.923152 
117 0.880751 
118 0.865346 
119 0.826028 
120 0.797761 
121 0.797531 
122 0.777074 
123 0.764157 
124 0.740853 
125 0.725276 
126 0.71828 
127 0.675406 
128 0.960812 
129 0.950037 
130 0.934306 
131 0.885357 
132 0.82771 
133 0.77423 
134 0.768909 
135 0.747106 
136 0.726858 
137 0.716257 
138 0.697542 
139 0.670932 
140 0.959236 
141 0.959103 
142 0.906259 
143 0.86202 
144 0.841353 
145 0.801706 
146 0.781382 
147 0.763112 
148 0.745538 
149 0.733189 
150 0.719906 
151 0.69447 
152 0.669167 
153 0.95098 
154 0.94322 
155 0.943205 
156 0.898122 
157 0.835428 
158 0.815861 
159 0.792809 
160 0.770177 
161 0.752694 
162 0.72075 
163 0.709658 
164 0.692731 
165 0.669466 
166 0.662499 
167 0.620489 
168 0.973468 
169 0.923808 
170 0.899267 
171 0.848638 
172 0.80402 
173 0.76391 
174 0.731767 
175 0.717633 
176 0.690868 
177 0.670458 
178 0.619198 
179 0.948098 
180 0.948094 
181 0.90191 
182 0.901257 
183 0.856142 
184 0.814531 
185 0.807375 
186 0.784291 
187 0.757645 
188 0.730452 
189 0.688587 
190 0.680555 
191 0.657458 
192 0.632344 
193 0.949508 
194 0.903922 
195 0.887298 
196 0.843138 
197 0.827341 
198 0.80385 
199 0.780702 
200 0.754942 
201 0.74697 
202 0.690426 
203 0.658643 
204 0.635759 
205 0.616495 
206 0.951864 
207 0.951819 
208 0.888758 
209 0.838216 
210 0.822151 
211 0.79055 
212 0.709718 
213 0.671914 
214 0.655008 
215 0.630453 
216 0.612795 
217 0.597001 
218 0.977096 
219 0.914941 
220 0.863017 
221 0.844796 
222 0.811759 
223 0.782857 
224 0.761691 
225 0.726774 
226 0.705592 
227 0.679605 
228 0.666696 
229 0.647897 
230 0.608398 
231 0.596492 
232 0.577638 
233 0.98384 
234 0.967317 
235 0.859605 
236 0.994215 
237 0.954885 
238 0.774765 
239 0.954741 
240 0.911948 
241 0.87131 
242 0.844593 
243 0.83122 
244 0.818977 
245 0.798953 
246 0.780496 
247 0.760285 
248 0.738805 
249 0.697704 
250 0.688619 
251 0.653441 
252 0.632574 
253 0.610981 
254 0.600259 
255 0.580843 
256 0.54855 
257 0.934602 
258 0.695994 
259 0.640207 
260 0.56729 
261 0.556144 
262 0.538766 
263 0.454275 
264 0.723842 
265 0.961854 
266 0.863585 
267 0.948541 
268 0.921981 
269 0.882427 
270 0.870765 
271 0.827073 
272 0.793879 
273 0.773422 
274 0.746321 
275 0.724821 
276 0.660245 
277 0.786094 
278 0.761494 
279 0.677231 
280 0.659694 
281 0.631226 
282 0.610587 
283 0.580739 
284 0.556181 
285 0.530182 
286 0.507746 
287 0.489153 
288 0.480471 
289 0.473647 
290 0.442389 
291 0.956064 
292 0.776072 
293 0.625801 
294 0.507053 
295 0.459063 
296 0.422921 
297 0.369611 
298 0.810482 
299 0.924017 
300 0.923945 
301 0.842158 
302 0.78323 
303 0.726506 
304 0.689161 
305 0.655416 
306 0.579 
307 0.552223 
308 0.501243 
309 0.453571 
310 0.413873 
311 0.395003 
312 0.384284 
313 0.379015 
314 0.372244 
315 0.325334 
316 0.991075 
317 0.978042 
318 0.965234 
319 0.910161 
320 0.853353 
321 0.798032 
322 0.724093 
323 0.671967 
324 0.617775 
325 0.545343 
326 0.382377 
327 0.350419 
328 0.342559 
329 0.327295 
330 0.317198 
331 0.269184 
332 0.981371 
333 0.981223 
334 0.936511 
335 0.892253 
336 0.878232 
337 0.834061 
338 0.809409 
339 0.79735 
340 0.76125 
341 0.713601 
342 0.70266 
343 0.692896 
344 0.670251 
345 0.656177 
346 0.645108 
347 0.604291 
348 0.582771 
349 0.55244 
350 0.544012 
351 0.531604 
352 0.508735 
353 0.475257 
354 0.455656 
355 0.421995 
356 0.408373 
357 0.368965 
358 0.346838 
359 0.333492 
360 0.326309 
361 0.325047 
362 0.279361 
363 0.272816 
364 0.269119 
365 0.266377 
366 0.263329 
367 0.256401 
368 0.257282 
369 0.248215 
370 0.230312 
371 0.299796 
372 0.957494 
373 0.922257 
374 0.810242 
375 0.663195 
376 0.555571 
377 0.417258 
378 0.361829 
379 0.317218 
380 0.25788 
381 0.25076 
382 0.247316 
383 0.217923 
384 0.194696 
385 0.191331 
386 0.277751 
387 0.921292 
388 0.921003 
389 0.880216 
390 0.856749 
391 0.820344 
392 0.791967 
393 0.756236 
394 0.698157 
395 0.655648 
396 0.643414 
397 0.573781 
398 0.501329 
399 0.460852 
400 0.35144 
401 0.348374 
402 0.306903 
403 0.284128 
404 0.252156 
405 0.192408 
406 0.184523 
407 0.169425 
408 0.164818 
409 0.17435 
410 0.154408 
411 0.149003 
412 0.428875 
413 0.945766 
414 0.907408 
415 0.876846 
416 0.844954 
417 0.802073 
418 0.754235 
419 0.661392 
420 0.563814 
421 0.521601 
422 0.481764 
423 0.441299 
424 0.418447 
425 0.350451 
426 0.342072 
427 0.310834 
428 0.27009 
429 0.233713 
430 0.168465 
431 0.135748 
432 0.127336 
433 0.603343 
434 0.876208 
435 0.801803 
436 0.680034 
437 0.502641 
438 0.297246 
439 0.22069 
440 0.176281 
441 0.128278 
442 0.119034 
443 0.106684 
444 0.0993768 
445 0.0942483 
446 0.96321 
447 0.932255 
448 0.894102 
449 0.859738 
450 0.835013 
451 0.800565 
452 0.732257 
453 0.625026 
454 0.508303 
455 0.485998 
456 0.344685 
457 0.324205 
458 0.23558 
459 0.194108 
460 0.179211 
461 0.171156 
462 0.116237 
463 0.112721 
464 0.092467 
465 0.108261 
466 0.995286 
467 0.976217 
468 0.952668 
469 0.942264 
470 0.918394 
471 0.665885 
472 0.463622 
473 0.324851 
474 0.219291 
475 0.166976 
476 0.113124 
477 0.109713 
478 0.0908691 
479 0.0846054 
480 0.0807094 
481 0.684605 
482 0.264783 
483 0.1739 
484 0.159504 
485 0.0969609 
486 0.0788937 
487 0.0713419 
488 0.0681098 
489 0.0625221 
490 0.0864521 
491 0.970166 
492 0.938109 
493 0.923307 
494 0.886346 
495 0.847788 
496 0.811065 
497 0.790428 
498 0.739935 
499 0.676121 
500 0.592625 
501 0.557022 
502 0.513314 
503 0.4907 
504 0.456638 
505 0.438774 
506 0.351273 
507 0.327236 
508 0.30104 
509 0.236908 
510 0.229452 
511 0.219321 
512 0.206071 
513 0.203654 
514 0.156227 
515 0.120572 
516 0.102407 
517 0.0754686 
518 0.0516419 
519 0.0567207 
520 0.0458841 
521 0.990149 
522 0.955022 
523 0.922222 
524 0.889486 
525 0.815559 
526 0.724815 
527 0.606127 
528 0.562347 
529 0.525418 
530 0.429273 
531 0.365371 
532 0.33056 
533 0.271743 
534 0.223962 
535 0.20922 
536 0.198453 
537 0.162467 
538 0.135972 
539 0.0927632 
540 0.0563754 
541 0.0456143 
542 0.0464004 
543 0.0449126 
544 0.040422 
545 0.117231 
546 0.955467 
547 0.828905 
548 0.669453 
549 0.461024 
550 0.234618 
551 0.196618 
552 0.122551 
553 0.0665695 
554 0.0415257 
555 0.0344659 
556 0.38175 
557 0.123131 
558 0.0491555 
559 0.0319995 
560 0.0334459 
561 0.0279184 
562 0.0692766 
563 0.952963 
564 0.936337 
565 0.923673 
566 0.903473 
567 0.853935 
568 0.80847 
569 0.790025 
570 0.76185 
571 0.741754 
572 0.714291 
573 0.665105 
574 0.647667 
575 0.600819 
576 0.577979 
577 0.501327 
578 0.419776 
579 0.403295 
580 0.367767 
581 0.288296 
582 0.261768 
583 0.225377 
584 0.201551 
585 0.198286 
586 0.195467 
587 0.164315 
588 0.124404 
589 0.0856449 
590 0.0515747 
591 0.041105 
592 0.0287765 
593 0.0266402 
594 0.0872785 
595 0.0269076 
596 0.0271238 
597 0.0245802 
598 0.115784 
599 0.0289202 
600 0.0233713 
601 0.0231769 
602 0.898287 
603 0.34777 
604 0.130375 
605 0.0292116 
606 0.0249312 
607 0.023716 
608 0.022715 
609 0.0252389 
610 0.020366 
611 0.0648339 
612 0.0408009 
613 0.0219999 
614 0.0231609 
615 0.0203758 
616 0.0301214 
617 0.0193263 
618 0.777918 
619 0.679487 
620 0.616706 
621 0.342867 
622 0.267414 
623 0.166076 
624 0.0997924 
625 0.0581931 
626 0.0218552 
627 0.0191802 
628 0.0189419 
629 0.791257 
630 0.414622 
631 0.176694 
632 0.0424175 
633 0.0290605 
634 0.0196434 
635 0.0193084 
636 0.0184651 
637 0.0170246 
638 0.0166306 
639 0.03087 
640 0.0198839 
641 0.0162935 
642 0.0184947 
643 0.0186432 
644 0.0160242 
645 0.0341114 
646 0.0195503 
647 0.0150127 
648 0.959177 
649 0.933691 
650 0.913137 
651 0.879562 
652 0.847898 
653 0.832207 
654 0.7976 
655 0.781524 
656 0.762058 
657 0.696947 
658 0.555813 
659 0.438924 
660 0.358559 
661 0.355287 
662 0.258153 
663 0.239712 
664 0.188553 
665 0.138452 
666 0.131768 
667 0.117652 
668 0.0955654 
669 0.0598405 
670 0.0393224 
671 0.0246895 
672 0.015275 
673 0.0149496 
674 0.519212 
675 0.203256 
676 0.0775966 
677 0.0182632 
678 0.0159117 
679 0.0195525 
680 0.0143455 
681 0.250674 
682 0.0262904 
683 0.0185547 
684 0.0139709 
685 0.0362002 
686 0.0326232 
687 0.0177624 
688 0.0133466 
689 0.0284443 
690 0.0154576 
691 0.0158608 
692 0.0147145 
693 0.0146758 
694 0.0147286 
695 0.0138022 
696 0.0166534 
697 0.0122709 
698 0.0224095 
699 0.0145083 
700 0.0119122 
701 0.0209132 
702 0.0137881 
703 0.0117114 
704 0.019929 
705 0.0129353 
706 0.0123857 
707 0.0125824 
708 0.0128232 
709 0.0116717 
710 0.0178602 
711 0.0121134 
712 0.0124102 
713 0.0123888 
714 0.0116671 
715 0.0151092 
716 0.011001 
717 0.0204327 
718 0.0129748 
719 0.0108532 
720 0.0181442 
721 0.461295 
722 0.19761 
723 0.0478074 
724 0.01712 
725 0.0117161 
726 0.0115721 
727 0.0116437 
728 0.011764 
729 0.0110567 
730 0.0139033 
731 0.01037 
732 0.0237412 
733 0.0147939 
734 0.010326 
735 0.018736 
736 0.0122339 
737 0.00989371 
738 0.277695 
739 0.0633771 
740 0.043913 
741 0.0267306 
742 0.0165921 
743 0.957955 
744 0.946727 
745 0.904122 
746 0.849237 
747 0.8122 
748 0.763832 
749 0.708734 
750 0.646888 
751 0.601184 
752 0.513784 
753 0.468977 
754 0.378933 
755 0.313905 
756 0.262201 
757 0.240048 
758 0.224214 
759 0.208308 
760 0.16111 
761 0.10745 
762 0.0725704 
763 0.069071 
764 0.062301 
765 0.040486 
766 0.0263169 
767 0.0198421 
768 0.0135424 
769 0.00936518 
770 0.0293221 
771 0.0123118 
772 0.00892443 
773 0.252787 
774 0.0787241 
775 0.0315515 
776 0.0247588 
777 0.0157344 
778 0.0106776 
779 0.00869502 
780 0.10818 
781 0.0350963 
782 0.0226114 
783 0.0159864 
784 0.011489 
785 0.00875315 
786 0.0513908 
787 0.0165104 
788 0.0113292 
789 0.00873379 
790 0.0115722 
791 0.0085468 
792 0.0115532 
793 0.00846217 
794 0.0115988 
795 0.00843924 
796 0.0109043 
797 0.00813467 
798 0.0310853 
799 0.0162128 
800 0.0107971 
801 0.00807399 
802 0.0376465 
803 0.0146977 
804 0.00996116 
805 0.00791094 
806 0.0778925 
807 0.0252372 
808 0.0119217 
809 0.00800395 
810 0.010179 
811 0.00762592 
812 0.0137998 
813 0.00925374 
814 0.00755893 
815 0.0154632 
816 0.00950694 
817 0.0075889 
818 0.0107743 
819 0.00763565 
820 0.0106324 
821 0.0076175 
822 0.00957352 
823 0.00723837 
824 0.177763 
825 0.0287264 
826 0.0179637 
827 0.0115669 
828 0.00801272 
829 0.00792266 
830 0.00744333 
831 0.0081124 
832 0.00709481 
833 0.01066 
834 0.00734788 
835 0.00870342 
836 0.00681739 
837 0.172121 
838 0.00709256 
839 0.0120004 
840 0.00796524 
841 0.0069564 
842 0.0100281 
843 0.00710465 
844 0.0080387 
845 0.00672178 
846 0.0382747 
847 0.0143291 
848 0.00886007 
849 0.00659189 
850 0.425916 
851 0.0683126 
852 0.0411323 
853 0.0246493 
854 0.0147826 
855 0.00904861 
856 0.00724913 
857 0.0070006 
858 0.00669963 
859 0.00765139 
860 0.00616047 
861 0.245065 
862 0.0683875 
863 0.0377862 
864 0.0216344 
865 0.012659 
866 0.00790781 
867 0.00672897 
868 0.00851981 
869 0.00604641 
870 0.0135207 
871 0.00832661 
872 0.00596403 
873 0.0163989 
874 0.00999356 
875 0.0065973 
876 0.00657042 
877 0.0065407 
878 0.0064552 
879 0.00672803 
880 0.0061303 
881 0.00845451 
882 0.00593513 
883 0.0108123 
884 0.00691667 
885 0.0059406 
886 0.0102184 
887 0.00656844 
888 0.00631536 
889 0.00682782 
890 0.00603316 
891 0.00875341 
892 0.0058634 
893 0.0125522 
894 0.00760835 
895 0.00570573 
896 0.05835 
897 0.0116919 
898 0.00683439 
899 0.00581883 
900 0.00950782 
901 0.00590836 
902 0.00834886 
903 0.00560792 
904 0.0153156 
905 0.00873486 
906 0.00573215 
907 0.958775 
908 0.940639 
909 0.89751 
910 0.859017 
911 0.822181 
912 0.801128 
913 0.756078 
914 0.652349 
915 0.614257 
916 0.540708 
917 0.493515 
918 0.412284 
919 0.395351 
920 0.29697 
921 0.281552 
922 0.265258 
923 0.223755 
924 0.195243 
925 0.155198 
926 0.113553 
927 0.073121 
928 0.0630925 
929 0.0454891 
930 0.032796 
931 0.0171983 
932 0.0103214 
933 0.00687486 
934 0.00567114 
935 0.077724 
936 0.010713 
937 0.00751902 
938 0.00576868 
939 0.00726431 
940 0.0056631 
941 0.00959715 
942 0.00879526 
943 0.00619041 
944 0.00674807 
945 0.00554231 
946 0.0104998 
947 0.00697944 
948 0.00540826 
949 0.390333 
950 0.105208 
951 0.0217074 
952 0.01337 
953 0.00864074 
954 0.00577187 
955 0.0114999 
956 0.0058852 
957 0.0143591 
958 0.00656191 
959 0.0058126 
960 0.0056631 
961 0.00634387 
962 0.00527857 
963 0.0129514 
964 0.00771851 
965 0.00529551 
966 0.0103435 
967 0.00638606 
968 0.00520556 
969 0.0133544 
970 0.00805105 
971 0.00540587 
972 0.00719336 
973 0.00513452 
974 0.0103954 
975 0.00649561 
976 0.00504631 
977 0.127091 
978 0.0140206 
979 0.00745774 
980 0.00498454 
981 0.0105737 
982 0.00612979 
983 0.00514667 
984 0.00717961 
985 0.00479764 
986 0.616369 
987 0.165505 
988 0.0287249 
989 0.00678662 
990 0.00964675 
991 0.00521239 
992 0.00666381 
993 0.00453061 
994 0.0175725 
995 0.0117911 
996 0.00803081 
997 0.00565881 
998 0.00444102 
999 0.0100159 
1000 0.00769694 
1001 0.00558504 
1002 0.00444526 
1003 0.00709676 
1004 0.00525956 
1005 0.0043779 
1006 0.0179487 
1007 0.00669571 
1008 0.00436718 
1009 0.0105302 
1010 0.00533934 
1011 0.0046436 
1012 0.0077026 
1013 0.00450422 
1014 0.00601824 
1015 0.00414946 
1016 0.00993931 
1017 0.00540901 
1018 0.00411612 
1019 0.0134143 
1020 0.00519872 
1021 0.00555471 
1022 0.00425635 
1023 0.00804168 
1024 0.00411779 
1025 0.00603121 
1026 0.00413085 
1027 0.00569167 
1028 0.00399569 
1029 0.00827668 
1030 0.00509042 
1031 0.00388205 
1032 0.0057582 
1033 0.00592459 
1034 0.00389275 
1035 0.0110715 
1036 0.00413565 
1037 0.00450778 
1038 0.00374939 
1039 0.0073104 
1040 0.00477579 
1041 0.00364013 
1042 0.164693 
1043 0.0346367 
1044 0.0214694 
1045 0.0158401 
1046 0.00913261 
1047 0.00545113 
1048 0.0036252 
1049 0.00424374 
1050 0.00333666 
1051 0.0604111 
1052 0.0122479 
1053 0.00654433 
1054 0.00365849 
1055 0.00606772 
1056 0.00344649 
1057 0.00642382 
1058 0.003869 
1059 0.00342954 
1060 0.00425614 
1061 0.00313783 
1062 0.209252 
1063 0.0218954 
1064 0.00886889 
1065 0.00451652 
1066 0.00278729 
1067 0.0104739 
1068 0.00487337 
1069 0.00473131 
1070 0.00474558 
1071 0.00326696 
1072 0.00275728 
1073 0.00341796 
1074 0.00250387 
1075 0.0151804 
1076 0.00635674 
1077 0.00342464 
1078 0.00242759 
1079 0.0075479 
1080 0.00440266 
1081 0.00313695 
1082 0.00402404 
1083 0.0024715 
1084 0.00417363 
1085 0.00251221 
1086 0.00258063 
1087 0.00235297 
1088 0.00353055 
1089 0.00218379 
1090 0.00629322 
1091 0.00378448 
1092 0.00246588 
1093 0.00221902 
1094 0.00292275 
1095 0.00209627 
1096 0.0233945 
1097 0.00856474 
1098 0.00347824 
1099 0.00198675 
1100 0.00740048 
1101 0.00420689 
1102 0.00234378 
1103 0.00383886 
1104 0.00218014 
1105 0.00372204 
1106 0.00210154 
1107 0.00669378 
1108 0.00697744 
1109 0.00299067 
1110 0.00180628 
1111 0.011913 
1112 0.00625576 
1113 0.00291997 
1114 0.00183694 
1115 0.00707356 
1116 0.00368372 
1117 0.00264013 
1118 0.00235008 
1119 0.00250743 
1120 0.00230985 
1121 0.00242951 
1122 0.00223708 
1123 0.0023776 
1124 0.00213537 
1125 0.00236687 
1126 0.00200893 
1127 0.00245986 
1128 0.00184501 
1129 0.00296442 
1130 0.00169198 
1131 0.00662192 
1132 0.00185557 
1133 0.00467245 
1134 0.00179658 
1135 0.0747164 
1136 0.00353981 
1137 0.00373524 
1138 0.00261133 
1139 0.00930015 
1140 0.00359302 
1141 0.00576647 
1142 0.00330024 
1143 0.00517393 
1144 0.00348979 
1145 0.00681304 
1146 0.00364133 
1147 0.0109024 
1148 0.00449377 
1149 0.00950531 
1150 0.00506955 
1151 0.0619799 
1152 0.0134525 
1153 0.00757665 
1154 0.0602949 
1155 0.0144074 
1156 0.0198487 
1157 0.00771472 
1158 0.0106679 
1159 0.00901568 
1160 0.00857458 
1161 0.00873951 
1162 0.00904869 
1163 0.00859982 
1164 0.00991742 
1165 0.00879675 
1166 0.00918554 
1167 0.0106479 
1168 0.00874082 
1169 0.009677 
1170 0.0109316 
1171 0.00891818 
1172 0.00966753 
1173 0.0103193 
1174 0.00886164 
1175 0.280873 
1176 0.0115148 
1177 0.0098277 
1178 0.0100138 
1179 0.0146044 
1180 0.011141 
1181 0.00978137 
1182 0.0600037 
1183 0.0109515 
1184 0.0117993 
1185 0.0113153 
1186 0.0163755 
1187 0.0117562 
1188 0.012505 
1189 0.0128375 
1190 0.0119929 
1191 0.013529 
1192 0.0138167 
1193 0.0121767 
1194 0.24915 
1195 0.0148922 
1196 0.0679821 
1197 0.0274842 
1198 0.0336489 
1199 0.973404 
1200 0.932756 
1201 0.918868 
1202 0.884269 
1203 0.761656 
1204 0.525619 
1205 0.378749 
1206 0.314798 
1207 0.143103 
1208 0.111865 
1209 0.0465649 
1210 0.0324326 
1211 0.0259065 
1212 0.0189663 
1213 0.0758387 
1214 0.025924 
1215 0.0197633 
1216 0.228672 
1217 0.0274016 
1218 0.0209436 
1219 0.0250033 
1220 0.024515 
1221 0.023599 
1222 0.0312958 
1223 0.0257192 
1224 0.0242308 
1225 0.204555 
1226 0.0276146 
1227 0.0242499 
1228 0.0267958 
1229 0.0260822 
1230 0.0252936 
1231 0.173261 
1232 0.0346742 
1233 0.0257066 
1234 0.0287366 
1235 0.0266424 
1236 0.0649831 
1237 0.969936 
1238 0.942669 
1239 0.875585 
1240 0.794307 
1241 0.706991 
1242 0.609431 
1243 0.504922 
1244 0.372275 
1245 0.285249 
1246 0.262492 
1247 0.134763 
1248 0.0706963 
1249 0.0529885 
1250 0.0462422 
1251 0.0400109 
1252 0.0274991 
1253 0.0260866 
1254 0.0711497 
1255 0.0289784 
1256 0.0252533 
1257 0.16026 
1258 0.0333259 
1259 0.0275147 
1260 0.024765 
1261 0.0260913 
1262 0.0269653 
1263 0.0212931 
1264 0.0194119 
1265 0.0522548 
1266 0.0228221 
1267 0.0200326 
1268 0.0163657 
1269 0.0213432 
1270 0.0156669 
1271 0.0187613 
1272 0.0181781 
1273 0.0156702 
1274 0.0495739 
1275 0.0179894 
1276 0.0154658 
1277 0.0186507 
1278 0.0157978 
1279 0.0600549 
1280 0.0150374 
1281 0.408887 
1282 0.124284 
1283 0.0259988 
1284 0.0177189 
1285 0.0148661 
1286 0.0142683 
1287 0.0188677 
1288 0.0166782 
1289 0.0144764 
1290 0.0135129 
1291 0.09611 
1292 0.0207506 
1293 0.0137585 
1294 0.0134928 
1295 0.0190667 
1296 0.0147513 
1297 0.0127013 
1298 0.945872 
1299 0.883756 
1300 0.817538 
1301 0.79886 
1302 0.761766 
1303 0.691326 
1304 0.594202 
1305 0.530705 
1306 0.460035 
1307 0.420005 
1308 0.362398 
1309 0.263286 
1310 0.248376 
1311 0.188075 
1312 0.166904 
1313 0.13709 
1314 0.115929 
1315 0.0941662 
1316 0.0759653 
1317 0.0567068 
1318 0.0456949 
1319 0.0353356 
1320 0.0222098 
1321 0.0179129 
1322 0.0172624 
1323 0.0163618 
1324 0.0141084 
1325 0.0129145 
1326 0.0125293 
1327 0.169848 
1328 0.0129363 
1329 0.0174739 
1330 0.012531 
1331 0.0116352 
1332 0.534637 
1333 0.0955366 
1334 0.0265068 
1335 0.0206746 
1336 0.0150029 
1337 0.0133338 
1338 0.0102013 
1339 0.0109669 
1340 0.0191972 
1341 0.00998201 
1342 0.0145485 
1343 0.00976291 
1344 0.0092295 
1345 0.0146679 
1346 0.00882298 
1347 0.0191682 
1348 0.0147379 
1349 0.00995726 
1350 0.00812939 
1351 0.200673 
1352 0.0317189 
1353 0.011654 
1354 0.00773296 
1355 0.00952354 
1356 0.00727306 
1357 0.0256951 
1358 0.0142923 
1359 0.00742207 
1360 0.00869123 
1361 0.00764988 
1362 0.0181576 
1363 0.0105208 
1364 0.0100589 
1365 0.00733391 
1366 0.00639794 
1367 0.0131491 
1368 0.00979856 
1369 0.00747279 
1370 0.00617798 
1371 0.01276 
1372 0.00854679 
1373 0.00613971 
1374 0.0135655 
1375 0.0080338 
1376 0.00593023 
1377 0.00586846 
1378 0.0230585 
1379 0.0130788 
1380 0.00958554 
1381 0.00639164 
1382 0.00721517 
1383 0.00563746 
1384 0.345116 
1385 0.042395 
1386 0.023533 
1387 0.0125132 
1388 0.00589568 
1389 0.00521691 
1390 0.00756339 
1391 0.00563824 
1392 0.00523274 
1393 0.00621203 
1394 0.00503384 
1395 0.0414832 
1396 0.0197462 
1397 0.0134616 
1398 0.00971401 
1399 0.00713057 
1400 0.0054724 
1401 0.0050248 
1402 0.0726755 
1403 0.0102869 
1404 0.00732536 
1405 0.00547031 
1406 0.00509053 
1407 0.00908984 
1408 0.00652388 
1409 0.0050343 
1410 0.00664904 
1411 0.0049482 
1412 0.0137687 
1413 0.0088917 
1414 0.00587366 
1415 0.00480413 
1416 0.300926 
1417 0.0333906 
1418 0.0237404 
1419 0.0145612 
1420 0.00902118 
1421 0.00576605 
1422 0.00473548 
1423 0.006541 
1424 0.00465946 
1425 0.00747008 
1426 0.00510875 
1427 0.00471136 
1428 0.0063351 
1429 0.00459091 
1430 0.00690139 
1431 0.0047448 
1432 0.00570692 
1433 0.00441729 
1434 0.287652 
1435 0.0505983 
1436 0.0177002 
1437 0.007476 
1438 0.00427986 
1439 0.0087119 
1440 0.00527651 
1441 0.00421624 
1442 0.00892054 
1443 0.00548122 
1444 0.00413476 
1445 0.0728264 
1446 0.0145281 
1447 0.0097283 
1448 0.0055044 
1449 0.00420572 
1450 0.00629281 
1451 0.00460613 
1452 0.00411781 
1453 0.00455715 
1454 0.00387162 
1455 0.0835622 
1456 0.0135831 
1457 0.0060506 
1458 0.00383249 
1459 0.042228 
1460 0.0129213 
1461 0.00947227 
1462 0.00701082 
1463 0.00527699 
1464 0.00417581 
1465 0.00566416 
1466 0.00435144 
1467 0.00411284 
1468 0.00370506 
1469 0.0104376 
1470 0.00736321 
1471 0.0052945 
1472 0.00401518 
1473 0.00403707 
1474 0.00383399 
1475 0.00410985 
1476 0.0037297 
1477 0.00485392 
1478 0.00366455 
1479 0.00749155 
1480 0.00522184 
1481 0.00388606 
1482 0.00385446 
1483 0.00424406 
1484 0.00357626 
1485 0.0935558 
1486 0.0139885 
1487 0.00888504 
1488 0.00565727 
1489 0.00396531 
1490 0.00359525 
1491 0.00544996 
1492 0.00376802 
1493 0.00403548 
1494 0.0035721 
1495 0.00494248 
1496 0.00355792 
1497 0.00552451 
1498 0.00379743 
1499 0.00371334 
1500 0.00411392 
1501 0.00344335 
1502 0.0101104 
1503 0.00638866 
1504 0.00434436 
1505 0.00339257 
1506 0.0655723 
1507 0.0098776 
1508 0.00637185 
1509 0.00426421 
1510 0.00334348 
1511 0.100103 
1512 0.00909432 
1513 0.00498446 
1514 0.00550032 
1515 0.00386881 
1516 0.00351529 
1517 0.00389805 
1518 0.00324219 
1519 0.00948013 
1520 0.00563471 
1521 0.00344433 
1522 0.0154659 
1523 0.00491306 
1524 0.0032478 
1525 0.00550447 
1526 0.00396606 
1527 0.00322255 
1528 0.00586353 
1529 0.00411151 
1530 0.00317701 
1531 0.0134607 
1532 0.00579843 
1533 0.00351258 
1534 0.00396997 
1535 0.00321564 
1536 0.00503611 
1537 0.00336761 
1538 0.00399425 
1539 0.00307681 
1540 0.00769967 
1541 0.00584828 
1542 0.00448265 
1543 0.00351756 
1544 0.00303472 
1545 0.00492493 
1546 0.00597504 
1547 0.00333059 
1548 0.00346067 
1549 0.00325454 
1550 0.00354487 
1551 0.00313406 
1552 0.00411693 
1553 0.00284376 
1554 0.00466325 
1555 0.00320862 
1556 0.00278603 
1557 0.00471407 
1558 0.00324491 
1559 0.00270059 
1560 0.00679532 
1561 0.00455376 
1562 0.00317383 
1563 0.00259995 
1564 0.0601267 
1565 0.00663319 
1566 0.00448149 
1567 0.00312626 
1568 0.00244817 
1569 0.0116556 
1570 0.00319014 
1571 0.004654 
1572 0.00258921 
1573 0.00878485 
1574 0.00271002 
1575 0.00242587 
1576 0.00392869 
1577 0.00281336 
1578 0.00233835 
1579 0.0571741 
1580 0.0137217 
1581 0.00345822 
1582 0.00238279 
1583 0.00783699 
1584 0.0033847 
1585 0.00585712 
1586 0.00361417 
1587 0.00274261 
1588 0.00218021 
1589 0.00463468 
1590 0.00298287 
1591 0.00219723 
1592 0.00337087 
1593 0.00243477 
1594 0.0021992 
1595 0.00241745 
1596 0.00204872 
1597 0.00636013 
1598 0.00449329 
1599 0.00321493 
1600 0.00237556 
1601 0.00199094 
1602 0.0744889 
1603 0.0100436 
1604 0.00376144 
1605 0.00240867 
1606 0.0022186 
1607 0.00194693 
1608 0.00437963 
1609 0.00284861 
1610 0.00204617 
1611 0.00235094 
1612 0.00189542 
1613 0.00615114 
1614 0.00357918 
1615 0.00225888 
1616 0.00200996 
1617 0.00283581 
1618 0.00191483 
1619 0.00314698 
1620 0.00202874 
1621 0.00219432 
1622 0.00191682 
1623 0.00276633 
1624 0.00189353 
1625 0.00284459 
1626 0.00206484 
1627 0.00187701 
1628 0.00266181 
1629 0.00196289 
1630 0.00204029 
1631 0.00188135 
1632 0.00251261 
1633 0.00189191 
1634 0.00232939 
1635 0.00182181 
1636 0.00398087 
1637 0.00275257 
1638 0.00200448 
1639 0.0018674 
1640 0.00236953 
1641 0.00182387 
1642 0.00292196 
1643 0.00209133 
1644 0.00178831 
1645 0.00435951 
1646 0.00298427 
1647 0.00212215 
1648 0.00175848 
1649 0.0086712 
1650 0.001845 
1651 0.00235895 
1652 0.00180129 
1653 0.00233402 
1654 0.00178157 
1655 0.00242924 
1656 0.00181835 
1657 0.00207923 
1658 0.00169748 
1659 0.0140067 
1660 0.0021164 
1661 0.00168601 
1662 0.00318224 
1663 0.00199435 
1664 0.00167656 
1665 0.00214362 
1666 0.00161038 
1667 0.00354425 
1668 0.00203701 
1669 0.00158901 
1670 0.00336615 
1671 0.00212811 
1672 0.00155378 
1673 0.00882114 
1674 0.00246744 
1675 0.00173357 
1676 0.00278919 
1677 0.00187074 
1678 0.00217855 
1679 0.00159341 
1680 0.00356515 
1681 0.00166969 
1682 0.00214193 
1683 0.00154468 
1684 0.00406736 
1685 0.00311747 
1686 0.00255784 
1687 0.00184043 
1688 0.00144415 
1689 0.00528904 
1690 0.00253647 
1691 0.00138977 
1692 0.00489332 
1693 0.00207046 
1694 0.00253844 
1695 0.00153617 
1696 0.00142909 
1697 0.0017565 
1698 0.00131948 
1699 0.00402257 
1700 0.00238387 
1701 0.00152764 
1702 0.00138005 
1703 0.00173508 
1704 0.00124824 
1705 0.00228594 
1706 0.00142798 
1707 0.00123562 
1708 0.00178935 
1709 0.00122325 
1710 0.0020123 
1711 0.00131119 
1712 0.00132693 
1713 0.00130016 
1714 0.00133553 
1715 0.00127006 
1716 0.00140843 
1717 0.00118823 
1718 0.00219481 
1719 0.00138932 
1720 0.00118115 
1721 0.00209988 
1722 0.00134175 
1723 0.00119962 
1724 0.00165438 
1725 0.0011613 
1726 0.00227057 
1727 0.0014213 
1728 0.00113128 
1729 0.00365842 
1730 0.00216658 
1731 0.00136219 
1732 0.00110429 
1733 0.00297382 
1734 0.0017867 
1735 0.00118034 
1736 0.00128194 
1737 0.00111018 
1738 0.00178637 
1739 0.00117631 
1740 0.00125895 
1741 0.00110905 
1742 0.00167092 
1743 0.00112702 
1744 0.00142746 
1745 0.00105793 
1746 0.00382139 
1747 0.00225141 
1748 0.00138658 
1749 0.00101481 
1750 0.00316851 
1751 0.00187658 
1752 0.00118483 
1753 0.00101715 
1754 0.00166659 
1755 0.00109173 
1756 0.00112287 
1757 0.00105423 
1758 0.00124065 
1759 0.000976707 
1760 0.00346682 
1761 0.00205485 
1762 0.00127429 
1763 0.00094133 
1764 0.00304895 
1765 0.00181744 
1766 0.00114397 
1767 0.000917989 
1768 0.00248459 
1769 0.967557 
1770 0.933095 
1771 0.738258 
1772 0.648781 
1773 0.580326 
1774 0.410297 
1775 0.301618 
1776 0.240203 
1777 0.17299 
1778 0.152757 
1779 0.118011 
1780 0.0626909 
1781 0.0523741 
1782 0.0285322 
1783 0.0216939 
1784 0.0168071 
1785 0.0135841 
1786 0.0101569 
1787 0.00906001 
1788 0.00171039 
1789 0.00141359 
1790 0.00129544 
1791 0.0012011 
1792 0.00120463 
1793 0.00112162 
1794 0.00131744 
1795 0.000997816 
1796 0.00342065 
1797 0.00179455 
1798 0.00106679 
1799 0.00110439 
1800 0.00106665 
1801 0.00103829 
1802 0.00117768 
1803 0.000929015 
1804 0.00301009 
1805 0.00160112 
1806 0.000978393 
1807 0.0011454 
1808 0.000921088 
1809 0.00160097 
1810 0.000958278 
1811 0.00130828 
1812 0.000891736 
1813 0.00233294 
1814 0.00125604 
1815 0.000871122 
1816 0.022061 
1817 0.00209325 
1818 0.00114825 
1819 0.000813314 
1820 0.00197565 
1821 0.00104257 
1822 0.000945263 
1823 0.000914794 
1824 0.000916695 
1825 0.000851273 
1826 0.00104544 
1827 0.000772121 
1828 0.00315476 
1829 0.00166637 
1830 0.000963132 
1831 0.000807748 
1832 0.00140839 
1833 0.000839706 
1834 0.000834493 
1835 0.000888619 
1836 0.000764774 
1837 0.00132084 
1838 0.000800868 
1839 0.000895571 
1840 0.000765211 
1841 0.00107243 
1842 0.000724367 
1843 0.00309504 
1844 0.00161329 
1845 0.000908644 
1846 0.000708551 
1847 0.00219502 
1848 0.00117679 
1849 0.000735206 
1850 0.000991531 
1851 0.000689775 
1852 0.0478233 
1853 0.00948186 
1854 0.00466287 
1855 0.00138734 
1856 0.000828843 
1857 0.000684961 
1858 0.00134295 
1859 0.000761639 
1860 0.000757666 
1861 0.000739216 
1862 0.000763418 
1863 0.000724697 
1864 0.000789676 
1865 0.000690289 
1866 0.000938457 
1867 0.000647038 
1868 0.00259066 
1869 0.00136229 
1870 0.000781001 
1871 0.000633475 
1872 0.00163287 
1873 0.000896874 
1874 0.000617963 
1875 0.00182046 
1876 0.000972865 
1877 0.000621657 
1878 0.00132651 
1879 0.000757342 
1880 0.000615225 
1881 0.00143692 
1882 0.000801764 
1883 0.000598909 
1884 0.00754238 
1885 0.00198259 
1886 0.00108114 
1887 0.000662295 
1888 0.000657135 
1889 0.000702672 
1890 0.000609666 
1891 0.000972933 
1892 0.000610176 
1893 0.000860898 
1894 0.000578635 
1895 0.00216656 
1896 0.00114516 
1897 0.000668893 
1898 0.000607576 
1899 0.000826033 
1900 0.000566503 
1901 0.00157972 
1902 0.00085176 
1903 0.000562247 
1904 0.00168913 
1905 0.000913861 
1906 0.000579 
1907 0.000831829 
1908 0.000553587 
1909 0.00179607 
1910 0.000969756 
1911 0.000595719 
1912 0.000670367 
1913 0.000565274 
1914 0.000862547 
1915 0.000553191 
1916 0.0012 
1917 0.000684936 
1918 0.00054367 
1919 0.00152583 
1920 0.000829456 
1921 0.000543854 
1922 0.00105912 
1923 0.000612396 
1924 0.000608209 
1925 0.000592996 
1926 0.00065182 
1927 0.000544964 
1928 0.00105381 
1929 0.000617271 
1930 0.000569811 
1931 0.000728826 
1932 0.000523056 
1933 0.00079149 
1934 0.000510658 
1935 0.0116416 
1936 0.00104104 
1937 0.000595273 
1938 0.000543472 
1939 0.000685895 
1940 0.000495859 
1941 0.000591072 
1942 0.00060217 
1943 0.0005406 
1944 0.000613531 
1945 0.000493382 
1946 0.000946185 
1947 0.000553363 
1948 0.000514309 
1949 0.000624277 
1950 0.000470675 
1951 0.00179644 
1952 0.000951622 
1953 0.000554432 
1954 0.000482745 
1955 0.000801983 
1956 0.000495091 
1957 0.000601944 
1958 0.000462092 
1959 0.00109839 
1960 0.000608115 
1961 0.000455533 
1962 0.00132121 
1963 0.00070879 
1964 0.000457269 
1965 0.00106168 
1966 0.000596001 
1967 0.000445568 
1968 0.00184083 
1969 0.000967411 
1970 0.000550096 
1971 0.000439559 
1972 0.00112507 
1973 0.000621203 
1974 0.000430678 
1975 0.00131128 
1976 0.000702558 
1977 0.000441328 
1978 0.000755556 
1979 0.000462112 
1980 0.000528158 
1981 0.000435572 
1982 0.000732208 
1983 0.000447656 
1984 0.00063499 
1985 0.000424335 
1986 0.000974988 
1987 0.000542468 
1988 0.000421638 
1989 0.000958927 
1990 0.000536541 
1991 0.000419264 
1992 0.000942981 
1993 0.00052731 
1994 0.000419408 
1995 0.000832176 
1996 0.000480947 
1997 0.000453605 
1998 0.000494605 
1999 0.000435654 
2000 0.000569285 
2001 0.00040646 
2002 0.000641493 
2003 0.000405288 
2004 0.000738969 
2005 0.000441694 
2006 0.000448358 
2007 0.00044847 
2008 0.000433922 
2009 0.000483492 
2010 0.000398552 
2011 0.000827333 
2012 0.000475824 
2013 0.000399826 
2014 0.000744167 
2015 0.000441976 
2016 0.000432717 
2017 0.000468216 
2018 0.000400831 
2019 0.000679907 
2020 0.000416756 
2021 0.000493817 
2022 0.000388778 
2023 0.000829314 
2024 0.000469502 
2025 0.000398434 
2026 0.000593785 
2027 0.000386108 
2028 0.000940302 
2029 0.000523729 
2030 0.000376431 
2031 0.000530734 
2032 0.000362762 
2033 0.00863683 
2034 0.00111816 
2035 0.00059243 
2036 0.000372741 
2037 0.000665407 
2038 0.000385043 
2039 0.000539299 
2040 0.000355982 
2041 0.00104894 
2042 0.00050864 
2043 0.000361916 
2044 0.000569319 
2045 0.000366615 
2046 0.000534073 
2047 0.000358109 
2048 0.000594491 
2049 0.000376936 
2050 0.000449191 
2051 0.000346539 
2052 0.00162508 
2053 0.000675591 
2054 0.000355534 
2055 0.000626916 
2056 0.000388762 
2057 0.000424254 
2058 0.000347137 
2059 0.000637349 
2060 0.000371084 
2061 0.000452653 
2062 0.000335149 
2063 0.00126826 
2064 0.000700112 
2065 0.000417778 
2066 0.000332277 
2067 0.00109012 
2068 0.000527882 
2069 0.000329572 
2070 0.00169431 
2071 0.000728302 
2072 0.000377707 
2073 0.00128948 
2074 0.00142245 
2075 0.00090762 
2076 0.000350846 
2077 0.000524603 
2078 0.000322832 
2079 0.00127949 
2080 0.000430851 
2081 0.00186854 
2082 0.00390264 
2083 0.00273349 
2084 0.00099289 
2085 0.000385741 
2086 0.000326167 
2087 0.000494128 
2088 0.000318771 
2089 0.000663581 
2090 0.000379258 
2091 0.000323404 
2092 0.000525198 
2093 0.000328087 
2094 0.00044152 
2095 0.000308677 
2096 0.00126875 
2097 0.00061803 
2098 0.000379456 
2099 0.0004055 
2100 0.000306839 
2101 0.000509411 
2102 0.000356294 
2103 0.000308691 
2104 0.000475485 
2105 0.000316385 
2106 0.000394716 
2107 0.000296317 
2108 0.000747721 
2109 0.000490522 
2110 0.000335986 
2111 0.000333535 
2112 0.000301969 
2113 0.000429357 
2114 0.000296187 
2115 0.000480731 
2116 0.000315214 
2117 0.000338053 
2118 0.000300997 
2119 0.000453575 
2120 0.000298324 
2121 0.000460226 
2122 0.000298987 
2123 0.000461771 
2124 0.000300304 
2125 0.000423266 
2126 0.000288401 
2127 0.000721557 
2128 0.00041349 
2129 0.000285873 
2130 0.00072887 
2131 0.000414801 
2132 0.000283911 
2133 0.000827237 
2134 0.000458621 
2135 0.000292586 
2136 0.00046887 
2137 0.000293626 
2138 0.000474779 
2139 0.000295417 
2140 0.000439733 
2141 0.000284076 
2142 0.000714446 
2143 0.000375944 
2144 0.000285464 
2145 0.000461614 
2146 0.000303283 
2147 0.000318552 
2148 0.00029896 
2149 0.000349619 
2150 0.000277971 
2151 0.000683604 
2152 0.000393128 
2153 0.000274621 
2154 0.000917185 
2155 0.00051016 
2156 0.00031103 
2157 0.000300638 
2158 0.000325509 
2159 0.000281412 
2160 0.000449271 
2161 0.000287887 
2162 0.000368996 
2163 0.000268695 
2164 0.000518666 
2165 0.000312963 
2166 0.000271068 
2167 0.000428073 
2168 0.000275824 
2169 0.000364307 
2170 0.000259189 
2171 0.000961257 
2172 0.00053279 
2173 0.000317125 
2174 0.0002592 
2175 0.000563585 
2176 0.000332741 
2177 0.000253526 
2178 0.000939798 
2179 0.000522101 
2180 0.000310026 
2181 0.000253337 
2182 0.000550243 
2183 0.000323924 
2184 0.000248021 
2185 0.000905984 
2186 0.000502419 
2187 0.000300151 
2188 0.000250439 
2189 0.000471805 
2190 0.000286359 
2191 0.000259455 
2192 0.000339439 
2193 0.00024287 
2194 0.000844144 
2195 0.000470725 
2196 0.000285044 
2197 0.000251621 
2198 0.000356424 
2199 0.00024227 
2200 0.000553281 
2201 0.000322432 
2202 0.000237043 
2203 0.000289575 
2204 0.000254123 
2205 0.00027671 
2206 0.000239736 
2207 0.000365786 
2208 0.000239289 
2209 0.00036954 
2210 0.000240512 
2211 0.00034666 
2212 0.000233393 
2213 0.000473641 
2214 0.000282075 
2215 0.000232559 
2216 0.000472133 
2217 0.000281541 
2218 0.000231497 
2219 0.000481879 
2220 0.000286156 
2221 0.000228513 
2222 0.000585263 
2223 0.000335589 
2224 0.000228657 
2225 0.000500541 
2226 0.000294841 
2227 0.000224119 
2228 0.000794842 
2229 0.000439866 
2230 0.000264487 
2231 0.000233782 
2232 0.000313695 
2233 0.000220912 
2234 0.000694309 
2235 0.000392551 
2236 0.000245809 
2237 0.000250414 
2238 0.000241664 
2239 0.000260564 
2240 0.000228555 
2241 0.000332506 
2242 0.000222865 
2243 0.000422244 
2244 0.000255928 
2245 0.000230725 
2246 0.000304288 
2247 0.000216644 
2248 0.000757352 
2249 0.000421643 
2250 0.000255239 
2251 0.000224545 
2252 0.00032402 
2253 0.00021813 
2254 0.000429486 
2255 0.000257749 
2256 0.000220524 
2257 0.000360983 
2258 0.000229484 
2259 0.000276639 
2260 0.000212251 
2261 0.000738342 
2262 0.000412473 
2263 0.000249689 
2264 0.000220467 
2265 0.000314479 
2266 0.000213074 
2267 0.000444073 
2268 0.000263575 
2269 0.000210622 
2270 0.000527837 
2271 0.000303384 
2272 0.000209451 
2273 0.000543465 
2274 0.0003109 
2275 0.000210466 
2276 0.000432652 
2277 0.000257447 
2278 0.000208977 
2279 0.000463724 
2280 0.000272718 
2281 0.000204695 
2282 0.000651687 
2283 0.000366478 
2284 0.000226301 
2285 0.000229913 
2286 0.000221901 
2287 0.000240573 
2288 0.000208838 
2289 0.000321671 
2290 0.000209806 
2291 0.000303537 
2292 0.000204131 
2293 0.000400697 
2294 0.000241724 
2295 0.000205699 
2296 0.00035016 
2297 0.000220005 
2298 0.000237313 
2299 0.000208323 
2300 0.0003011 
2301 0.000202611 
2302 0.000399044 
2303 0.000239989 
2304 0.000204292 
2305 0.000347411 
2306 0.000218026 
2307 0.000236983 
2308 0.000205732 
2309 0.000311911 
2310 0.000204866 
2311 0.000322234 
2312 0.000208302 
2313 0.000279753 
2314 0.000196802 
2315 0.000638466 
2316 0.000359159 
2317 0.000222256 
2318 0.000216886 
2319 0.000229483 
2320 0.000206358 
2321 0.000276567 
2322 0.000194766 
2323 0.000602037 
2324 0.000340153 
2325 0.000213014 
2326 0.000232509 
2327 0.000199759 
2328 0.000324018 
2329 0.000206753 
2330 0.000253897 
2331 0.000191712 
2332 0.000664751 
2333 0.000372089 
2334 0.000225524 
2335 0.000198305 
2336 0.000283448 
2337 0.000191926 
2338 0.000407414 
2339 0.000241445 
2340 0.000188577 
2341 0.000603419 
2342 0.000340531 
2343 0.000211122 
2344 0.000211238 
2345 0.000212092 
2346 0.000208769 
2347 0.000217075 
2348 0.000200495 
2349 0.000247006 
2350 0.000185514 
2351 0.000574168 
2352 0.000324858 
2353 0.000202793 
2354 0.000212837 
2355 0.000195645 
2356 0.000238561 
2357 0.000181473 
2358 0.000634142 
2359 0.000354253 
2360 0.000213728 
2361 0.00018904 
2362 0.000262481 
2363 0.000180841 
2364 0.00047153 
2365 0.000271729 
2366 0.000182856 
2367 0.000337709 
2368 0.000206102 
2369 0.000194877 
2370 0.000219069 
2371 0.000182232 
2372 0.000335918 
2373 0.000205534 
2374 0.000194043 
2375 0.000219093 
2376 0.000181278 
2377 0.000345183 
2378 0.000208925 
2379 0.000188282 
2380 0.000243997 
2381 0.000176308 
2382 0.000614436 
2383 0.000343648 
2384 0.000208342 
2385 0.000180334 
2386 0.000288043 
2387 0.000185313 
2388 0.000232525 
2389 0.000172505 
2390 0.000331977 
2391 0.000201383 
2392 0.000178652 
2393 0.000243481 
2394 0.000169818 
2395 0.000522705 
2396 0.000296609 
2397 0.000186465 
2398 0.000198366 
2399 0.00017898 
2400 0.000229691 
2401 0.000167359 
2402 0.000406203 
2403 0.000236804 
2404 0.00016541 
2405 0.000434765 
2406 0.000248819 
2407 0.000167227 
2408 0.000338856 
2409 0.000203573 
2410 0.000165535 
2411 0.00039407 
2412 0.000229879 
2413 0.000163195 
2414 0.000510376 
2415 0.000288391 
2416 0.000179643 
2417 0.000193954 
2418 0.00016823 
2419 0.000271309 
2420 0.00017402 
2421 0.000209634 
2422 0.000161742 
2423 0.000506675 
2424 0.000286466 
2425 0.000178587 
2426 0.000191021 
2427 0.000167847 
2428 0.000254082 
2429 0.000167387 
2430 0.000246897 
2431 0.0001645 
2432 0.000304684 
2433 0.00018698 
2434 0.000170464 
2435 0.000223276 
2436 0.0001597 
2437 0.000523498 
2438 0.000294111 
2439 0.000180675 
2440 0.000178488 
2441 0.000179784 
2442 0.000179818 
2443 0.000176835 
2444 0.000186541 
2445 0.000167179 
2446 0.000233704 
2447 0.000160391 
2448 0.000343266 
2449 0.000202924 
2450 0.000158323 
2451 0.000452141 
2452 0.000256292 
2453 0.000165733 
2454 0.000233849 
2455 0.000159657 
2456 0.000322012 
2457 0.000192702 
2458 0.000160588 
2459 0.000286752 
2460 0.000177051 
2461 0.000178366 
2462 0.00017278 
2463 0.000189532 
2464 0.000160641 
2465 0.000293856 
2466 0.000181268 
2467 0.000167521 
2468 0.000210527 
2469 0.000155284 
2470 0.00028537 
2471 0.00017501 
2472 0.000171582 
2473 0.000175156 
2474 0.000171032 
2475 0.000176049 
2476 0.000169026 
2477 0.000180737 
2478 0.000162558 
2479 0.000208634 
2480 0.00015216 
2481 0.000329615 
2482 0.000195503 
2483 0.000149761 
2484 0.000606145 
2485 0.000338611 
2486 0.000200458 
2487 0.000148029 
2488 0.000282021 
2489 0.000171838 
2490 0.000157228 
2491 0.000189033 
2492 0.000146571 
2493 0.000432002 
2494 0.000243707 
2495 0.000155621 
2496 0.000204496 
2497 0.000145762 
2498 0.000449667 
2499 0.000252354 
2500 0.000158287 
2501 0.000185045 
2502 0.000145341 
2503 0.0648107 
2504 0.000521939 
2505 0.000302154 
2506 0.000188106 
2507 0.000151353 
2508 0.000477495 
2509 0.00026139 
2510 0.000166999 
2511 0.000215033 
2512 0.000154501 
2513 0.000208546 
2514 0.000147731 
2515 0.000256609 
2516 0.000170845 
2517 0.000158402 
2518 0.000169953 
2519 0.000147428 
2520 0.000277743 
2521 0.00016916 
2522 0.000151021 
2523 0.000215422 
2524 0.000146235 
2525 0.000267067 
2526 0.000163797 
2527 0.0001594 
2528 0.000163961 
2529 0.00015882 
2530 0.000165311 
2531 0.000156338 
2532 0.00017207 
2533 0.000148638 
2534 0.00021932 
2535 0.000146196 
2536 0.000280192 
2537 0.000171032 
2538 0.000147164 
2539 0.000254121 
2540 0.000159562 
2541 0.000161563 
2542 0.000161377 
2543 0.000157758 
2544 0.000170749 
2545 0.000146799 
2546 0.000254613 
2547 0.00015966 
2548 0.000160282 
2549 0.000163033 
2550 0.000154237 
2551 0.000182692 
2552 0.000141738 
2553 0.000562219 
2554 0.000314732 
2555 0.000187139 
2556 0.000140445 
2557 0.000288105 
2558 0.00017381 
2559 0.00014036 
2560 0.000388982 
2561 0.000223811 
2562 0.000146532 
2563 0.000196124 
2564 0.000138744 
2565 0.000558919 
2566 0.000312037 
2567 0.000184085 
2568 0.000137558 
2569 0.000220757 
2570 0.000149594 
2571 0.000153427 
2572 0.000153285 
2573 0.000153034 
2574 0.000158948 
2575 0.000145094 
2576 0.000194896 
2577 0.000137093 
2578 0.000347649 
2579 0.000200006 
2580 0.000137308 
2581 0.000377797 
2582 0.000218201 
2583 0.000143272 
2584 0.000191687 
2585 0.00013574 
2586 0.000550591 
2587 0.000308758 
2588 0.000183317 
2589 0.000134777 
2590 0.000401385 
2591 0.000231368 
2592 0.000147647 
2593 0.000163563 
2594 0.000136704 
2595 0.000304916 
2596 0.000180683 
2597 0.000133707 
2598 0.00030362 
2599 0.000178788 
2600 0.000133066 
2601 0.000462823 
2602 0.000242716 
2603 0.000164386 
2604 0.000193385 
2605 0.000133343 
2606 0.000443655 
2607 0.000210608 
2608 0.000193458 
2609 0.000139651 
2610 0.000365693 
2611 0.000210288 
2612 0.000153555 
2613 0.000395205 
2614 0.000327279 
2615 0.000308417 
2616 0.000201425 
2617 0.000171577 
2618 0.000146346 
2619 0.000170111 
2620 0.000132952 
2621 0.000288875 
2622 0.000170681 
2623 0.000131214 
2624 0.000373065 
2625 0.000213176 
2626 0.000138509 
2627 0.000196161 
2628 0.000133447 
2629 0.000250716 
2630 0.000151998 
2631 0.000143201 
2632 0.000156524 
2633 0.00013733 
2634 0.000185884 
2635 0.000130658 
2636 0.000512429 
2637 0.000287072 
2638 0.000170974 
2639 0.000129808 
2640 0.000497022 
2641 0.000281607 
2642 0.000170115 
2643 0.00012908 
2644 0.000274153 
2645 0.000148955 
2646 0.000203501 
2647 0.000135936 
2648 0.000177561 
2649 0.000128496 
2650 0.000574154 
2651 0.000333333 
2652 0.000200574 
2653 0.000136531 
2654 0.000188135 
2655 0.000129557 
2656 0.000669139 
2657 0.000193414 
2658 0.000188434 
2659 0.000253607 
2660 0.000195437 
2661 0.000226297 
2662 0.000160035 
2663 0.000183731 
2664 0.000131297 
2665 0.000257898 
2666 0.000158766 
2667 0.000129048 
2668 0.000362872 
2669 0.000209117 
2670 0.000136299 
2671 0.000168538 
2672 0.000127537 
2673 0.000400086 
2674 0.000227157 
2675 0.000141977 
2676 0.000152819 
2677 0.000131373 
2678 0.000241145 
2679 0.000149693 
2680 0.00013385 
2681 0.000200119 
2682 0.000133095 
2683 0.000189336 
2684 0.000128969 
2685 0.000331598 
2686 0.000193241 
2687 0.000130944 
2688 0.000216062 
2689 0.000137283 
2690 0.000170688 
2691 0.000126784 
2692 0.000273041 
2693 0.000162762 
2694 0.000127225 
2695 0.000341924 
2696 0.000194748 
2697 0.000129572 
2698 0.000272691 
2699 0.000162187 
2700 0.000126929 
2701 0.000480448 
2702 0.000271021 
2703 0.00016284 
2704 0.000126466 
2705 0.000534692 
2706 0.000303975 
2707 0.000181836 
2708 0.000128425 
2709 0.000228348 
2710 0.000144918 
2711 0.000137899 
2712 0.000152876 
2713 0.000131707 
2714 0.000190223 
2715 0.000128228 
2716 0.000306367 
2717 0.000178983 
2718 0.000126594 
2719 0.000349567 
2720 0.000195495 
2721 0.000128571 
2722 0.000302762 
2723 0.000171161 
2724 0.000125788 
2725 0.000574892 
2726 0.000344021 
2727 0.000212968 
2728 0.000142814 
2729 0.000135336 
2730 0.000167278 
2731 0.000125591 
2732 0.000383186 
2733 0.000177913 
2734 0.000139524 
2735 0.000167906 
2736 0.000128671 
2737 0.000216629 
2738 0.000137426 
2739 0.000158745 
2740 0.000125668 
2741 0.000508419 
2742 0.000280521 
2743 0.000164587 
2744 0.000125268 
2745 0.000588406 
2746 0.000326465 
2747 0.000188048 
2748 0.000127427 
2749 0.000288762 
2750 0.0001558 
2751 0.000145192 
2752 0.000135073 
2753 0.000166608 
2754 0.000124762 
2755 0.000330441 
2756 0.000159745 
2757 0.000165121 
2758 0.000129692 
2759 0.000221032 
2760 0.00014159 
2761 0.000137176 
2762 0.000154844 
2763 0.000125729 
2764 0.000397032 
2765 0.000224975 
2766 0.000140961 
2767 0.000139686 
2768 0.000148432 
2769 0.000129754 
2770 0.00021746 
2771 0.000138403 
2772 0.000144161 
2773 0.000138146 
2774 0.000144846 
2775 0.000136928 
2776 0.000148066 
2777 0.000132715 
2778 0.000166276 
2779 0.000124434 
2780 0.000374056 
2781 0.000212378 
2782 0.000134669 
2783 0.000166481 
2784 0.000124172 
2785 0.000208136 
2786 0.000132954 
2787 0.000176362 
2788 0.000125041 
2789 0.000314326 
2790 0.000181619 
2791 0.000125199 
2792 0.00039636 
2793 0.000225403 
2794 0.000140764 
2795 0.000138631 
2796 0.000148708 
2797 0.000128343 
2798 0.000232844 
2799 0.000144922 
2800 0.000131508 
2801 0.000186524 
2802 0.000127355 
2803 0.000218267 
2804 0.000137019 
2805 0.000153831 
2806 0.000125577 
2807 0.000347348 
2808 0.000200731 
2809 0.000131864 
2810 0.000166791 
2811 0.00012382 
2812 0.000304259 
2813 0.000176712 
2814 0.000124236 
2815 0.000508024 
2816 0.000285772 
2817 0.000169486 
2818 0.000123809 
2819 0.000391032 
2820 0.000221036 
2821 0.000137593 
2822 0.000150794 
2823 0.000126431 
2824 0.00028068 
2825 0.000167845 
2826 0.000123608 
2827 0.000369187 
2828 0.000209928 
2829 0.000133426 
2830 0.00016916 
2831 0.000123696 
2832 0.000358113 
2833 0.000206446 
2834 0.000133385 
2835 0.000168413 
2836 0.000123934 
2837 0.000297679 
2838 0.000177787 
2839 0.000127416 
2840 0.00025713 
2841 0.000150751 
2842 0.000133222 
2843 0.000169063 
2844 0.000123712 
2845 0.000303822 
2846 0.000168772 
2847 0.000127146 
2848 0.000211175 
2849 0.000134801 
2850 0.000197371 
2851 0.000126183 
2852 0.000275022 
2853 0.000152614 
2854 0.00014321 
2855 0.000149716 
2856 0.000135198 
2857 0.000157993 
2858 0.000123693 
2859 0.000548582 
2860 0.000309261 
2861 0.000182524 
2862 0.000126206 
2863 0.00022079 
2864 0.000137873 
2865 0.000150815 
2866 0.00012579 
2867 0.000288932 
2868 0.000171041 
2869 0.000123616 
2870 0.000397157 
2871 0.000222692 
2872 0.000137966 
2873 0.000153473 
2874 0.000125634 
2875 0.000303517 
2876 0.00017908 
2877 0.000125461 
2878 0.000236933 
2879 0.000145148 
2880 0.000136225 
2881 0.000143903 
2882 0.000134767 
2883 0.000148453 
2884 0.000129568 
2885 0.000176556 
2886 0.000123761 
2887 0.000488514 
2888 0.000275583 
2889 0.000164893 
2890 0.000123046 
2891 0.00697637 
2892 0.000186158 
2893 0.000168573 
2894 0.000154024 
2895 0.000153339 
2896 0.000141573 
2897 0.000163772 
2898 0.000128963 
2899 0.000428296 
2900 0.00023655 
2901 0.000144609 
2902 0.000145686 
2903 0.000148599 
2904 0.00013263 
2905 0.000204777 
2906 0.000133806 
2907 0.000164792 
2908 0.000125208 
2909 0.000374608 
2910 0.000215348 
2911 0.000137066 
2912 0.000155018 
2913 0.000126353 
2914 0.000329451 
2915 0.000192179 
2916 0.000129356 
2917 0.000196563 
2918 0.000129396 
2919 0.00022066 
2920 0.000139971 
2921 0.000140412 
2922 0.000145233 
2923 0.000132354 
2924 0.000182971 
2925 0.000126719 
2926 0.000250625 
2927 0.000151163 
2928 0.000129558 
2929 0.000192599 
2930 0.00012824 
2931 0.000245083 
2932 0.000150888 
2933 0.000127653 
2934 0.000261696 
2935 0.000158474 
2936 0.000124865 
2937 0.00049881 
2938 0.000281887 
2939 0.00016821 
2940 0.000124259 
2941 0.000362227 
2942 0.000206758 
2943 0.000132717 
2944 0.00017914 
2945 0.000125752 
2946 0.000280902 
2947 0.000165399 
2948 0.000124244 
2949 0.000388174 
2950 0.000220366 
2951 0.000138336 
2952 0.000149174 
2953 0.000128165 
2954 0.000241348 
2955 0.000148882 
2956 0.000128524 
2957 0.000232882 
2958 0.000145164 
2959 0.00013173 
2960 0.000186809 
2961 0.000127622 
2962 0.00021745 
2963 0.000136569 
2964 0.000156721 
2965 0.000124983 
2966 0.000443458 
2967 0.00025228 
2968 0.000154032 
2969 0.000125771 
2970 0.000349123 
2971 0.000202943 
2972 0.000132895 
2973 0.000162322 
2974 0.000124539 
2975 0.000366809 
2976 0.000208465 
2977 0.000133301 
2978 0.000173908 
2979 0.000124743 
2980 0.000344722 
2981 0.000197997 
2982 0.000129685 
2983 0.000211107 
2984 0.000135994 
2985 0.000149046 
2986 0.000130828 
2987 0.000175723 
2988 0.000124431 
2989 0.000550072 
2990 0.000309093 
2991 0.000181959 
2992 0.00012634 
2993 0.000249312 
2994 0.000150219 
2995 0.000129801 
2996 0.000184203 
2997 0.000125889 
2998 0.000335803 
2999 0.000195326 
3000 0.000130228 
3001 0.000180638 
3002 0.000125158 
3003 0.00040842 
3004 0.000233514 
3005 0.000145711 
3006 0.000130863 
3007 0.000194903 
3008 0.000130088 
3009 0.000181319 
3010 0.000125277 
3011 0.000392382 
3012 0.000225848 
3013 0.000142117 
3014 0.000135114 
3015 0.000162656 
3016 0.000123997 
3017 0.000448335 
3018 0.000254438 
3019 0.000155199 
3020 0.000125147 
3021 0.000402741 
3022 0.000231234 
3023 0.000144381 
3024 0.000132134 
3025 0.000181876 
3026 0.000126307 
3027 0.00024575 
3028 0.000148838 
3029 0.000130923 
3030 0.000173637 
3031 0.00012413 
3032 0.000587734 
3033 0.000330853 
3034 0.00019337 
3035 0.00012959 
3036 0.000184944 
3037 0.000125986 
3038 0.000323943 
3039 0.000189936 
3040 0.000128487 
3041 0.00019901 
3042 0.000129911 
3043 0.000205883 
3044 0.000134023 
3045 0.000156123 
3046 0.000126106 
3047 0.000251377 
3048 0.000151338 
3049 0.000128746 
3050 0.000194683 
3051 0.000128595 
3052 0.000227928 
3053 0.000143081 
3054 0.000133533 
3055 0.00017132 
3056 0.000124303 
3057 0.000370278 
3058 0.000210842 
3059 0.000134026 
3060 0.000168083 
3061 0.000123979 
3062 0.000373634 
3063 0.000212194 
3064 0.000134627 
3065 0.000164694 
3066 0.000123838 
3067 0.000126041 
3068 0.000344444 
3069 0.000190528 
3070 0.000126064 
3071 0.000328693 
3072 0.000166306 
3073 0.000133185 
3074 0.000157322 
3075 0.000125504 
3076 0.000276374 
3077 0.000162882 
3078 0.000124316 
3079 0.000349451 
3080 0.000203403 
3081 0.000132763 
3082 0.000169872 
3083 0.000124368 
3084 0.000321849 
3085 0.000195156 
3086 0.000132194 
3087 0.000165968 
3088 0.000124538 
3089 0.000279919 
3090 0.000181514 
3091 0.000130764 
3092 0.000207837 
3093 0.000144409 
3094 0.000133375 
3095 0.000157626 
3096 0.000124299 
3097 0.000404355 
3098 0.000217001 
3099 0.000355755 
3100 0.000176542 
3101 0.000125535 
3102 0.000319011 
3103 0.00020147 
3104 0.000139091 
3105 0.000131268 
3106 0.000181748 
3107 0.000127272 
3108 0.000203793 
3109 0.00013352 
3110 0.000165062 
3111 0.000123989 
3112 0.000350763 
3113 0.000196235 
3114 0.000126659 
3115 0.000604084 
3116 0.00013661 
3117 0.000242919 
3118 0.000185548 
3119 0.000159388 
3120 0.000136147 
3121 0.000167832 
3122 0.000123805 
3123 0.000551255 
3124 0.000265071 
3125 0.000135468 
3126 0.000271002 
3127 0.00014126 
3128 0.000153674 
3129 0.000133196 
3130 0.000155688 
3131 0.000125653 
3132 0.000259667 
3133 0.000155193 
3134 0.000126211 
3135 0.000240325 
3136 0.00014642 
3137 0.000132883 
3138 0.000158932 
3139 0.000124816 
3140 0.000302214 
3141 0.000176161 
3142 0.000124214 
3143 0.000524647 
3144 0.000295603 
3145 0.000175772 
3146 0.000124853 
3147 0.000298004 
3148 0.000174069 
3149 0.000123941 
3150 0.000583525 
3151 0.000328462 
3152 0.000191919 
3153 0.000128952 
3154 0.000189472 
3155 0.00012686 
3156 0.000271009 
3157 0.000163153 
3158 0.000123618 
3159 0.000337664 
3160 0.000207166 
3161 0.000139858 
3162 0.000130599 
3163 0.000190138 
3164 0.000128705 
3165 0.000187866 
3166 0.00012671 
3167 0.000265184 
3168 0.000161388 
3169 0.00012356 
3170 0.000366998 
3171 0.000187995 
3172 0.000125835 
3173 0.000285232 
3174 0.000188664 
3175 0.000134503 
3176 0.000260675 
3177 0.000130135 
3178 0.000281134 
3179 0.000131978 
3180 0.000334444 
3181 0.000156958 
3182 0.000216003 
3183 0.000176323 
3184 0.000128419 
3185 0.000186067 
3186 0.00012708 
3187 0.000237157 
3188 0.000150915 
3189 0.000124812 
3190 0.000439095 
3191 0.000237152 
3192 0.000140638 
3193 0.000153539 
3194 0.000128808 
3195 0.000185109 
3196 0.00012598 
3197 0.000289083 
3198 0.000173825 
3199 0.000124651 
3200 0.000280765 
3201 0.000169108 
3202 0.000123713 
3203 0.000507965 
3204 0.000320709 
3205 0.000210214 
3206 0.00014697 
3207 0.000127621 
3208 0.000274932 
3209 0.000162585 
3210 0.000125166 
3211 0.000432689 
3212 0.000254902 
3213 0.00016056 
3214 0.000159082 
3215 0.000123647 
3216 0.000449346 
3217 0.000194551 
3218 0.000152869 
3219 0.000127238 
3220 0.000242275 
3221 0.000150985 
3222 0.000125271 
3223 0.000343256 
3224 0.000197833 
3225 0.000130156 
3226 0.000187434 
3227 0.00012576 
3228 0.000321299 
3229 0.000183863 
3230 0.000125546 
3231 0.000340326 
3232 0.000180546 
3233 0.000130808 
3234 0.000171831 
3235 0.000124717 
3236 0.000456696 
3237 0.000288427 
3238 0.000187953 
3239 0.000131973 
3240 0.000226895 
3241 0.000142871 
3242 0.000148668 
3243 0.000129099 
3244 0.00018113 
3245 0.000124741 
3246 0.000371971 
3247 0.000215799 
3248 0.000137967 
3249 0.000139718 
3250 0.000142849 
3251 0.000131771 
3252 0.000177095 
3253 0.000124833 
3254 0.000270072 
3255 0.000160715 
3256 0.000123753 
3257 0.000345897 
3258 0.000198364 
3259 0.000129475 
3260 0.000199681 
3261 0.00013162 
3262 0.00016133 
3263 0.000123606 
3264 0.000360795 
3265 0.000206695 
3266 0.000132369 
3267 0.000172537 
3268 0.00012393 
3269 0.000325605 
3270 0.0001878 
3271 0.000126225 
3272 0.000271003 
3273 0.00016325 
3274 0.000123083 
3275 0.000124772 
3276 0.000222942 
3277 0.000149765 
3278 0.000124232 
3279 0.000452896 
3280 0.000188665 
3281 0.000160442 
3282 0.000124243 
3283 0.000360027 
3284 0.00021971 
3285 0.000145788 
3286 0.000125594 
3287 0.000326613 
3288 0.000184379 
3289 0.000125106 
3290 0.000364923 
3291 0.000180129 
3292 0.000145187 
3293 0.000133688 
3294 0.000165403 
3295 0.00012296 
3296 0.000328832 
3297 0.000187936 
3298 0.000125931 
3299 0.000309199 
3300 0.000180239 
3301 0.000125561 
3302 0.000357318 
3303 0.000191386 
3304 0.000153925 
3305 0.000128632 
3306 0.000231462 
3307 0.000144873 
3308 0.000130889 
3309 0.000183322 
3310 0.000126169 
3311 0.00021516 
3312 0.000135574 
3313 0.000153443 
3314 0.000123971 
3315 0.000403247 
3316 0.000231436 
3317 0.000144664 
3318 0.00012882 
3319 0.000202026 
3320 0.000132342 
3321 0.000155077 
3322 0.00012472 
3323 0.000253919 
3324 0.000152621 
3325 0.00012582 
3326 0.000221453 
3327 0.00013783 
3328 0.000145469 
3329 0.000128068 
3330 0.000213259 
3331 0.000136784 
3332 0.000140436 
3333 0.000139322 
3334 0.000135368 
3335 0.000153746 
3336 0.000123785 
3337 0.000419226 
3338 0.000240918 
3339 0.000148982 
3340 0.000125647 
3341 0.000274993 
3342 0.000165532 
3343 0.000122747 
3344 0.000352537 
3345 0.000202205 
3346 0.000130545 
3347 0.000181762 
3348 0.000125592 
3349 0.000222438 
3350 0.000138343 
3351 0.000143699 
3352 0.000129318 
3353 0.000193136 
3354 0.000129075 
3355 0.000174281 
3356 0.000123099 
3357 0.00052511 
3358 0.000296535 
3359 0.00017616 
3360 0.000124192 
3361 0.000266987 
3362 0.000158803 
3363 0.000123263 
3364 0.000326299 
3365 0.000189058 
3366 0.000126283 
3367 0.000245531 
3368 0.000151178 
3369 0.000124254 
3370 0.00034315 
3371 0.000199711 
3372 0.00013134 
3373 0.000157952 
3374 0.000123377 
3375 0.000311479 
3376 0.000181583 
3377 0.000124335 
3378 0.000331652 
3379 0.00019408 
3380 0.000129416 
3381 0.000168968 
3382 0.000122454 
3383 0.000491968 
3384 0.000282674 
3385 0.000171225 
3386 0.000123442 
3387 0.000279703 
3388 0.000170228 
3389 0.000123179 
3390 0.000358056 
3391 0.000226921 
3392 0.000153041 
3393 0.000123297 
3394 0.000766811 
3395 0.000224554 
3396 0.000151183 
3397 0.000124569 
3398 0.000254356 
3399 0.000144159 
3400 0.000152328 
3401 0.000126047 
3402 0.000232571 
3403 0.000146476 
3404 0.000125376 
3405 0.000265483 
3406 0.000160523 
3407 0.000122111 
3408 0.000329658 
3409 0.000203297 
3410 0.000138484 
3411 0.000136245 
3412 0.000140017 
3413 0.000130738 
3414 0.00017257 
3415 0.000123091 
3416 0.000292742 
3417 0.000171944 
3418 0.000122322 
3419 0.000536035 
3420 0.000308168 
3421 0.000184827 
3422 0.00012693 
3423 0.000179326 
3424 0.000124129 
3425 0.000281613 
3426 0.000173417 
3427 0.000124469 
3428 0.000208006 
3429 0.000137234 
3430 0.000134705 
3431 0.000139406 
3432 0.000137203 
3433 0.000136047 
3434 0.000146462 
3435 0.000125481 
3436 0.00024728 
3437 0.000151954 
3438 0.000122978 
3439 0.000397564 
3440 0.000229193 
3441 0.000143451 
3442 0.00012765 
3443 0.000202114 
3444 0.000132005 
3445 0.000150117 
3446 0.000125429 
3447 0.000206186 
3448 0.000131852 
3449 0.000163701 
3450 0.000121757 
3451 0.000334385 
3452 0.000193263 
3453 0.000127063 
3454 0.000208918 
3455 0.000134774 
3456 0.000140792 
3457 0.000134828 
3458 0.00014054 
3459 0.000135199 
3460 0.000139536 
3461 0.000137118 
3462 0.000135605 
3463 0.000146854 
3464 0.000124863 
3465 0.00025789 
3466 0.000156989 
3467 0.00012171 
3468 0.000580679 
3469 0.000327438 
3470 0.00019198 
3471 0.000128163 
3472 0.000168947 
3473 0.000121549 
3474 0.000573644 
3475 0.0003238 
3476 0.000190173 
3477 0.000127473 
3478 0.000173469 
3479 0.000121945 
3480 0.000482688 
3481 0.000274635 
3482 0.000165005 
3483 0.000121395 
3484 0.000365112 
3485 0.000207838 
3486 0.000131498 
3487 0.000164326 
3488 0.000121237 
3489 0.000347843 
3490 0.000192625 
3491 0.000124976 
3492 0.000300531 
3493 0.000168296 
3494 0.000124378 
3495 0.000214107 
3496 0.000142312 
3497 0.000126882 
3498 0.000196131 
3499 0.00013009 
3500 0.000151575 
3501 0.000123084 
3502 0.000245525 
3503 0.000148086 
3504 0.000125601 
3505 0.000188384 
3506 0.000125262 
3507 0.000226791 
3508 0.000142302 
3509 0.000126778 
3510 0.00020017 
3511 0.000130929 
3512 0.000150093 
3513 0.000123976 
3514 0.000215295 
3515 0.000134999 
3516 0.000145502 
3517 0.000124427 
3518 0.000248111 
3519 0.000151984 
3520 0.000121722 
3521 0.000445185 
3522 0.000254875 
3523 0.000155326 
3524 0.000121044 
3525 0.000578561 
3526 0.000327539 
3527 0.000191937 
3528 0.000127808 
3529 0.000164637 
3530 0.000120652 
3531 0.000201027 
3532 0.000130931 
3533 0.000147246 
3534 0.000124927 
3535 0.000190629 
3536 0.000125666 
3537 0.000208872 
3538 0.000134265 
3539 0.000137363 
3540 0.000137423 
3541 0.000131415 
3542 0.000156745 
3543 0.000120448 
3544 0.000484452 
3545 0.000276152 
3546 0.000165738 
3547 0.000120633 
3548 0.000346161 
3549 0.000198884 
3550 0.00012831 
3551 0.000173832 
3552 0.000122064 
3553 0.000246943 
3554 0.000148854 
3555 0.0001233 
3556 0.000210943 
3557 0.000132933 
3558 0.000148404 
3559 0.000121699 
3560 0.000343515 
3561 0.000200252 
3562 0.00013063 
3563 0.000146072 
3564 0.000124947 
3565 0.000183788 
3566 0.000123397 
3567 0.000250583 
3568 0.000152903 
3569 0.000120415 
3570 0.000534623 
3571 0.000303421 
3572 0.000179579 
3573 0.000123433 
3574 0.000204878 
3575 0.000130504 
3576 0.000157573 
3577 0.000119854 
3578 0.000229778 
3579 0.000143008 
3580 0.000123668 
3581 0.000230525 
3582 0.000143787 
3583 0.000123155 
3584 0.000244797 
3585 0.000150562 
3586 0.000120353 
3587 0.00045406 
3588 0.000259919 
3589 0.000157585 
3590 0.000119481 
3591 0.000149519 
3592 0.000120508 
3593 0.000397482 
3594 0.000231541 
3595 0.000145453 
3596 0.00012202 
3597 0.000266948 
3598 0.000160389 
3599 0.000119923 
3600 0.000466314 
3601 0.000288397 
3602 0.00017428 
3603 0.000120502 
3604 0.000539187 
3605 0.000224129 
3606 0.00016977 
3607 0.000124154 
3608 0.000579559 
3609 0.000334389 
3610 0.000200901 
3611 0.000148427 
3612 0.000164105 
3613 0.000119412 
3614 0.00030772 
3615 0.000180937 
3616 0.000123463 
3617 0.000253576 
3618 0.000156774 
3619 0.000121614 
3620 0.000369617 
3621 0.000211726 
3622 0.000150795 
3623 0.000150609 
3624 0.000134174 
3625 0.000138579 
3626 0.000125933 
3627 0.000177499 
3628 0.000121951 
3629 0.000203322 
3630 0.000129092 
3631 0.00015572 
3632 0.000118464 
3633 0.000292383 
3634 0.000177009 
3635 0.00012258 
3636 0.000180401 
3637 0.000122159 
3638 0.000228787 
3639 0.000144439 
3640 0.000120065 
3641 0.000310849 
3642 0.000184243 
3643 0.000124172 
3644 0.000166667 
3645 0.000118565 
3646 0.00050353 
3647 0.000291095 
3648 0.000175439 
3649 0.000121778 
3650 0.000191729 
3651 0.00012598 
3652 0.000166336 
3653 0.000119526 
3654 0.000250089 
3655 0.000153258 
3656 0.00011839 
3657 0.000371176 
3658 0.00018481 
3659 0.000120046 
3660 0.000268208 
3661 0.00016217 
3662 0.000121523 
3663 0.000181946 
3664 0.000122984 
3665 0.000210112 
3666 0.000137499 
3667 0.000124964 
3668 0.000186744 
3669 0.000124172 
3670 0.000168521 
3671 0.000118318 
3672 0.000591627 
3673 0.000316837 
3674 0.000172901 
3675 0.000120624 
3676 0.000281816 
3677 0.000168584 
3678 0.000120719 
3679 0.000653565 
3680 0.000221885 
3681 0.000273778 
3682 0.000198504 
3683 0.000147736 
3684 0.00020991 
3685 0.000143941 
3686 0.000246752 
3687 0.000132671 
3688 0.000137148 
3689 0.000123537 
3690 0.000186825 
3691 0.000124827 
3692 0.000155287 
3693 0.000117471 
3694 0.000357825 
3695 0.000200653 
3696 0.00012619 
3697 0.000168753 
3698 0.000118293 
3699 0.000312457 
3700 0.000170915 
3701 0.00011736 
3702 0.000497863 
3703 0.000319269 
3704 0.000161577 
3705 0.000125105 
3706 0.000180206 
3707 0.000120031 
3708 0.000236577 
3709 0.000135426 
3710 0.000141878 
3711 0.000122697 
3712 0.000195049 
3713 0.000126265 
3714 0.000148537 
3715 0.000118655 
3716 0.000242617 
3717 0.000146305 
3718 0.000119052 
3719 0.0002269 
3720 0.000138875 
3721 0.000124395 
3722 0.000154746 
3723 0.000116911 
3724 0.000350228 
3725 0.00020044 
3726 0.000127494 
3727 0.000150327 
3728 0.000116776 
3729 0.000557447 
3730 0.00031602 
3731 0.000185692 
3732 0.000123626 
3733 0.000156361 
3734 0.000116372 
3735 0.000242433 
3736 0.000145817 
3737 0.000118321 
3738 0.000225115 
3739 0.000137674 
3740 0.00012394 
3741 0.000151999 
3742 0.000116426 
3743 0.00033992 
3744 0.000195602 
3745 0.000125372 
3746 0.000157061 
3747 0.000116109 
3748 0.000347793 
3749 0.000200322 
3750 0.000127162 
3751 0.000146808 
3752 0.000116308 
3753 0.000492757 
3754 0.00028166 
3755 0.000167541 
3756 0.000117659 
3757 0.000233289 
3758 0.000141499 
3759 0.00011977 
3760 0.000184774 
3761 0.000121354 
3762 0.000189363 
3763 0.000124696 
3764 0.00014518 
3765 0.000117636 
3766 0.000230753 
3767 0.00014033 
3768 0.000120438 
3769 0.000174574 
3770 0.000118245 
3771 0.000260756 
3772 0.000157333 
3773 0.000115745 
3774 0.00034687 
3775 0.000199904 
3776 0.000126796 
3777 0.000145865 
3778 0.000115948 
3779 0.000471751 
3780 0.000268782 
3781 0.00016154 
3782 0.000116107 
3783 0.000293644 
3784 0.000171167 
3785 0.000117123 
3786 0.000300059 
3787 0.000176491 
3788 0.000119631 
3789 0.000184229 
3790 0.000120756 
3791 0.000190268 
3792 0.00012443 
3793 0.000145724 
3794 0.000116751 
3795 0.000240995 
3796 0.000145335 
3797 0.000116704 
3798 0.000248377 
3799 0.000148311 
3800 0.000115927 
3801 0.000276213 
3802 0.000163788 
3803 0.00011593 
3804 0.000416207 
3805 0.000249118 
3806 0.000158689 
3807 0.000119627 
3808 0.000154108 
3809 0.000117292 
3810 0.000297017 
3811 0.000166554 
3812 0.000124168 
3813 0.000143358 
3814 0.000117222 
3815 0.000224064 
3816 0.000136547 
3817 0.000123011 
3818 0.000146986 
3819 0.000115732 
3820 0.000279895 
3821 0.000164139 
3822 0.000115381 
3823 0.000435475 
3824 0.00024824 
3825 0.000150001 
3826 0.000114881 
3827 0.000590614 
3828 0.000344556 
3829 0.000206737 
3830 0.00013296 
3831 0.000145945 
3832 0.000133704 
3833 0.000125896 
3834 0.000133566 
3835 0.000124493 
3836 0.00013813 
3837 0.00011943 
3838 0.000168554 
3839 0.000115923 
3840 0.000314635 
3841 0.000184889 
3842 0.000122313 
3843 0.000146818 
3844 0.000115019 
3845 0.000285235 
3846 0.000167072 
3847 0.000115512 
3848 0.000337453 
3849 0.000196358 
3850 0.00012678 
3851 0.000130674 
3852 0.000128612 
3853 0.000126687 
3854 0.000138858 
3855 0.000116303 
3856 0.000274052 
3857 0.000163805 
3858 0.000115652 
3859 0.000238639 
3860 0.000143698 
3861 0.000115678 
3862 0.000237274 
3863 0.00014304 
3864 0.000115866 
3865 0.000227519 
3866 0.000138218 
3867 0.000118546 
3868 0.000173383 
3869 0.000116876 
3870 0.000241814 
3871 0.000147607 
3872 0.000113849 
3873 0.000483211 
3874 0.000274845 
3875 0.000164144 
3876 0.000115393 
3877 0.000227731 
3878 0.000138427 
3879 0.000117612 
3880 0.000178797 
3881 0.000118258 
3882 0.00019734 
3883 0.000126955 
3884 0.000127763 
3885 0.000132624 
3886 0.000119494 
3887 0.000179574 
3888 0.000120003 
3889 0.000154618 
3890 0.000113311 
3891 0.000246212 
3892 0.000149825 
3893 0.000112909 
3894 0.000184286 
3895 0.000119748 
3896 0.000166857 
3897 0.000115571 
3898 0.000196202 
3899 0.000124325 
3900 0.000139752 
3901 0.000113729 
3902 0.000354636 
3903 0.000206616 
3904 0.000130779 
3905 0.000119343 
3906 0.000168822 
3907 0.000116015 
3908 0.000186432 
3909 0.000120412 
3910 0.000159961 
3911 0.000113748 
3912 0.000252192 
3913 0.000149969 
3914 0.0001124 
3915 0.000301804 
3916 0.000175665 
3917 0.000116612 
3918 0.000200012 
3919 0.000127718 
3920 0.000122359 
3921 0.000145379 
3922 0.000112118 
3923 0.000452333 
3924 0.00025681 
3925 0.000154271 
3926 0.000112108 
3927 0.000329444 
3928 0.000186145 
3929 0.000118661 
3930 0.000172337 
3931 0.000115449 
3932 0.00019234 
3933 0.000119803 
3934 0.000168407 
3935 0.000113726 
3936 0.000254861 
3937 0.000139172 
3938 0.000122424 
3939 0.000139163 
3940 0.000115254 
3941 0.000182813 
3942 0.000118365 
3943 0.000168616 
3944 0.000115125 
3945 0.000184072 
3946 0.000118636 
3947 0.000165935 
3948 0.000114233 
3949 0.000202578 
3950 0.000125467 
3951 0.000132352 
3952 0.000116143 
3953 0.000194113 
3954 0.000124652 
3955 0.000125699 
3956 0.000129758 
3957 0.000117906 
3958 0.000169455 
3959 0.000115542 
3960 0.000173134 
3961 0.000115325 
3962 0.000207911 
3963 0.000130827 
3964 0.000116695 
3965 0.000183064 
3966 0.000120318 
3967 0.000137936 
3968 0.000113952 
3969 0.000198874 
3970 0.000124872 
3971 0.000131354 
3972 0.000115989 
3973 0.000192047 
3974 0.000123924 
3975 0.000126419 
3976 0.000127298 
3977 0.000120366 
3978 0.000149168 
3979 0.000111172 
3980 0.000312972 
3981 0.000179232 
3982 0.000117072 
3983 0.000172112 
3984 0.000116433 
3985 0.000157109 
3986 0.000111382 
3987 0.000451448 
3988 0.000262779 
3989 0.00016035 
3990 0.000114152 
3991 0.0002151 
3992 0.000133769 
3993 0.000120232 
3994 0.000130909 
3995 0.000117239 
3996 0.000150255 
3997 0.000110578 
3998 0.000195925 
3999 0.000167872 
4000 0.000119205 
4001 0.000159043 
4002 0.000110701 
4003 0.000371902 
4004 0.000186636 
4005 0.000112611 
4006 0.00038165 
4007 0.000153478 
4008 0.0001417 
4009 0.000123 
4010 0.00013357 
4011 0.000117726 
4012 0.000147226 
4013 0.00011011 
4014 0.000335045 
4015 0.000188648 
4016 0.000119163 
4017 0.000145932 
4018 0.000109661 
4019 0.00014637 
4020 0.000233802 
4021 0.000127726 
4022 0.000123597 
4023 0.000134061 
4024 0.000112906 
4025 0.000219584 
4026 0.000132453 
4027 0.000112808 
4028 0.000216109 
4029 0.000130734 
4030 0.00011387 
4031 0.000192219 
4032 0.000120977 
4033 0.000128835 
4034 0.000118727 
4035 0.000136231 
4036 0.000112191 
4037 0.000193197 
4038 0.000119663 
4039 0.000141564 
4040 0.000109295 
4041 0.000497265 
4042 0.000275246 
4043 0.000158701 
4044 0.000110097 
4045 0.000251265 
4046 0.000144611 
4047 0.000109037 
4048 0.000327771 
4049 0.000183354 
4050 0.000116027 
4051 0.000159641 
4052 0.000110248 
4053 0.000231936 
4054 0.000136379 
4055 0.000111169 
4056 0.000200866 
4057 0.000122759 
4058 0.000127446 
4059 0.000115224 
4060 0.000165873 
4061 0.000111618 
4062 0.000190932 
4063 0.000118524 
4064 0.000142571 
4065 0.000108443 
4066 0.000486069 
4067 0.000267943 
4068 0.000153251 
4069 0.000109027 
4070 0.000290135 
4071 0.000156935 
4072 0.000108706 
4073 0.000251521 
4074 0.000210915 
4075 0.000125834 
4076 0.000158611 
4077 0.000111881 
4078 0.000208166 
4079 0.000118589 
4080 0.000288184 
4081 0.000109813 
4082 0.000484379 
4083 0.000208355 
4084 0.000156516 
4085 0.000122917 
4086 0.000155995 
4087 0.000108047 
4088 0.000477004 
4089 0.000248241 
4090 0.000140863 
4091 0.00013858 
4092 0.00011281 
4093 0.000157414 
4094 0.000109352 
4095 0.000249644 
4096 0.00015416 
4097 0.000109582 
4098 0.000186685 
4099 0.000120837 
4100 0.000121378 
4101 0.000114963 
4102 0.000143391 
4103 0.000107054 
4104 0.000305783 
4105 0.00018179 
4106 0.000118289 
4107 0.000126469 
4108 0.000109666 
4109 0.000211469 
4110 0.000133461 
4111 0.000106959 
4112 0.000439841 
4113 0.000258538 
4114 0.00015796 
4115 0.000110125 
4116 0.000164439 
4117 0.000110977 
4118 0.000176238 
4119 0.000117014 
4120 0.000122378 
4121 0.000116661 
4122 0.000123234 
4123 0.000115409 
4124 0.000127282 
4125 0.000110798 
4126 0.000155152 
4127 0.000108112 
4128 0.000256342 
4129 0.000156267 
4130 0.000109442 
4131 0.0001714 
4132 0.00011333 
4133 0.00014865 
4134 0.000107376 
4135 0.000226313 
4136 0.00013873 
4137 0.00010607 
4138 0.000296123 
4139 0.000176868 
4140 0.000114254 
4141 0.000140839 
4142 0.000105777 
4143 0.000309467 
4144 0.000176947 
4145 0.00011282 
4146 0.000161191 
4147 0.000108876 
4148 0.000192573 
4149 0.000117037 
4150 0.000142668 
4151 0.000105439 
4152 0.000498123 
4153 0.000404347 
4154 0.000340791 
4155 0.000254669 
4156 0.000230764 
4157 0.000178544 
4158 0.000196125 
4159 0.000154045 
4160 0.000135679 
4161 0.000117298 
4162 0.000123138 
4163 0.000113423 
4164 0.000127798 
4165 0.000107578 
4166 0.000174481 
4167 0.000113906 
4168 0.000133407 
4169 0.00010464 
4170 0.000447616 
4171 0.000262619 
4172 0.000159563 
4173 0.000109442 
4174 0.000144616 
4175 0.00010449 
4176 0.000429716 
4177 0.000252776 
4178 0.000154445 
4179 0.000107576 
4180 0.00016087 
4181 0.000108437 
4182 0.000171573 
4183 0.000113978 
4184 0.000120336 
4185 0.000112753 
4186 0.000124474 
4187 0.0001081 
4188 0.000152748 
4189 0.00010593 
4190 0.000235074 
4191 0.000144881 
4192 0.000104865 
4193 0.000226486 
4194 0.00013829 
4195 0.000103575 
4196 0.000107844 
4197 0.000147645 
4198 0.000104183 
4199 0.000306421 
4200 0.000182539 
4201 0.000118073 
4202 0.000110407 
4203 0.00014083 
4204 0.000103492 
4205 0.00026622 
4206 0.000158157 
4207 0.000106812 
4208 0.000180225 
4209 0.000117096 
4210 0.000111257 
4211 0.000134609 
4212 0.000102707 
4213 0.000182169 
4214 0.000114478 
4215 0.000122654 
4216 0.000105183 
4217 0.000202305 
4218 0.000127938 
4219 0.000102595 
4220 0.000420771 
4221 0.000248123 
4222 0.000151387 
4223 0.000105568 
4224 0.000158712 
4225 0.000106747 
4226 0.000164156 
4227 0.000110206 
4228 0.000123912 
4229 0.000104945 
4230 0.000166389 
4231 0.000109536 
4232 0.000137412 
4233 0.000102146 
4234 0.00028594 
4235 0.000169765 
4236 0.000110828 
4237 0.000129225 
4238 0.000101753 
4239 0.000454628 
4240 0.000266601 
4241 0.000160823 
4242 0.00010847 
4243 0.000127381 
4244 0.000102238 
4245 0.000226579 
4246 0.000137981 
4247 0.000101243 
4248 0.000454771 
4249 0.000267794 
4250 0.000163003 
4251 0.000109613 
4252 0.000118567 
4253 0.000106686 
4254 0.000133409 
4255 0.000100649 
4256 0.00016016 
4257 0.000106139 
4258 0.000149128 
4259 0.000103619 
4260 0.000158558 
4261 0.000105455 
4262 0.00015661 
4263 0.000106059 
4264 0.000134152 
4265 0.00010005 
4266 0.000110058 
4267 0.000614793 
4268 0.000535243 
4269 0.000175388 
4270 0.000238825 
4271 0.000105605 
4272 0.000125691 
4273 0.000100028 
4274 0.000616607 
4275 0.000295897 
4276 0.000158672 
4277 0.000100787 
4278 0.000452703 
4279 0.000124299 
4280 0.000171895 
4281 0.000128116 
4282 0.000111947 
4283 0.000123004 
4284 9.96724e-05 
4285 0.000519095 
4286 0.000195205 
4287 0.000123917 
4288 0.000101581 
4289 0.000158677 
4290 0.000105418 
4291 0.000135549 
4292 9.93469e-05 
4293 0.000228685 
4294 0.000139925 
4295 9.96842e-05 
4296 0.000262273 
4297 0.000162896 
4298 0.000110074 
4299 0.000106535 
4300 0.000126356 
4301 9.82965e-05 
4302 0.000201216 
4303 0.000114128 
4304 0.000121264 
4305 0.000102979 
4306 0.00013321 
4307 9.77796e-05 
4308 0.000434862 
4309 0.00025429 
4310 0.000153628 
4311 0.000103808 
4312 0.000124751 
4313 9.76377e-05 
4314 0.000259834 
4315 0.000155322 
4316 0.000103275 
4317 0.00013949 
4318 9.92299e-05 
4319 0.0001718 
4320 0.000110176 
4321 0.000109323 
4322 0.000106039 
4323 0.000121817 
4324 9.72466e-05 
4325 0.000423224 
4326 0.0002482 
4327 0.000150059 
4328 0.000102258 
4329 0.000129856 
4330 9.66461e-05 
4331 0.000201159 
4332 0.000121662 
4333 9.74225e-05 
4334 0.000262243 
4335 0.000158458 
4336 0.000105578 
4337 0.000110579 
4338 0.000105208 
4339 0.000111547 
4340 0.000103603 
4341 0.000116867 
4342 9.85848e-05 
4343 0.000160017 
4344 0.000104504 
4345 0.0001218 
4346 9.59704e-05 
4347 0.000430975 
4348 0.000253322 
4349 0.000153337 
4350 0.000103066 
4351 0.000116334 
4352 9.80572e-05 
4353 0.000159875 
4354 0.000104233 
4355 0.000119851 
4356 9.56323e-05 
4357 0.000413942 
4358 0.000243386 
4359 0.000147986 
4360 0.000100832 
4361 0.00012504 
4362 9.50575e-05 
4363 0.00023038 
4364 0.000138758 
4365 9.6513e-05 
4366 0.00022072 
4367 0.000135962 
4368 9.66257e-05 
4369 0.000170568 
4370 0.000108611 
4371 0.000104085 
4372 0.000108555 
4373 0.000104074 
4374 0.000108538 
4375 0.000104145 
4376 0.000108292 
4377 0.000104651 
4378 0.000107092 
4379 0.000106882 
4380 0.000102692 
4381 0.000121179 
4382 9.44233e-05 
4383 0.000315387 
4384 0.000187363 
4385 0.000118254 
4386 9.40546e-05 
4387 0.000417887 
4388 0.000245132 
4389 0.000148991 
4390 0.00010048 
4391 0.000116009 
4392 9.5027e-05 
4393 0.000184275 
4394 0.000114596 
4395 9.56105e-05 
4396 0.000165202 
4397 0.000105799 
4398 0.000105724 
4399 0.000101481 
4400 0.000119928 
4401 9.33477e-05 
4402 0.000283676 
4403 0.000169685 
4404 0.000109323 
4405 9.6072e-05 
4406 0.000167505 
4407 0.000108277 
4408 9.67609e-05 
4409 0.000154305 
4410 0.000102334 
4411 0.000105716 
4412 0.000103467 
4413 0.000103283 
4414 0.000109356 
4415 9.57675e-05 
4416 0.000170561 
4417 0.000109681 
4418 9.54421e-05 
4419 0.000177555 
4420 0.000113146 
4421 9.36024e-05 
4422 0.000268807 
4423 0.000161046 
4424 0.000105221 
4425 9.95189e-05 
4426 0.000124004 
4427 9.26122e-05 
4428 0.000264318 
4429 0.000156529 
4430 0.000101599 
4431 0.000112337 
4432 9.33563e-05 
4433 0.000257419 
4434 0.000154844 
4435 0.000102339 
4436 0.000103561 
4437 0.000106023 
4438 9.76004e-05 
4439 0.000134385 
4440 9.46015e-05 
4441 0.000153718 
4442 0.000100351 
4443 0.000116336 
4444 9.21238e-05 
4445 0.000417402 
4446 0.000244313 
4447 0.000147873 
4448 9.92236e-05 
4449 0.000110477 
4450 9.48826e-05 
4451 0.000141063 
4452 9.53873e-05 
4453 0.00015527 
4454 0.00010231 
4455 0.000101636 
4456 0.000108603 
4457 9.41198e-05 
4458 0.000181219 
4459 0.000114567 
4460 9.17406e-05 
4461 0.000386849 
4462 0.000226957 
4463 0.000138681 
4464 9.55282e-05 
4465 0.000128828 
4466 9.1869e-05 
4467 0.000304986 
4468 0.000181341 
4469 0.000114667 
4470 9.1215e-05 
4471 0.000404798 
4472 0.000237585 
4473 0.000144081 
4474 9.73118e-05 
4475 0.000113259 
4476 9.18328e-05 
4477 0.000190532 
4478 0.00011722 
4479 9.07806e-05 
4480 0.000260133 
4481 0.000154119 
4482 9.99005e-05 
4483 0.000109132 
4484 9.19423e-05 
4485 0.000222178 
4486 0.000135924 
4487 9.41218e-05 
4488 0.000131794 
4489 9.19166e-05 
4490 0.000216671 
4491 0.000132707 
4492 9.3017e-05 
4493 0.000145364 
4494 9.62501e-05 
4495 0.000126546 
4496 9.13307e-05 
4497 0.000187525 
4498 0.000115554 
4499 9.03969e-05 
4500 0.000245897 
4501 0.00014655 
4502 9.66593e-05 
4503 0.000121352 
4504 9.01835e-05 
4505 0.000248432 
4506 0.000147896 
4507 9.72127e-05 
4508 0.000116214 
4509 8.9661e-05 
4510 9.47991e-05 
4511 0.000140452 
4512 9.07081e-05 
4513 0.000329621 
4514 0.000119025 
4515 8.9678e-05 
4516 0.000189159 
4517 0.000120681 
4518 9.00761e-05 
4519 0.000300989 
4520 0.000187608 
4521 0.00011585 
4522 9.59139e-05 
4523 0.000174147 
4524 0.000102296 
4525 0.000141856 
4526 0.000179771 
4527 0.000256588 
4528 0.000106799 
4529 9.04427e-05 
4530 0.000180905 
4531 0.000108397 
4532 9.40116e-05 
4533 0.000113814 
4534 8.86753e-05 
4535 0.000254525 
4536 0.000150352 
4537 9.72102e-05 
4538 0.0001097 
4539 8.87317e-05 
4540 0.000328214 
4541 0.000194192 
4542 0.000120919 
4543 8.88809e-05 
4544 0.000192204 
4545 0.000118929 
4546 8.93787e-05 
4547 0.00028793 
4548 0.00014415 
4549 8.80619e-05 
4550 0.000340069 
4551 0.000174178 
4552 0.000100276 
4553 0.000116498 
4554 9.00483e-05 
4555 0.000210716 
4556 0.000111919 
4557 0.000104061 
4558 9.79489e-05 
4559 0.00010213 
4560 9.02212e-05 
4561 0.000161688 
4562 0.000103718 
4563 8.9724e-05 
4564 0.000172382 
4565 0.000109141 
4566 8.74657e-05 
4567 0.000363924 
4568 0.00021329 
4569 0.000129851 
4570 9.00917e-05 
4571 0.000137046 
4572 9.14866e-05 
4573 0.000136047 
4574 9.22461e-05 
4575 0.000115244 
4576 8.68133e-05 
4577 0.000144939 
4578 9.62335e-05 
4579 0.000138413 
4580 9.46646e-05 
4581 0.000138122 
4582 9.55023e-05 
4583 0.000104382 
4584 8.77051e-05 
4585 0.000214355 
4586 0.000130825 
4587 9.02372e-05 
4588 0.000122109 
4589 8.69188e-05 
4590 0.000276788 
4591 0.000165132 
4592 0.000105202 
4593 8.7016e-05 
4594 0.000251206 
4595 0.000150637 
4596 9.80703e-05 
4597 9.27298e-05 
4598 0.000113792 
4599 8.59509e-05 
4600 0.000239886 
4601 0.000142707 
4602 9.33969e-05 
4603 0.000108075 
4604 8.57198e-05 
4605 0.000376601 
4606 0.000219643 
4607 0.000132729 
4608 9.01263e-05 
4609 0.000118218 
4610 8.55369e-05 
4611 0.000308547 
4612 0.000177843 
4613 0.000108349 
4614 8.90965e-05 
4615 0.000133541 
4616 9.12753e-05 
4617 0.000103289 
4618 8.71183e-05 
4619 0.000145722 
4620 9.41216e-05 
4621 0.000101636 
4622 8.67642e-05 
4623 0.000185911 
4624 0.000115612 
4625 8.52451e-05 
4626 0.000217049 
4627 0.000130113 
4628 8.81834e-05 
4629 0.000143064 
4630 9.45192e-05 
4631 9.38809e-05 
4632 0.000100936 
4633 8.66982e-05 
4634 0.000178198 
4635 0.000111376 
4636 8.45534e-05 
4637 0.000215588 
4638 0.000128911 
4639 8.74682e-05 
4640 0.000145821 
4641 9.54323e-05 
4642 9.11388e-05 
4643 0.000109523 
4644 8.40636e-05 
4645 0.000101031 
4646 8.64958e-05 
4647 0.000129311 
4648 8.72663e-05 
4649 0.000137291 
4650 9.15123e-05 
4651 9.70228e-05 
4652 9.01617e-05 
4653 0.000101509 
4654 8.58337e-05 
4655 0.000137317 
4656 9.0196e-05 
4657 0.000109396 
4658 8.33763e-05 
4659 0.000188029 
4660 0.000114382 
4661 8.31779e-05 
4662 0.000361731 
4663 0.000212488 
4664 0.000129468 
4665 8.79691e-05 
4666 0.000106976 
4667 8.27946e-05 
4668 0.000237124 
4669 0.000140947 
4670 9.13903e-05 
4671 9.83687e-05 
4672 8.441e-05 
4673 0.000175277 
4674 0.000109368 
4675 8.24175e-05 
4676 0.000235588 
4677 0.000140078 
4678 9.07306e-05 
4679 9.90231e-05 
4680 8.35205e-05 
4681 0.00019793 
4682 0.000121268 
4683 8.47926e-05 
4684 0.000127516 
4685 8.58568e-05 
4686 0.000130597 
4687 8.81391e-05 
4688 0.000101163 
4689 8.33889e-05 
4690 0.000154998 
4691 9.74918e-05 
4692 8.57646e-05 
4693 0.000115008 
4694 8.23548e-05 
4695 0.000288199 
4696 0.000171093 
4697 0.000107246 
4698 8.16345e-05 
4699 0.000187273 
4700 0.000113696 
4701 8.16808e-05 
4702 0.000301999 
4703 0.000178464 
4704 0.000110854 
4705 8.15589e-05 
4706 0.000197988 
4707 0.000119665 
4708 8.29381e-05 
4709 0.000171152 
4710 0.000107622 
4711 8.11354e-05 
4712 0.000191621 
4713 0.000120231 
4714 8.53957e-05 
4715 0.000121176 
4716 8.79699e-05 
4717 9.1065e-05 
4718 9.40116e-05 
4719 8.51791e-05 
4720 0.000122581 
4721 8.43715e-05 
4722 0.000115379 
4723 8.14543e-05 
4724 0.000250972 
4725 0.000148546 
4726 9.45413e-05 
4727 8.51812e-05 
4728 0.000119322 
4729 8.31767e-05 
4730 0.000126084 
4731 8.44164e-05 
4732 0.000127789 
4733 8.61034e-05 
4734 0.000101831 
4735 8.09894e-05 
4736 0.00018865 
4737 0.000114391 
4738 8.1145e-05 
4739 0.000231707 
4740 0.000140235 
4741 9.19758e-05 
4742 8.49067e-05 
4743 0.000116812 
4744 8.24057e-05 
4745 0.000131082 
4746 8.6454e-05 
4747 0.000105166 
4748 8.00559e-05 
4749 0.000199218 
4750 0.000121773 
4751 8.34119e-05 
4752 0.00012381 
4753 8.54109e-05 
4754 9.63191e-05 
4755 8.17259e-05 
4756 0.000135161 
4757 8.75837e-05 
4758 9.75939e-05 
4759 8.03719e-05 
4760 0.000242783 
4761 0.000145462 
4762 9.3801e-05 
4763 8.20893e-05 
4764 0.000147209 
4765 9.45806e-05 
4766 8.14986e-05 
4767 0.00016283 
4768 0.000102315 
4769 7.93266e-05 
4770 0.000162055 
4771 0.000101715 
4772 7.88075e-05 
4773 0.000196356 
4774 0.000133408 
4775 9.81766e-05 
4776 8.59681e-05 
4777 0.000254631 
4778 0.0001482 
4779 9.40162e-05 
4780 0.000109516 
4781 7.99003e-05 
4782 0.000193837 
4783 8.39245e-05 
4784 0.000134063 
4785 8.96404e-05 
4786 0.000124973 
4787 8.72122e-05 
4788 0.000106863 
4789 8.07785e-05 
4790 0.000176462 
4791 8.90033e-05 
4792 0.000175997 
4793 0.000107113 
4794 0.000149903 
4795 0.000128984 
4796 8.323e-05 
4797 0.000134331 
4798 9.38114e-05 
4799 8.05679e-05 
4800 0.000294633 
4801 0.000166889 
4802 0.000100182 
4803 8.11249e-05 
4804 0.000215052 
4805 0.000135867 
4806 9.26706e-05 
4807 8.11023e-05 
4808 0.00024892 
4809 0.000149275 
4810 9.6256e-05 
4811 8.10858e-05 
4812 0.000263193 
4813 0.00016132 
4814 0.000104872 
4815 8.07912e-05 
4816 0.000141457 
4817 9.24839e-05 
4818 0.00010532 
4819 8.09989e-05 
4820 0.000134378 
4821 8.94757e-05 
4822 0.000108941 
4823 8.24769e-05 
4824 0.000111092 
4825 8.15729e-05 
4826 0.000477989 
4827 0.00025061 
4828 0.000108149 
4829 9.62838e-05 
4830 0.000117865 
4831 8.56544e-05 
4832 9.63808e-05 
4833 8.74328e-05 
4834 9.24447e-05 
4835 9.59452e-05 
4836 8.22646e-05 
4837 0.000326764 
4838 0.000196406 
4839 0.000123197 
4840 8.67018e-05 
4841 9.60369e-05 
4842 9.0162e-05 
4843 8.80692e-05 
4844 0.000122092 
4845 8.6391e-05 
4846 9.80642e-05 
4847 8.7767e-05 
4848 9.34986e-05 
4849 9.65491e-05 
4850 8.28832e-05 
4851 0.000341933 
4852 0.000205344 
4853 0.000128382 
4854 8.92078e-05 
4855 9.14908e-05 
4856 0.000106178 
4857 8.24877e-05 
4858 0.000143351 
4859 9.09231e-05 
4860 0.000112931 
4861 8.40912e-05 
4862 0.000123585 
4863 8.41511e-05 
4864 0.000318886 
4865 0.000192284 
4866 0.000121664 
4867 8.71676e-05 
4868 0.000101983 
4869 8.76127e-05 
4870 0.000100723 
4871 8.92131e-05 
4872 9.51993e-05 
4873 9.98892e-05 
4874 8.39468e-05 
4875 0.0005399 
4876 0.000319595 
4877 0.00019293 
4878 0.000122487 
4879 8.82815e-05 
4880 0.000104138 
4881 8.90373e-05 
4882 0.000101417 
4883 9.21931e-05 
4884 9.26351e-05 
4885 0.000121922 
4886 8.82761e-05 
4887 0.000105858 
4888 8.82669e-05 
4889 0.000106514 
4890 8.79807e-05 
4891 0.000109078 
4892 8.67749e-05 
4893 0.000120695 
4894 8.54114e-05 
4895 0.000451604 
4896 0.000269721 
4897 0.000165946 
4898 0.000109356 
4899 8.73406e-05 
4900 0.000111033 
4901 9.12673e-05 
4902 0.000110838 
4903 9.16768e-05 
4904 0.000109201 
4905 9.32687e-05 
4906 0.00010287 
4907 0.000103599 
4908 8.95024e-05 
4909 0.000532647 
4910 0.000317774 
4911 0.000193959 
4912 0.000124838 
4913 9.23048e-05 
4914 0.000115144 
4915 9.19948e-05 
4916 0.000119018 
4917 9.07715e-05 
4918 0.000134049 
4919 9.11341e-05 
4920 0.00060792 
4921 0.00036062 
4922 0.000218092 
4923 0.000138514 
4924 9.84437e-05 
4925 0.00010128 
4926 0.000131633 
4927 9.59078e-05 
4928 0.000109855 
4929 0.000102751 
4930 9.58209e-05 
4931 0.000233982 
4932 0.000147557 
4933 0.000102661 
4934 9.65807e-05 
4935 0.000220064 
4936 0.000139708 
4937 9.94512e-05 
4938 0.00010236 
4939 0.000134913 
4940 9.76915e-05 
4941 0.000107923 
4942 0.000110968 
4943 9.33832e-05 
4944 0.000762144 
4945 0.000450927 
4946 0.000271652 
4947 0.000169452 
4948 0.000114615 
4949 9.67539e-05 
4950 0.000821891 
4951 0.000485983 
4952 0.000292494 
4953 0.000181994 
4954 0.000122231 
4955 0.00010038 
4956 0.000120005 
4957 0.000102966 
4958 0.00101176 
4959 0.000588757 
4960 0.000346085 
4961 0.000207581 
4962 0.000134743 
4963 0.000124592 
4964 0.000132319 
4965 0.000106939 
4966 0.000131608 
4967 0.000139444 
4968 0.000109452 
4969 0.000146443 
4970 0.000109986 
4971 0.000150887 
4972 0.000109549 
4973 0.000150441 
4974 0.000110874 
4975 0.000155964 
4976 0.00011208 
4977 0.000154023 
4978 0.000114112 
4979 0.000152764 
4980 0.000115042 
4981 0.00013699 
4982 0.000121468 
4983 0.000117997 
4984 0.000255666 
4985 0.000164579 
4986 0.000119204 
4987 0.000122973 
4988 0.000181714 
4989 0.000126725 
4990 0.000114808 
4991 0.000593346 
4992 0.000355263 
4993 0.000220126 
4994 0.000146218 
4995 0.000114613 
4996 0.000155153 
4997 0.0001151 
4998 0.000156408 
4999 0.000115513 
5000 0.00015719 
