1 36.689963 
2 36.689998 
3 36.666876 
4 36.66685 
5 36.080368 
6 36.078599 
7 36.000009 
8 35.807751 
9 35.807723 
10 35.807685 
11 35.807621 
12 35.807629 
13 35.726072 
14 35.667874 
15 35.595615 
16 35.494672 
17 35.465306 
18 35.465235 
19 35.465242 
20 35.461532 
21 35.455432 
22 35.455428 
23 35.453797 
24 35.453755 
25 35.452471 
26 35.40681 
27 35.406529 
28 35.395226 
29 35.38144 
30 35.381391 
31 35.354375 
32 35.354259 
33 35.336469 
34 35.323494 
35 35.309005 
36 34.992922 
37 34.992807 
38 34.963624 
39 34.928488 
40 34.928198 
41 34.928205 
42 34.926564 
43 34.92582 
44 34.924473 
45 34.918314 
46 34.918298 
47 34.916917 
48 34.909281 
49 34.909244 
50 34.891289 
51 34.858929 
52 34.85494 
53 34.846474 
54 34.84643 
55 34.845858 
56 34.841445 
57 34.839301 
58 34.837246 
59 34.834466 
60 34.834461 
61 34.827405 
62 34.825985 
63 34.825979 
64 34.825794 
65 34.825599 
66 34.825337 
67 34.825207 
68 34.822253 
69 34.818832 
70 34.818837 
71 34.814465 
72 34.813664 
73 34.812454 
74 34.81161 
75 34.810381 
76 34.806549 
77 34.76921 
78 34.74577 
79 34.74575 
80 34.731696 
81 34.723411 
82 34.723209 
83 34.711095 
84 34.70484 
85 34.703217 
86 34.697784 
87 34.695203 
88 34.687319 
89 34.687301 
90 34.682039 
91 34.678772 
92 34.678756 
93 34.678115 
94 34.677927 
95 34.677918 
96 34.676841 
97 34.672186 
98 34.671079 
99 34.665098 
100 34.664073 
101 34.655682 
102 34.655665 
103 34.643695 
104 34.643659 
105 34.633474 
106 34.628358 
107 34.628022 
108 34.622523 
109 34.616056 
110 34.614565 
111 34.599067 
112 34.580922 
113 34.572774 
114 34.572719 
115 34.572733 
116 34.572171 
117 34.571334 
118 34.570525 
119 34.570353 
120 34.570031 
121 34.567713 
122 34.567697 
123 34.563136 
124 34.563041 
125 34.560783 
126 34.552531 
127 34.369455 
128 34.368435 
129 34.355976 
130 34.334431 
131 34.333396 
132 34.312675 
133 34.299087 
134 34.29846 
135 34.295667 
136 34.282566 
137 34.278383 
138 34.266597 
139 34.229719 
140 34.229641 
141 34.225014 
142 34.225023 
143 34.224799 
144 34.224478 
145 34.224209 
146 34.222922 
147 34.222243 
148 34.221859 
149 34.221551 
150 34.221498 
151 34.221408 
152 34.217005 
153 34.216999 
154 34.21667 
155 34.216196 
156 34.216202 
157 34.214727 
158 34.214404 
159 34.213617 
160 34.213498 
161 34.2132 
162 34.212868 
163 34.212233 
164 34.211238 
165 34.211091 
166 34.208422 
167 34.191182 
168 34.147441 
169 34.13887 
170 34.130165 
171 34.119128 
172 34.115268 
173 34.10522 
174 34.102567 
175 34.096896 
176 34.093496 
177 34.089812 
178 34.076634 
179 34.076581 
180 34.076484 
181 34.076494 
182 34.067312 
183 34.067293 
184 34.063836 
185 34.062476 
186 34.060229 
187 34.058188 
188 34.057852 
189 34.056196 
190 34.054278 
191 34.053692 
192 34.05039 
193 34.050396 
194 34.048656 
195 34.048507 
196 34.048366 
197 34.048183 
198 34.048036 
199 34.047878 
200 34.047596 
201 34.047438 
202 34.047337 
203 34.046862 
204 34.046389 
205 34.043117 
206 34.043116 
207 34.041817 
208 34.041802 
209 34.040602 
210 34.039807 
211 34.039175 
212 34.0385 
213 34.037659 
214 34.037065 
215 34.036269 
216 34.034671 
217 34.007633 
218 34.007513 
219 34.006224 
220 34.006075 
221 34.005897 
222 34.005816 
223 34.005625 
224 34.005591 
225 34.005542 
226 34.0053 
227 34.005166 
228 34.005043 
229 34.004954 
230 34.004452 
231 34.003307 
232 33.903544 
233 33.902677 
234 33.89646 
235 33.884723 
236 33.884521 
237 33.884531 
238 33.881334 
239 33.881252 
240 33.881264 
241 33.880177 
242 33.878702 
243 33.878339 
244 33.877708 
245 33.876057 
246 33.87573 
247 33.875618 
248 33.873507 
249 33.872525 
250 33.869125 
251 33.868248 
252 33.866167 
253 33.858126 
254 33.855459 
255 33.852379 
256 33.838846 
257 33.836985 
258 33.836118 
259 33.834898 
260 33.833906 
261 33.832159 
262 33.827969 
263 33.75098 
264 33.699707 
265 33.699718 
266 33.692234 
267 33.692246 
268 33.690495 
269 33.690387 
270 33.689953 
271 33.687414 
272 33.684963 
273 33.681597 
274 33.680061 
275 33.678623 
276 33.668102 
277 33.667914 
278 33.666739 
279 33.66555 
280 33.66415 
281 33.663057 
282 33.654754 
283 33.647482 
284 33.636202 
285 33.622508 
286 33.615947 
287 33.6135 
288 33.603897 
289 33.601672 
290 33.586003 
291 33.583372 
292 33.581865 
293 33.579818 
294 33.578297 
295 33.577016 
296 33.573074 
297 33.55564 
298 33.545321 
299 33.543292 
300 33.542464 
301 33.538618 
302 33.536916 
303 33.535487 
304 33.532978 
305 33.531611 
306 33.530181 
307 33.528693 
308 33.527349 
309 33.52647 
310 33.52557 
311 33.522014 
312 33.517123 
313 33.51304 
314 33.511625 
315 33.50247 
316 33.502272 
317 33.502274 
318 33.49795 
319 33.497202 
320 33.495637 
321 33.495278 
322 33.494566 
323 33.49353 
324 33.493096 
325 33.492782 
326 33.492538 
327 33.492372 
328 33.491599 
329 33.489676 
330 33.48499 
331 33.464393 
332 33.464289 
333 33.457014 
334 33.456999 
335 33.456257 
336 33.455811 
337 33.455477 
338 33.455198 
339 33.455042 
340 33.454199 
341 33.453985 
342 33.453723 
343 33.453639 
344 33.453249 
345 33.453109 
346 33.453083 
347 33.452945 
348 33.452873 
349 33.452733 
350 33.452496 
351 33.452453 
352 33.452412 
353 33.45234 
354 33.452088 
355 33.451856 
356 33.451788 
357 33.45165 
358 33.451483 
359 33.451412 
360 33.451358 
361 33.450433 
362 33.450424 
363 33.450368 
364 33.450262 
365 33.449944 
366 33.448579 
367 33.444315 
368 33.439196 
369 33.439099 
370 33.437777 
371 33.415473 
372 33.415238 
373 33.414841 
374 33.413455 
375 33.41327 
376 33.413041 
377 33.412995 
378 33.412916 
379 33.412737 
380 33.412628 
381 33.412492 
382 33.412286 
383 33.412087 
384 33.411856 
385 33.410576 
386 33.399238 
387 33.399236 
388 33.393396 
389 33.393378 
390 33.392554 
391 33.392234 
392 33.391435 
393 33.39103 
394 33.390645 
395 33.390155 
396 33.389797 
397 33.389173 
398 33.388903 
399 33.388788 
400 33.388632 
401 33.387946 
402 33.387551 
403 33.386879 
404 33.386626 
405 33.386561 
406 33.386432 
407 33.386021 
408 33.384224 
409 33.375212 
410 33.374985 
411 33.372721 
412 33.359082 
413 33.358803 
414 33.35428 
415 33.352745 
416 33.352676 
417 33.352359 
418 33.352127 
419 33.351583 
420 33.350952 
421 33.350868 
422 33.350685 
423 33.35052 
424 33.350405 
425 33.350304 
426 33.350015 
427 33.349921 
428 33.349743 
429 33.349554 
430 33.349461 
431 33.34931 
432 33.349265 
433 33.332686 
434 33.327017 
435 33.325983 
436 33.323954 
437 33.323021 
438 33.322437 
439 33.321975 
440 33.321325 
441 33.321143 
442 33.32098 
443 33.318268 
444 33.316737 
445 33.309582 
446 33.307447 
447 33.306787 
448 33.306714 
449 33.306484 
450 33.306039 
451 33.305492 
452 33.305237 
453 33.305007 
454 33.304744 
455 33.304484 
456 33.304295 
457 33.304151 
458 33.30405 
459 33.303992 
460 33.30388 
461 33.30364 
462 33.303544 
463 33.30347 
464 33.303284 
465 33.298811 
466 33.297839 
467 33.297839 
468 33.297745 
469 33.297676 
470 33.297623 
471 33.297096 
472 33.296808 
473 33.29669 
474 33.29663 
475 33.296566 
476 33.296427 
477 33.296371 
478 33.296298 
479 33.292945 
480 33.288972 
481 33.288815 
482 33.288229 
483 33.287777 
484 33.287456 
485 33.287117 
486 33.287004 
487 33.283693 
488 33.282269 
489 33.276587 
490 33.269811 
491 33.269254 
492 33.268168 
493 33.267579 
494 33.267502 
495 33.267471 
496 33.267327 
497 33.267149 
498 33.266948 
499 33.26675 
500 33.266583 
501 33.26645 
502 33.266365 
503 33.26629 
504 33.266171 
505 33.266076 
506 33.265999 
507 33.265933 
508 33.265891 
509 33.265799 
510 33.265676 
511 33.265626 
512 33.265472 
513 33.265411 
514 33.265271 
515 33.265245 
516 33.264984 
517 33.26494 
518 33.263774 
519 33.26116 
520 33.260106 
521 33.25912 
522 33.259126 
523 33.259027 
524 33.258796 
525 33.258503 
526 33.258272 
527 33.258217 
528 33.258152 
529 33.25806 
530 33.258011 
531 33.257961 
532 33.257903 
533 33.257874 
534 33.257849 
535 33.25778 
536 33.257722 
537 33.257655 
538 33.257585 
539 33.257556 
540 33.257542 
541 33.257512 
542 33.256315 
543 33.25525 
544 33.254587 
545 33.252271 
546 33.252153 
547 33.251293 
548 33.25093 
549 33.250644 
550 33.250458 
551 33.250347 
552 33.25006 
553 33.249952 
554 33.249388 
555 33.248975 
556 33.244245 
557 33.243981 
558 33.243855 
559 33.243557 
560 33.243109 
561 33.242844 
562 33.240711 
563 33.240693 
564 33.240661 
565 33.240199 
566 33.24017 
567 33.240066 
568 33.239955 
569 33.239786 
570 33.239722 
571 33.239575 
572 33.239525 
573 33.239306 
574 33.239252 
575 33.239158 
576 33.239112 
577 33.239075 
578 33.239017 
579 33.238975 
580 33.238958 
581 33.238904 
582 33.238892 
583 33.238859 
584 33.238843 
585 33.238812 
586 33.238776 
587 33.23868 
588 33.238667 
589 33.238653 
590 33.238636 
591 33.238574 
592 33.238369 
593 33.238107 
594 33.237673 
595 33.23766 
596 33.237368 
597 33.2372 
598 33.235602 
599 33.235561 
600 33.235403 
601 33.235349 
602 33.230667 
603 33.229816 
604 33.229657 
605 33.229521 
606 33.229453 
607 33.229226 
608 33.229024 
609 33.228755 
610 33.228598 
611 33.227836 
612 33.227756 
613 33.227523 
614 33.227319 
615 33.227162 
616 33.226766 
617 33.226624 
618 33.226558 
619 33.226031 
620 33.225733 
621 33.225427 
622 33.225322 
623 33.225184 
624 33.225088 
625 33.225051 
626 33.225022 
627 33.22498 
628 33.224904 
629 33.222389 
630 33.221782 
631 33.221405 
632 33.221271 
633 33.221095 
634 33.22099 
635 33.220836 
636 33.220718 
637 33.220616 
638 33.219381 
639 33.218688 
640 33.218588 
641 33.218491 
642 33.21824 
643 33.218118 
644 33.218031 
645 33.217686 
646 33.217567 
647 33.217494 
648 33.217035 
649 33.216892 
650 33.216545 
651 33.216421 
652 33.216321 
653 33.216134 
654 33.21604 
655 33.216 
656 33.215899 
657 33.215795 
658 33.21576 
659 33.215712 
660 33.215684 
661 33.215609 
662 33.21559 
663 33.215508 
664 33.215501 
665 33.215484 
666 33.215468 
667 33.215456 
668 33.215446 
669 33.215375 
670 33.215368 
671 33.215351 
672 33.215343 
673 33.215305 
674 33.214592 
675 33.214574 
676 33.214568 
677 33.214563 
678 33.21456 
679 33.214393 
680 33.214321 
681 33.213574 
682 33.213523 
683 33.21346 
684 33.213404 
685 33.212816 
686 33.212759 
687 33.212595 
688 33.212489 
689 33.212038 
690 33.211906 
691 33.211777 
692 33.211662 
693 33.211556 
694 33.211456 
695 33.211372 
696 33.211269 
697 33.211206 
698 33.2109 
699 33.21085 
700 33.210805 
701 33.21058 
702 33.210538 
703 33.210495 
704 33.210311 
705 33.210269 
706 33.210217 
707 33.210162 
708 33.210105 
709 33.210062 
710 33.209946 
711 33.209911 
712 33.209857 
713 33.209805 
714 33.20976 
715 33.209678 
716 33.209647 
717 33.209446 
718 33.209405 
719 33.209368 
720 33.209219 
721 33.209054 
722 33.208628 
723 33.208511 
724 33.208412 
725 33.208382 
726 33.208336 
727 33.208289 
728 33.208241 
729 33.208201 
730 33.208131 
731 33.208103 
732 33.207806 
733 33.207759 
734 33.207731 
735 33.207602 
736 33.20757 
737 33.207542 
738 33.20634 
739 33.205884 
740 33.205698 
741 33.205563 
742 33.205509 
743 33.205377 
744 33.2053 
745 33.205133 
746 33.204916 
747 33.204828 
748 33.204669 
749 33.204558 
750 33.204416 
751 33.204328 
752 33.204256 
753 33.204211 
754 33.204137 
755 33.204066 
756 33.203971 
757 33.20388 
758 33.203838 
759 33.203804 
760 33.203789 
761 33.203777 
762 33.203751 
763 33.203699 
764 33.203683 
765 33.20362 
766 33.203611 
767 33.203597 
768 33.203575 
769 33.203552 
770 33.20349 
771 33.203488 
772 33.203465 
773 33.203163 
774 33.203136 
775 33.20312 
776 33.20311 
777 33.203064 
778 33.203041 
779 33.20302 
780 33.202475 
781 33.202459 
782 33.202451 
783 33.202404 
784 33.202377 
785 33.202347 
786 33.202162 
787 33.202148 
788 33.202119 
789 33.202086 
790 33.201997 
791 33.201981 
792 33.201921 
793 33.201905 
794 33.201848 
795 33.201832 
796 33.201784 
797 33.201768 
798 33.201645 
799 33.201631 
800 33.20161 
801 33.201594 
802 33.201487 
803 33.20147 
804 33.201451 
805 33.201433 
806 33.201027 
807 33.200992 
808 33.200871 
809 33.200816 
810 33.200773 
811 33.200759 
812 33.20066 
813 33.200642 
814 33.200624 
815 33.200519 
816 33.200495 
817 33.200474 
818 33.200424 
819 33.20041 
820 33.200366 
821 33.200353 
822 33.200316 
823 33.200302 
824 33.199885 
825 33.199777 
826 33.199717 
827 33.19969 
828 33.199673 
829 33.199641 
830 33.199621 
831 33.199598 
832 33.199582 
833 33.199536 
834 33.199523 
835 33.199496 
836 33.199484 
837 33.199198 
838 33.199088 
839 33.199036 
840 33.199022 
841 33.199007 
842 33.198968 
843 33.198957 
844 33.198933 
845 33.19892 
846 33.198816 
847 33.198779 
848 33.198761 
849 33.198749 
850 33.197869 
851 33.197255 
852 33.197192 
853 33.197074 
854 33.197027 
855 33.197005 
856 33.196982 
857 33.196966 
858 33.196952 
859 33.196932 
860 33.196922 
861 33.196364 
862 33.196177 
863 33.196127 
864 33.196025 
865 33.19599 
866 33.195975 
867 33.19596 
868 33.195933 
869 33.195923 
870 33.195849 
871 33.195835 
872 33.195826 
873 33.195729 
874 33.195709 
875 33.195699 
876 33.195685 
877 33.195671 
878 33.195658 
879 33.195644 
880 33.195633 
881 33.195609 
882 33.1956 
883 33.195556 
884 33.195546 
885 33.195536 
886 33.195498 
887 33.195488 
888 33.195475 
889 33.19546 
890 33.19545 
891 33.195424 
892 33.195414 
893 33.195362 
894 33.195348 
895 33.195339 
896 33.19476 
897 33.194719 
898 33.194705 
899 33.194695 
900 33.194665 
901 33.194655 
902 33.194632 
903 33.194623 
904 33.19454 
905 33.19452 
906 33.194511 
907 33.19439 
908 33.193896 
909 33.193827 
910 33.19339 
911 33.193115 
912 33.193074 
913 33.193023 
914 33.192952 
915 33.192904 
916 33.192811 
917 33.192775 
918 33.192738 
919 33.192708 
920 33.192681 
921 33.192628 
922 33.192603 
923 33.192576 
924 33.192556 
925 33.192525 
926 33.192511 
927 33.192496 
928 33.192481 
929 33.192477 
930 33.192449 
931 33.192442 
932 33.192436 
933 33.192434 
934 33.19243 
935 33.192376 
936 33.192373 
937 33.192364 
938 33.192357 
939 33.192331 
940 33.192324 
941 33.192278 
942 33.192274 
943 33.192264 
944 33.192241 
945 33.192229 
946 33.192187 
947 33.192178 
948 33.192171 
949 33.191865 
950 33.19181 
951 33.191798 
952 33.191757 
953 33.191741 
954 33.19173 
955 33.191686 
956 33.191662 
957 33.191605 
958 33.191522 
959 33.1915 
960 33.19149 
961 33.191477 
962 33.191469 
963 33.191414 
964 33.1914 
965 33.191393 
966 33.191357 
967 33.191348 
968 33.19134 
969 33.191279 
970 33.191266 
971 33.191258 
972 33.191241 
973 33.191234 
974 33.191162 
975 33.191152 
976 33.191146 
977 33.190661 
978 33.190631 
979 33.190614 
980 33.190606 
981 33.190558 
982 33.190547 
983 33.190537 
984 33.19052 
985 33.190512 
986 33.190042 
987 33.189859 
988 33.18982 
989 33.189808 
990 33.189777 
991 33.189758 
992 33.189739 
993 33.189731 
994 33.189645 
995 33.189628 
996 33.18962 
997 33.189615 
998 33.189611 
999 33.189571 
1000 33.189565 
1001 33.189561 
1002 33.189558 
1003 33.189532 
1004 33.189528 
1005 33.189524 
1006 33.189371 
1007 33.189317 
1008 33.189308 
1009 33.189265 
1010 33.189249 
1011 33.189234 
1012 33.189215 
1013 33.189205 
1014 33.189184 
1015 33.189173 
1016 33.189134 
1017 33.189125 
1018 33.189119 
1019 33.189069 
1020 33.189048 
1021 33.189037 
1022 33.189031 
1023 33.189016 
1024 33.189007 
1025 33.188994 
1026 33.188991 
1027 33.18898 
1028 33.188976 
1029 33.188952 
1030 33.188946 
1031 33.188942 
1032 33.188823 
1033 33.188809 
1034 33.188804 
1035 33.188757 
1036 33.188722 
1037 33.188716 
1038 33.188712 
1039 33.188692 
1040 33.188688 
1041 33.188685 
1042 33.188509 
1043 33.18844 
1044 33.188416 
1045 33.188391 
1046 33.188373 
1047 33.188367 
1048 33.188364 
1049 33.188357 
1050 33.188354 
1051 33.188304 
1052 33.188276 
1053 33.188264 
1054 33.188259 
1055 33.188248 
1056 33.188243 
1057 33.188227 
1058 33.188216 
1059 33.188212 
1060 33.188207 
1061 33.188204 
1062 33.187878 
1063 33.187796 
1064 33.187784 
1065 33.187775 
1066 33.187772 
1067 33.187659 
1068 33.187638 
1069 33.187621 
1070 33.187608 
1071 33.1876 
1072 33.187597 
1073 33.187593 
1074 33.187591 
1075 33.187531 
1076 33.187505 
1077 33.187501 
1078 33.187499 
1079 33.187455 
1080 33.187449 
1081 33.187444 
1082 33.187438 
1083 33.187436 
1084 33.187429 
1085 33.187427 
1086 33.187425 
1087 33.187423 
1088 33.18742 
1089 33.187418 
1090 33.187393 
1091 33.18739 
1092 33.187389 
1093 33.187387 
1094 33.187384 
1095 33.187383 
1096 33.187342 
1097 33.187326 
1098 33.187317 
1099 33.187315 
1100 33.187281 
1101 33.187276 
1102 33.187272 
1103 33.187267 
1104 33.187265 
1105 33.18726 
1106 33.187258 
1107 33.187248 
1108 33.187226 
1109 33.187212 
1110 33.187211 
1111 33.187184 
1112 33.187177 
1113 33.187173 
1114 33.187171 
1115 33.18716 
1116 33.187148 
1117 33.187144 
1118 33.187142 
1119 33.18714 
1120 33.187139 
1121 33.187137 
1122 33.187135 
1123 33.187134 
1124 33.187132 
1125 33.18713 
1126 33.187129 
1127 33.187127 
1128 33.187126 
1129 33.187124 
1130 33.187123 
1131 33.187084 
1132 33.187078 
1133 33.187074 
1134 33.187071 
1135 33.187023 
1136 33.186973 
1137 33.186967 
1138 33.186965 
1139 33.186945 
1140 33.186934 
1141 33.186928 
1142 33.186924 
1143 33.186915 
1144 33.18691 
1145 33.186898 
1146 33.18689 
1147 33.186833 
1148 33.186813 
1149 33.186781 
1150 33.186768 
1151 33.186667 
1152 33.186627 
1153 33.186591 
1154 33.186544 
1155 33.186507 
1156 33.186432 
1157 33.186356 
1158 33.186258 
1159 33.186217 
1160 33.186197 
1161 33.186161 
1162 33.186129 
1163 33.186098 
1164 33.186058 
1165 33.18603 
1166 33.186001 
1167 33.185951 
1168 33.185939 
1169 33.185901 
1170 33.185865 
1171 33.185852 
1172 33.185817 
1173 33.185777 
1174 33.185763 
1175 33.185613 
1176 33.185477 
1177 33.185449 
1178 33.185419 
1179 33.185331 
1180 33.185315 
1181 33.185297 
1182 33.185025 
1183 33.184971 
1184 33.184776 
1185 33.184745 
1186 33.184524 
1187 33.184493 
1188 33.18441 
1189 33.184336 
1190 33.184308 
1191 33.184066 
1192 33.184009 
1193 33.183982 
1194 33.183563 
1195 33.183363 
1196 33.182847 
1197 33.182757 
1198 33.182193 
1199 33.182177 
1200 33.182132 
1201 33.182109 
1202 33.181982 
1203 33.181851 
1204 33.181447 
1205 33.181286 
1206 33.181152 
1207 33.181032 
1208 33.180958 
1209 33.180869 
1210 33.180829 
1211 33.180722 
1212 33.180578 
1213 33.180121 
1214 33.180087 
1215 33.17997 
1216 33.179518 
1217 33.179444 
1218 33.179419 
1219 33.178862 
1220 33.178673 
1221 33.178541 
1222 33.177899 
1223 33.177824 
1224 33.177689 
1225 33.177047 
1226 33.176915 
1227 33.176818 
1228 33.17608 
1229 33.175715 
1230 33.17554 
1231 33.174785 
1232 33.174649 
1233 33.174514 
1234 33.174107 
1235 33.1739 
1236 33.173633 
1237 33.173547 
1238 33.173229 
1239 33.173098 
1240 33.172684 
1241 33.172443 
1242 33.172235 
1243 33.172052 
1244 33.171893 
1245 33.1718 
1246 33.171709 
1247 33.171616 
1248 33.17159 
1249 33.171566 
1250 33.171547 
1251 33.171528 
1252 33.171478 
1253 33.171404 
1254 33.171091 
1255 33.171074 
1256 33.170948 
1257 33.170552 
1258 33.170474 
1259 33.170428 
1260 33.170138 
1261 33.169881 
1262 33.169518 
1263 33.169407 
1264 33.168867 
1265 33.168519 
1266 33.168484 
1267 33.168219 
1268 33.168136 
1269 33.167931 
1270 33.167854 
1271 33.16741 
1272 33.167308 
1273 33.167249 
1274 33.166789 
1275 33.166735 
1276 33.166679 
1277 33.166384 
1278 33.166303 
1279 33.166132 
1280 33.166081 
1281 33.164868 
1282 33.164297 
1283 33.164113 
1284 33.164024 
1285 33.163893 
1286 33.163747 
1287 33.163564 
1288 33.163466 
1289 33.163396 
1290 33.163328 
1291 33.16309 
1292 33.162991 
1293 33.162915 
1294 33.162858 
1295 33.162726 
1296 33.162699 
1297 33.162667 
1298 33.162449 
1299 33.162273 
1300 33.162203 
1301 33.162072 
1302 33.161845 
1303 33.161723 
1304 33.161655 
1305 33.161535 
1306 33.161462 
1307 33.161339 
1308 33.161276 
1309 33.161228 
1310 33.161198 
1311 33.161175 
1312 33.161138 
1313 33.161105 
1314 33.161088 
1315 33.161015 
1316 33.161001 
1317 33.160978 
1318 33.160972 
1319 33.160957 
1320 33.160948 
1321 33.160941 
1322 33.160938 
1323 33.160921 
1324 33.160914 
1325 33.1609 
1326 33.160882 
1327 33.160552 
1328 33.160536 
1329 33.160481 
1330 33.160478 
1331 33.160444 
1332 33.159873 
1333 33.159764 
1334 33.159748 
1335 33.159742 
1336 33.159735 
1337 33.15972 
1338 33.15969 
1339 33.159477 
1340 33.159365 
1341 33.159281 
1342 33.15918 
1343 33.159154 
1344 33.159107 
1345 33.159001 
1346 33.158966 
1347 33.158733 
1348 33.158725 
1349 33.158703 
1350 33.158684 
1351 33.158302 
1352 33.158254 
1353 33.158242 
1354 33.158211 
1355 33.158128 
1356 33.158103 
1357 33.157971 
1358 33.15796 
1359 33.157914 
1360 33.157864 
1361 33.157831 
1362 33.157773 
1363 33.157721 
1364 33.157674 
1365 33.157663 
1366 33.15765 
1367 33.157558 
1368 33.157548 
1369 33.157541 
1370 33.157533 
1371 33.157423 
1372 33.15741 
1373 33.1574 
1374 33.157336 
1375 33.157318 
1376 33.157305 
1377 33.157278 
1378 33.1572 
1379 33.15719 
1380 33.157177 
1381 33.157167 
1382 33.157147 
1383 33.157137 
1384 33.156701 
1385 33.156449 
1386 33.156411 
1387 33.156348 
1388 33.15631 
1389 33.156302 
1390 33.156274 
1391 33.156269 
1392 33.156262 
1393 33.156247 
1394 33.156242 
1395 33.156041 
1396 33.156005 
1397 33.155986 
1398 33.155977 
1399 33.155971 
1400 33.155967 
1401 33.15596 
1402 33.15592 
1403 33.155875 
1404 33.155868 
1405 33.155864 
1406 33.155856 
1407 33.155828 
1408 33.155822 
1409 33.155817 
1410 33.155797 
1411 33.155791 
1412 33.155728 
1413 33.155715 
1414 33.155708 
1415 33.155701 
1416 33.15535 
1417 33.155212 
1418 33.155179 
1419 33.155139 
1420 33.155123 
1421 33.155115 
1422 33.155107 
1423 33.155089 
1424 33.155084 
1425 33.155061 
1426 33.155055 
1427 33.155048 
1428 33.155033 
1429 33.155028 
1430 33.155008 
1431 33.155002 
1432 33.154991 
1433 33.154985 
1434 33.154718 
1435 33.154583 
1436 33.154539 
1437 33.154516 
1438 33.154506 
1439 33.154473 
1440 33.154466 
1441 33.154461 
1442 33.154426 
1443 33.154418 
1444 33.154413 
1445 33.154238 
1446 33.154179 
1447 33.154166 
1448 33.15413 
1449 33.154127 
1450 33.154106 
1451 33.154102 
1452 33.154096 
1453 33.154088 
1454 33.154085 
1455 33.153954 
1456 33.153866 
1457 33.153848 
1458 33.153843 
1459 33.153771 
1460 33.153733 
1461 33.153724 
1462 33.153719 
1463 33.153715 
1464 33.153711 
1465 33.153689 
1466 33.153685 
1467 33.153677 
1468 33.153674 
1469 33.153624 
1470 33.153618 
1471 33.153615 
1472 33.153612 
1473 33.153606 
1474 33.153601 
1475 33.153595 
1476 33.153591 
1477 33.153581 
1478 33.153578 
1479 33.153556 
1480 33.153552 
1481 33.15355 
1482 33.153545 
1483 33.153539 
1484 33.153536 
1485 33.153367 
1486 33.153298 
1487 33.153285 
1488 33.15328 
1489 33.153277 
1490 33.153273 
1491 33.153261 
1492 33.153258 
1493 33.153253 
1494 33.153249 
1495 33.153239 
1496 33.153236 
1497 33.153223 
1498 33.15322 
1499 33.153216 
1500 33.15321 
1501 33.153207 
1502 33.153151 
1503 33.153144 
1504 33.153141 
1505 33.153138 
1506 33.153067 
1507 33.153008 
1508 33.153002 
1509 33.152999 
1510 33.152996 
1511 33.152838 
1512 33.152735 
1513 33.152722 
1514 33.15269 
1515 33.152685 
1516 33.152676 
1517 33.152667 
1518 33.152663 
1519 33.152614 
1520 33.152604 
1521 33.152599 
1522 33.152558 
1523 33.152506 
1524 33.152497 
1525 33.15247 
1526 33.152467 
1527 33.152463 
1528 33.152448 
1529 33.152445 
1530 33.152442 
1531 33.152378 
1532 33.152322 
1533 33.152317 
1534 33.152311 
1535 33.152307 
1536 33.152297 
1537 33.152294 
1538 33.152288 
1539 33.152285 
1540 33.15223 
1541 33.152227 
1542 33.152225 
1543 33.152223 
1544 33.152221 
1545 33.152151 
1546 33.15214 
1547 33.152136 
1548 33.152132 
1549 33.152128 
1550 33.152124 
1551 33.152121 
1552 33.152116 
1553 33.152113 
1554 33.152099 
1555 33.152097 
1556 33.152095 
1557 33.152086 
1558 33.152084 
1559 33.152082 
1560 33.152055 
1561 33.152052 
1562 33.15205 
1563 33.152049 
1564 33.151982 
1565 33.151936 
1566 33.151933 
1567 33.151931 
1568 33.15193 
1569 33.151909 
1570 33.151889 
1571 33.151883 
1572 33.15188 
1573 33.151865 
1574 33.151851 
1575 33.151849 
1576 33.151843 
1577 33.151841 
1578 33.15184 
1579 33.151777 
1580 33.151699 
1581 33.151653 
1582 33.151652 
1583 33.151631 
1584 33.151622 
1585 33.151606 
1586 33.151589 
1587 33.151588 
1588 33.151587 
1589 33.151577 
1590 33.151575 
1591 33.151573 
1592 33.151567 
1593 33.151565 
1594 33.151564 
1595 33.151561 
1596 33.15156 
1597 33.151511 
1598 33.151509 
1599 33.151508 
1600 33.151507 
1601 33.151506 
1602 33.151456 
1603 33.151377 
1604 33.151366 
1605 33.151363 
1606 33.15136 
1607 33.151359 
1608 33.15135 
1609 33.151349 
1610 33.151348 
1611 33.151346 
1612 33.151345 
1613 33.151324 
1614 33.151321 
1615 33.15132 
1616 33.151319 
1617 33.151316 
1618 33.151315 
1619 33.151312 
1620 33.151311 
1621 33.15131 
1622 33.151309 
1623 33.151306 
1624 33.151305 
1625 33.151302 
1626 33.151301 
1627 33.1513 
1628 33.151297 
1629 33.151297 
1630 33.151295 
1631 33.151294 
1632 33.151292 
1633 33.151291 
1634 33.151289 
1635 33.151289 
1636 33.151281 
1637 33.15128 
1638 33.151279 
1639 33.151278 
1640 33.151276 
1641 33.151276 
1642 33.151272 
1643 33.151271 
1644 33.151271 
1645 33.151261 
1646 33.151259 
1647 33.151259 
1648 33.151258 
1649 33.15122 
1650 33.151209 
1651 33.151207 
1652 33.151207 
1653 33.151204 
1654 33.151204 
1655 33.151201 
1656 33.151201 
1657 33.151199 
1658 33.151198 
1659 33.151155 
1660 33.151106 
1661 33.151106 
1662 33.1511 
1663 33.151099 
1664 33.151098 
1665 33.151096 
1666 33.151095 
1667 33.15109 
1668 33.151089 
1669 33.151088 
1670 33.151083 
1671 33.151082 
1672 33.151081 
1673 33.151047 
1674 33.151022 
1675 33.151021 
1676 33.151016 
1677 33.151015 
1678 33.151012 
1679 33.151011 
1680 33.151005 
1681 33.150998 
1682 33.150996 
1683 33.150995 
1684 33.150989 
1685 33.150982 
1686 33.150978 
1687 33.150977 
1688 33.150977 
1689 33.150963 
1690 33.15096 
1691 33.150959 
1692 33.150949 
1693 33.150945 
1694 33.150942 
1695 33.150941 
1696 33.15094 
1697 33.150939 
1698 33.150938 
1699 33.150916 
1700 33.150915 
1701 33.150914 
1702 33.150914 
1703 33.150913 
1704 33.150912 
1705 33.15091 
1706 33.150909 
1707 33.150909 
1708 33.150908 
1709 33.150907 
1710 33.150906 
1711 33.150906 
1712 33.150905 
1713 33.150905 
1714 33.150904 
1715 33.150904 
1716 33.150903 
1717 33.150902 
1718 33.150901 
1719 33.1509 
1720 33.1509 
1721 33.150898 
1722 33.150898 
1723 33.150897 
1724 33.150896 
1725 33.150896 
1726 33.150894 
1727 33.150894 
1728 33.150893 
1729 33.150887 
1730 33.150886 
1731 33.150886 
1732 33.150885 
1733 33.150882 
1734 33.150881 
1735 33.150881 
1736 33.15088 
1737 33.15088 
1738 33.150879 
1739 33.150878 
1740 33.150878 
1741 33.150878 
1742 33.150877 
1743 33.150876 
1744 33.150876 
1745 33.150875 
1746 33.150866 
1747 33.150865 
1748 33.150865 
1749 33.150864 
1750 33.150859 
1751 33.150859 
1752 33.150858 
1753 33.150858 
1754 33.150857 
1755 33.150857 
1756 33.150856 
1757 33.150856 
1758 33.150856 
1759 33.150855 
1760 33.150848 
1761 33.150847 
1762 33.150847 
1763 33.150847 
1764 33.150841 
1765 33.150841 
1766 33.15084 
1767 33.15084 
1768 33.150837 
1769 33.150691 
1770 33.150464 
1771 33.150278 
1772 33.15012 
1773 33.149984 
1774 33.14989 
1775 33.149736 
1776 33.149614 
1777 33.149529 
1778 33.14949 
1779 33.149449 
1780 33.1494 
1781 33.149387 
1782 33.149366 
1783 33.149359 
1784 33.149346 
1785 33.149326 
1786 33.149304 
1787 33.149297 
1788 33.149277 
1789 33.149276 
1790 33.149275 
1791 33.149274 
1792 33.149274 
1793 33.149273 
1794 33.149273 
1795 33.149272 
1796 33.149267 
1797 33.149266 
1798 33.149266 
1799 33.149266 
1800 33.149265 
1801 33.149265 
1802 33.149265 
1803 33.149264 
1804 33.149262 
1805 33.149261 
1806 33.149261 
1807 33.14926 
1808 33.14926 
1809 33.149259 
1810 33.149259 
1811 33.149258 
1812 33.149258 
1813 33.149256 
1814 33.149255 
1815 33.149255 
1816 33.149243 
1817 33.149236 
1818 33.149236 
1819 33.149236 
1820 33.149229 
1821 33.149228 
1822 33.149228 
1823 33.149227 
1824 33.149227 
1825 33.149227 
1826 33.149227 
1827 33.149226 
1828 33.14922 
1829 33.149219 
1830 33.149219 
1831 33.149218 
1832 33.149218 
1833 33.149218 
1834 33.149217 
1835 33.149217 
1836 33.149217 
1837 33.149217 
1838 33.149216 
1839 33.149216 
1840 33.149216 
1841 33.149216 
1842 33.149215 
1843 33.149211 
1844 33.149211 
1845 33.14921 
1846 33.14921 
1847 33.149209 
1848 33.149208 
1849 33.149208 
1850 33.149208 
1851 33.149208 
1852 33.1492 
1853 33.149194 
1854 33.14919 
1855 33.149188 
1856 33.149187 
1857 33.149187 
1858 33.149187 
1859 33.149186 
1860 33.149186 
1861 33.149186 
1862 33.149186 
1863 33.149186 
1864 33.149186 
1865 33.149185 
1866 33.149185 
1867 33.149185 
1868 33.14918 
1869 33.14918 
1870 33.14918 
1871 33.14918 
1872 33.149179 
1873 33.149179 
1874 33.149179 
1875 33.149177 
1876 33.149177 
1877 33.149176 
1878 33.149176 
1879 33.149176 
1880 33.149176 
1881 33.149175 
1882 33.149175 
1883 33.149175 
1884 33.149172 
1885 33.149168 
1886 33.149167 
1887 33.149167 
1888 33.149167 
1889 33.149167 
1890 33.149167 
1891 33.149166 
1892 33.149166 
1893 33.149166 
1894 33.149166 
1895 33.149164 
1896 33.149164 
1897 33.149164 
1898 33.149164 
1899 33.149163 
1900 33.149163 
1901 33.149162 
1902 33.149162 
1903 33.149162 
1904 33.149161 
1905 33.149161 
1906 33.149161 
1907 33.14916 
1908 33.14916 
1909 33.149159 
1910 33.149159 
1911 33.149159 
1912 33.149159 
1913 33.149159 
1914 33.149158 
1915 33.149158 
1916 33.149158 
1917 33.149158 
1918 33.149158 
1919 33.149157 
1920 33.149157 
1921 33.149157 
1922 33.149156 
1923 33.149156 
1924 33.149156 
1925 33.149156 
1926 33.149156 
1927 33.149156 
1928 33.149155 
1929 33.149155 
1930 33.149155 
1931 33.149155 
1932 33.149155 
1933 33.149151 
1934 33.149151 
1935 33.149151 
1936 33.149146 
1937 33.149146 
1938 33.149146 
1939 33.149146 
1940 33.149146 
1941 33.149143 
1942 33.149142 
1943 33.149142 
1944 33.149142 
1945 33.149142 
1946 33.149142 
1947 33.149142 
1948 33.149142 
1949 33.149142 
1950 33.149141 
1951 33.14914 
1952 33.14914 
1953 33.14914 
1954 33.14914 
1955 33.149139 
1956 33.149139 
1957 33.149139 
1958 33.149139 
1959 33.149139 
1960 33.149139 
1961 33.149139 
1962 33.149138 
1963 33.149138 
1964 33.149137 
1965 33.149137 
1966 33.149137 
1967 33.149137 
1968 33.149135 
1969 33.149135 
1970 33.149135 
1971 33.149135 
1972 33.149134 
1973 33.149134 
1974 33.149134 
1975 33.149133 
1976 33.149133 
1977 33.149133 
1978 33.149133 
1979 33.149133 
1980 33.149133 
1981 33.149133 
1982 33.149132 
1983 33.149132 
1984 33.149132 
1985 33.149132 
1986 33.149132 
1987 33.149132 
1988 33.149132 
1989 33.149131 
1990 33.149131 
1991 33.149131 
1992 33.149131 
1993 33.149131 
1994 33.149131 
1995 33.149131 
1996 33.14913 
1997 33.14913 
1998 33.14913 
1999 33.14913 
2000 33.14913 
2001 33.14913 
2002 33.149128 
2003 33.149128 
2004 33.149128 
2005 33.149128 
2006 33.149128 
2007 33.149127 
2008 33.149127 
2009 33.149127 
2010 33.149127 
2011 33.149127 
2012 33.149127 
2013 33.149127 
2014 33.149127 
2015 33.149127 
2016 33.149127 
2017 33.149127 
2018 33.149127 
2019 33.149126 
2020 33.149126 
2021 33.149126 
2022 33.149126 
2023 33.149126 
2024 33.149126 
2025 33.149126 
2026 33.149126 
2027 33.149126 
2028 33.149125 
2029 33.149125 
2030 33.149125 
2031 33.149123 
2032 33.149123 
2033 33.149122 
2034 33.149118 
2035 33.149117 
2036 33.149117 
2037 33.149117 
2038 33.149117 
2039 33.149117 
2040 33.149117 
2041 33.149117 
2042 33.149117 
2043 33.149117 
2044 33.149116 
2045 33.149116 
2046 33.149116 
2047 33.149116 
2048 33.149116 
2049 33.149116 
2050 33.149116 
2051 33.149116 
2052 33.149115 
2053 33.149115 
2054 33.149115 
2055 33.149115 
2056 33.149115 
2057 33.149114 
2058 33.149114 
2059 33.149114 
2060 33.149114 
2061 33.149114 
2062 33.149114 
2063 33.149113 
2064 33.149113 
2065 33.149113 
2066 33.149113 
2067 33.149113 
2068 33.149113 
2069 33.149113 
2070 33.149112 
2071 33.149111 
2072 33.149111 
2073 33.149111 
2074 33.14911 
2075 33.149109 
2076 33.149109 
2077 33.149109 
2078 33.149109 
2079 33.149108 
2080 33.149108 
2081 33.149108 
2082 33.149105 
2083 33.149101 
2084 33.1491 
2085 33.1491 
2086 33.149099 
2087 33.149099 
2088 33.149099 
2089 33.149099 
2090 33.149099 
2091 33.149099 
2092 33.149099 
2093 33.149099 
2094 33.149099 
2095 33.149099 
2096 33.149098 
2097 33.149098 
2098 33.149098 
2099 33.149098 
2100 33.149098 
2101 33.149097 
2102 33.149097 
2103 33.149097 
2104 33.149097 
2105 33.149097 
2106 33.149097 
2107 33.149097 
2108 33.149096 
2109 33.149096 
2110 33.149096 
2111 33.149096 
2112 33.149096 
2113 33.149096 
2114 33.149096 
2115 33.149096 
2116 33.149096 
2117 33.149096 
2118 33.149096 
2119 33.149096 
2120 33.149096 
2121 33.149096 
2122 33.149096 
2123 33.149096 
2124 33.149096 
2125 33.149096 
2126 33.149096 
2127 33.149095 
2128 33.149095 
2129 33.149095 
2130 33.149095 
2131 33.149095 
2132 33.149095 
2133 33.149095 
2134 33.149095 
2135 33.149095 
2136 33.149095 
2137 33.149095 
2138 33.149095 
2139 33.149095 
2140 33.149094 
2141 33.149094 
2142 33.149094 
2143 33.149094 
2144 33.149094 
2145 33.149094 
2146 33.149094 
2147 33.149094 
2148 33.149094 
2149 33.149094 
2150 33.149094 
2151 33.149094 
2152 33.149094 
2153 33.149094 
2154 33.149093 
2155 33.149093 
2156 33.149093 
2157 33.149093 
2158 33.149093 
2159 33.149093 
2160 33.149093 
2161 33.149093 
2162 33.149093 
2163 33.149093 
2164 33.149092 
2165 33.149092 
2166 33.149092 
2167 33.149092 
2168 33.149092 
2169 33.149092 
2170 33.149092 
2171 33.149091 
2172 33.149091 
2173 33.149091 
2174 33.149091 
2175 33.149091 
2176 33.149091 
2177 33.149091 
2178 33.149091 
2179 33.14909 
2180 33.14909 
2181 33.14909 
2182 33.14909 
2183 33.14909 
2184 33.14909 
2185 33.14909 
2186 33.14909 
2187 33.14909 
2188 33.14909 
2189 33.14909 
2190 33.14909 
2191 33.14909 
2192 33.14909 
2193 33.14909 
2194 33.149089 
2195 33.149089 
2196 33.149089 
2197 33.149089 
2198 33.149089 
2199 33.149089 
2200 33.149089 
2201 33.149089 
2202 33.149089 
2203 33.149088 
2204 33.149088 
2205 33.149088 
2206 33.149088 
2207 33.149088 
2208 33.149088 
2209 33.149088 
2210 33.149088 
2211 33.149088 
2212 33.149088 
2213 33.149088 
2214 33.149088 
2215 33.149088 
2216 33.149088 
2217 33.149088 
2218 33.149088 
2219 33.149087 
2220 33.149087 
2221 33.149087 
2222 33.149087 
2223 33.149087 
2224 33.149087 
2225 33.149087 
2226 33.149087 
2227 33.149087 
2228 33.149087 
2229 33.149087 
2230 33.149087 
2231 33.149087 
2232 33.149087 
2233 33.149087 
2234 33.149086 
2235 33.149086 
2236 33.149086 
2237 33.149086 
2238 33.149086 
2239 33.149086 
2240 33.149086 
2241 33.149086 
2242 33.149086 
2243 33.149086 
2244 33.149086 
2245 33.149086 
2246 33.149086 
2247 33.149086 
2248 33.149086 
2249 33.149086 
2250 33.149086 
2251 33.149086 
2252 33.149086 
2253 33.149086 
2254 33.149086 
2255 33.149086 
2256 33.149086 
2257 33.149086 
2258 33.149086 
2259 33.149086 
2260 33.149086 
2261 33.149085 
2262 33.149085 
2263 33.149085 
2264 33.149085 
2265 33.149085 
2266 33.149085 
2267 33.149085 
2268 33.149085 
2269 33.149085 
2270 33.149085 
2271 33.149085 
2272 33.149085 
2273 33.149085 
2274 33.149085 
2275 33.149085 
2276 33.149085 
2277 33.149085 
2278 33.149085 
2279 33.149085 
2280 33.149085 
2281 33.149085 
2282 33.149084 
2283 33.149084 
2284 33.149084 
2285 33.149084 
2286 33.149084 
2287 33.149084 
2288 33.149084 
2289 33.149084 
2290 33.149084 
2291 33.149084 
2292 33.149084 
2293 33.149084 
2294 33.149084 
2295 33.149084 
2296 33.149084 
2297 33.149084 
2298 33.149084 
2299 33.149084 
2300 33.149084 
2301 33.149084 
2302 33.149084 
2303 33.149084 
2304 33.149084 
2305 33.149084 
2306 33.149084 
2307 33.149083 
2308 33.149083 
2309 33.149083 
2310 33.149083 
2311 33.149083 
2312 33.149083 
2313 33.149083 
2314 33.149083 
2315 33.149083 
2316 33.149083 
2317 33.149083 
2318 33.149083 
2319 33.149083 
2320 33.149083 
2321 33.149083 
2322 33.149083 
2323 33.149083 
2324 33.149083 
2325 33.149083 
2326 33.149083 
2327 33.149083 
2328 33.149083 
2329 33.149083 
2330 33.149083 
2331 33.149083 
2332 33.149082 
2333 33.149082 
2334 33.149082 
2335 33.149082 
2336 33.149082 
2337 33.149082 
2338 33.149082 
2339 33.149082 
2340 33.149082 
2341 33.149082 
2342 33.149082 
2343 33.149082 
2344 33.149082 
2345 33.149082 
2346 33.149082 
2347 33.149082 
2348 33.149082 
2349 33.149082 
2350 33.149082 
2351 33.149082 
2352 33.149081 
2353 33.149081 
2354 33.149081 
2355 33.149081 
2356 33.149081 
2357 33.149081 
2358 33.149081 
2359 33.149081 
2360 33.149081 
2361 33.149081 
2362 33.149081 
2363 33.149081 
2364 33.149081 
2365 33.149081 
2366 33.149081 
2367 33.149081 
2368 33.149081 
2369 33.149081 
2370 33.149081 
2371 33.149081 
2372 33.149081 
2373 33.149081 
2374 33.149081 
2375 33.149081 
2376 33.149081 
2377 33.149081 
2378 33.149081 
2379 33.149081 
2380 33.149081 
2381 33.149081 
2382 33.14908 
2383 33.14908 
2384 33.14908 
2385 33.14908 
2386 33.14908 
2387 33.14908 
2388 33.14908 
2389 33.14908 
2390 33.14908 
2391 33.14908 
2392 33.14908 
2393 33.14908 
2394 33.14908 
2395 33.14908 
2396 33.14908 
2397 33.14908 
2398 33.14908 
2399 33.14908 
2400 33.14908 
2401 33.14908 
2402 33.149079 
2403 33.149079 
2404 33.149079 
2405 33.149079 
2406 33.149079 
2407 33.149079 
2408 33.149079 
2409 33.149079 
2410 33.149079 
2411 33.149079 
2412 33.149079 
2413 33.149079 
2414 33.149079 
2415 33.149079 
2416 33.149079 
2417 33.149079 
2418 33.149079 
2419 33.149079 
2420 33.149079 
2421 33.149079 
2422 33.149079 
2423 33.149079 
2424 33.149079 
2425 33.149079 
2426 33.149079 
2427 33.149078 
2428 33.149078 
2429 33.149078 
2430 33.149078 
2431 33.149078 
2432 33.149078 
2433 33.149078 
2434 33.149078 
2435 33.149078 
2436 33.149078 
2437 33.149078 
2438 33.149078 
2439 33.149078 
2440 33.149078 
2441 33.149078 
2442 33.149078 
2443 33.149078 
2444 33.149078 
2445 33.149078 
2446 33.149078 
2447 33.149078 
2448 33.149078 
2449 33.149078 
2450 33.149078 
2451 33.149078 
2452 33.149078 
2453 33.149078 
2454 33.149078 
2455 33.149078 
2456 33.149078 
2457 33.149078 
2458 33.149078 
2459 33.149078 
2460 33.149078 
2461 33.149078 
2462 33.149078 
2463 33.149078 
2464 33.149078 
2465 33.149078 
2466 33.149078 
2467 33.149078 
2468 33.149078 
2469 33.149078 
2470 33.149077 
2471 33.149077 
2472 33.149077 
2473 33.149077 
2474 33.149077 
2475 33.149077 
2476 33.149077 
2477 33.149077 
2478 33.149077 
2479 33.149077 
2480 33.149077 
2481 33.149077 
2482 33.149077 
2483 33.149077 
2484 33.149077 
2485 33.149077 
2486 33.149077 
2487 33.149077 
2488 33.149076 
2489 33.149076 
2490 33.149076 
2491 33.149076 
2492 33.149076 
2493 33.149076 
2494 33.149076 
2495 33.149076 
2496 33.149076 
2497 33.149076 
2498 33.149076 
2499 33.149076 
2500 33.149076 
2501 33.149076 
2502 33.149076 
2503 33.149076 
2504 33.149067 
2505 33.149067 
2506 33.149067 
2507 33.149067 
2508 33.149067 
2509 33.149067 
2510 33.149067 
2511 33.149067 
2512 33.149067 
2513 33.149067 
2514 33.149067 
2515 33.149067 
2516 33.149067 
2517 33.149067 
2518 33.149067 
2519 33.149067 
2520 33.149067 
2521 33.149067 
2522 33.149067 
2523 33.149067 
2524 33.149067 
2525 33.149067 
2526 33.149067 
2527 33.149067 
2528 33.149067 
2529 33.149067 
2530 33.149067 
2531 33.149067 
2532 33.149067 
2533 33.149067 
2534 33.149067 
2535 33.149067 
2536 33.149067 
2537 33.149067 
2538 33.149067 
2539 33.149066 
2540 33.149066 
2541 33.149066 
2542 33.149066 
2543 33.149066 
2544 33.149066 
2545 33.149066 
2546 33.149066 
2547 33.149066 
2548 33.149066 
2549 33.149066 
2550 33.149066 
2551 33.149066 
2552 33.149066 
2553 33.149066 
2554 33.149066 
2555 33.149066 
2556 33.149066 
2557 33.149066 
2558 33.149066 
2559 33.149066 
2560 33.149066 
2561 33.149066 
2562 33.149066 
2563 33.149066 
2564 33.149066 
2565 33.149066 
2566 33.149066 
2567 33.149066 
2568 33.149066 
2569 33.149065 
2570 33.149065 
2571 33.149065 
2572 33.149065 
2573 33.149065 
2574 33.149065 
2575 33.149065 
2576 33.149065 
2577 33.149065 
2578 33.149065 
2579 33.149065 
2580 33.149065 
2581 33.149065 
2582 33.149065 
2583 33.149065 
2584 33.149065 
2585 33.149065 
2586 33.149065 
2587 33.149065 
2588 33.149065 
2589 33.149065 
2590 33.149065 
2591 33.149065 
2592 33.149065 
2593 33.149065 
2594 33.149065 
2595 33.149065 
2596 33.149065 
2597 33.149065 
2598 33.149064 
2599 33.149064 
2600 33.149064 
2601 33.149064 
2602 33.149064 
2603 33.149064 
2604 33.149064 
2605 33.149064 
2606 33.149064 
2607 33.149064 
2608 33.149064 
2609 33.149064 
2610 33.149064 
2611 33.149064 
2612 33.149064 
2613 33.149064 
2614 33.149064 
2615 33.149064 
2616 33.149064 
2617 33.149064 
2618 33.149064 
2619 33.149064 
2620 33.149064 
2621 33.149063 
2622 33.149063 
2623 33.149063 
2624 33.149063 
2625 33.149063 
2626 33.149063 
2627 33.149063 
2628 33.149063 
2629 33.149063 
2630 33.149063 
2631 33.149063 
2632 33.149063 
2633 33.149063 
2634 33.149063 
2635 33.149063 
2636 33.149063 
2637 33.149063 
2638 33.149063 
2639 33.149063 
2640 33.149063 
2641 33.149063 
2642 33.149063 
2643 33.149063 
2644 33.149063 
2645 33.149063 
2646 33.149063 
2647 33.149063 
2648 33.149063 
2649 33.149063 
2650 33.149062 
2651 33.149062 
2652 33.149062 
2653 33.149062 
2654 33.149062 
2655 33.149062 
2656 33.149062 
2657 33.149062 
2658 33.149062 
2659 33.149062 
2660 33.149062 
2661 33.149062 
2662 33.149062 
2663 33.149062 
2664 33.149062 
2665 33.149062 
2666 33.149062 
2667 33.149062 
2668 33.149062 
2669 33.149062 
2670 33.149062 
2671 33.149062 
2672 33.149062 
2673 33.149062 
2674 33.149062 
2675 33.149062 
2676 33.149062 
2677 33.149062 
2678 33.149062 
2679 33.149062 
2680 33.149062 
2681 33.149062 
2682 33.149062 
2683 33.149062 
2684 33.149062 
2685 33.149062 
2686 33.149062 
2687 33.149062 
2688 33.149062 
2689 33.149062 
2690 33.149062 
2691 33.149062 
2692 33.149061 
2693 33.149061 
2694 33.149061 
2695 33.149061 
2696 33.149061 
2697 33.149061 
2698 33.149061 
2699 33.149061 
2700 33.149061 
2701 33.149061 
2702 33.149061 
2703 33.149061 
2704 33.149061 
2705 33.149061 
2706 33.149061 
2707 33.149061 
2708 33.149061 
2709 33.149061 
2710 33.149061 
2711 33.149061 
2712 33.149061 
2713 33.149061 
2714 33.149061 
2715 33.149061 
2716 33.149061 
2717 33.149061 
2718 33.149061 
2719 33.149061 
2720 33.149061 
2721 33.149061 
2722 33.149061 
2723 33.149061 
2724 33.149061 
2725 33.149061 
2726 33.149061 
2727 33.149061 
2728 33.149061 
2729 33.149061 
2730 33.149061 
2731 33.149061 
2732 33.149061 
2733 33.149061 
2734 33.149061 
2735 33.149061 
2736 33.14906 
2737 33.14906 
2738 33.14906 
2739 33.14906 
2740 33.14906 
2741 33.14906 
2742 33.14906 
2743 33.14906 
2744 33.14906 
2745 33.14906 
2746 33.14906 
2747 33.14906 
2748 33.14906 
2749 33.14906 
2750 33.14906 
2751 33.14906 
2752 33.14906 
2753 33.14906 
2754 33.14906 
2755 33.14906 
2756 33.14906 
2757 33.14906 
2758 33.14906 
2759 33.14906 
2760 33.14906 
2761 33.14906 
2762 33.14906 
2763 33.14906 
2764 33.14906 
2765 33.14906 
2766 33.14906 
2767 33.14906 
2768 33.14906 
2769 33.14906 
2770 33.14906 
2771 33.14906 
2772 33.14906 
2773 33.14906 
2774 33.14906 
2775 33.14906 
2776 33.14906 
2777 33.14906 
2778 33.14906 
2779 33.14906 
2780 33.14906 
2781 33.14906 
2782 33.14906 
2783 33.14906 
2784 33.149059 
2785 33.149059 
2786 33.149059 
2787 33.149059 
2788 33.149059 
2789 33.149059 
2790 33.149059 
2791 33.149059 
2792 33.149059 
2793 33.149059 
2794 33.149059 
2795 33.149059 
2796 33.149059 
2797 33.149059 
2798 33.149059 
2799 33.149059 
2800 33.149059 
2801 33.149059 
2802 33.149059 
2803 33.149059 
2804 33.149059 
2805 33.149059 
2806 33.149059 
2807 33.149059 
2808 33.149059 
2809 33.149059 
2810 33.149059 
2811 33.149059 
2812 33.149059 
2813 33.149059 
2814 33.149059 
2815 33.149059 
2816 33.149059 
2817 33.149059 
2818 33.149059 
2819 33.149059 
2820 33.149058 
2821 33.149058 
2822 33.149058 
2823 33.149058 
2824 33.149058 
2825 33.149058 
2826 33.149058 
2827 33.149058 
2828 33.149058 
2829 33.149058 
2830 33.149058 
2831 33.149058 
2832 33.149058 
2833 33.149058 
2834 33.149058 
2835 33.149058 
2836 33.149058 
2837 33.149058 
2838 33.149058 
2839 33.149058 
2840 33.149058 
2841 33.149058 
2842 33.149058 
2843 33.149058 
2844 33.149058 
2845 33.149058 
2846 33.149058 
2847 33.149058 
2848 33.149058 
2849 33.149058 
2850 33.149058 
2851 33.149058 
2852 33.149058 
2853 33.149058 
2854 33.149058 
2855 33.149058 
2856 33.149058 
2857 33.149058 
2858 33.149058 
2859 33.149058 
2860 33.149058 
2861 33.149058 
2862 33.149058 
2863 33.149058 
2864 33.149058 
2865 33.149058 
2866 33.149058 
2867 33.149058 
2868 33.149058 
2869 33.149058 
2870 33.149057 
2871 33.149057 
2872 33.149057 
2873 33.149057 
2874 33.149057 
2875 33.149057 
2876 33.149057 
2877 33.149057 
2878 33.149057 
2879 33.149057 
2880 33.149057 
2881 33.149057 
2882 33.149057 
2883 33.149057 
2884 33.149057 
2885 33.149057 
2886 33.149057 
2887 33.149057 
2888 33.149057 
2889 33.149057 
2890 33.149057 
2891 33.149057 
2892 33.149054 
2893 33.149054 
2894 33.149054 
2895 33.149054 
2896 33.149054 
2897 33.149054 
2898 33.149054 
2899 33.149054 
2900 33.149054 
2901 33.149054 
2902 33.149054 
2903 33.149054 
2904 33.149054 
2905 33.149054 
2906 33.149054 
2907 33.149054 
2908 33.149054 
2909 33.149054 
2910 33.149054 
2911 33.149054 
2912 33.149054 
2913 33.149054 
2914 33.149054 
2915 33.149054 
2916 33.149054 
2917 33.149054 
2918 33.149054 
2919 33.149054 
2920 33.149054 
2921 33.149054 
2922 33.149054 
2923 33.149054 
2924 33.149054 
2925 33.149054 
2926 33.149054 
2927 33.149054 
2928 33.149054 
2929 33.149054 
2930 33.149053 
2931 33.149053 
2932 33.149053 
2933 33.149053 
2934 33.149053 
2935 33.149053 
2936 33.149053 
2937 33.149053 
2938 33.149053 
2939 33.149053 
2940 33.149053 
2941 33.149053 
2942 33.149053 
2943 33.149053 
2944 33.149053 
2945 33.149053 
2946 33.149053 
2947 33.149053 
2948 33.149053 
2949 33.149053 
2950 33.149053 
2951 33.149053 
2952 33.149053 
2953 33.149053 
2954 33.149053 
2955 33.149053 
2956 33.149053 
2957 33.149053 
2958 33.149053 
2959 33.149053 
2960 33.149053 
2961 33.149053 
2962 33.149053 
2963 33.149053 
2964 33.149053 
2965 33.149053 
2966 33.149053 
2967 33.149053 
2968 33.149053 
2969 33.149053 
2970 33.149053 
2971 33.149053 
2972 33.149053 
2973 33.149053 
2974 33.149053 
2975 33.149053 
2976 33.149053 
2977 33.149053 
2978 33.149053 
2979 33.149053 
2980 33.149052 
2981 33.149052 
2982 33.149052 
2983 33.149052 
2984 33.149052 
2985 33.149052 
2986 33.149052 
2987 33.149052 
2988 33.149052 
2989 33.149052 
2990 33.149052 
2991 33.149052 
2992 33.149052 
2993 33.149052 
2994 33.149052 
2995 33.149052 
2996 33.149052 
2997 33.149052 
2998 33.149052 
2999 33.149052 
3000 33.149052 
3001 33.149052 
3002 33.149052 
3003 33.149052 
3004 33.149052 
3005 33.149052 
3006 33.149052 
3007 33.149052 
3008 33.149052 
3009 33.149052 
3010 33.149052 
3011 33.149052 
3012 33.149052 
3013 33.149052 
3014 33.149052 
3015 33.149052 
3016 33.149052 
3017 33.149052 
3018 33.149052 
3019 33.149052 
3020 33.149052 
3021 33.149052 
3022 33.149052 
3023 33.149052 
3024 33.149052 
3025 33.149052 
3026 33.149052 
3027 33.149052 
3028 33.149052 
3029 33.149052 
3030 33.149052 
3031 33.149052 
3032 33.149051 
3033 33.149051 
3034 33.149051 
3035 33.149051 
3036 33.149051 
3037 33.149051 
3038 33.149051 
3039 33.149051 
3040 33.149051 
3041 33.149051 
3042 33.149051 
3043 33.149051 
3044 33.149051 
3045 33.149051 
3046 33.149051 
3047 33.149051 
3048 33.149051 
3049 33.149051 
3050 33.149051 
3051 33.149051 
3052 33.149051 
3053 33.149051 
3054 33.149051 
3055 33.149051 
3056 33.149051 
3057 33.149051 
3058 33.149051 
3059 33.149051 
3060 33.149051 
3061 33.149051 
3062 33.149051 
3063 33.149051 
3064 33.149051 
3065 33.149051 
3066 33.149051 
3067 33.149051 
3068 33.149051 
3069 33.149051 
3070 33.149051 
3071 33.14905 
3072 33.14905 
3073 33.14905 
3074 33.14905 
3075 33.14905 
3076 33.14905 
3077 33.14905 
3078 33.14905 
3079 33.14905 
3080 33.14905 
3081 33.14905 
3082 33.14905 
3083 33.14905 
3084 33.14905 
3085 33.14905 
3086 33.14905 
3087 33.14905 
3088 33.14905 
3089 33.14905 
3090 33.14905 
3091 33.14905 
3092 33.14905 
3093 33.14905 
3094 33.14905 
3095 33.14905 
3096 33.14905 
3097 33.14905 
3098 33.14905 
3099 33.14905 
3100 33.14905 
3101 33.14905 
3102 33.14905 
3103 33.14905 
3104 33.14905 
3105 33.14905 
3106 33.14905 
3107 33.14905 
3108 33.14905 
3109 33.14905 
3110 33.14905 
3111 33.14905 
3112 33.14905 
3113 33.14905 
3114 33.14905 
3115 33.14905 
3116 33.14905 
3117 33.14905 
3118 33.149049 
3119 33.149049 
3120 33.149049 
3121 33.149049 
3122 33.149049 
3123 33.149049 
3124 33.149049 
3125 33.149049 
3126 33.149049 
3127 33.149049 
3128 33.149049 
3129 33.149049 
3130 33.149049 
3131 33.149049 
3132 33.149049 
3133 33.149049 
3134 33.149049 
3135 33.149049 
3136 33.149049 
3137 33.149049 
3138 33.149049 
3139 33.149049 
3140 33.149049 
3141 33.149049 
3142 33.149049 
3143 33.149049 
3144 33.149049 
3145 33.149049 
3146 33.149049 
3147 33.149049 
3148 33.149049 
3149 33.149049 
3150 33.149049 
3151 33.149049 
3152 33.149049 
3153 33.149049 
3154 33.149049 
3155 33.149049 
3156 33.149049 
3157 33.149049 
3158 33.149049 
3159 33.149048 
3160 33.149048 
3161 33.149048 
3162 33.149048 
3163 33.149048 
3164 33.149048 
3165 33.149048 
3166 33.149048 
3167 33.149048 
3168 33.149048 
3169 33.149048 
3170 33.149048 
3171 33.149048 
3172 33.149048 
3173 33.149048 
3174 33.149048 
3175 33.149048 
3176 33.149048 
3177 33.149048 
3178 33.149048 
3179 33.149048 
3180 33.149048 
3181 33.149048 
3182 33.149048 
3183 33.149048 
3184 33.149048 
3185 33.149048 
3186 33.149048 
3187 33.149048 
3188 33.149048 
3189 33.149048 
3190 33.149048 
3191 33.149047 
3192 33.149047 
3193 33.149047 
3194 33.149047 
3195 33.149047 
3196 33.149047 
3197 33.149047 
3198 33.149047 
3199 33.149047 
3200 33.149047 
3201 33.149047 
3202 33.149047 
3203 33.149047 
3204 33.149047 
3205 33.149047 
3206 33.149047 
3207 33.149047 
3208 33.149047 
3209 33.149047 
3210 33.149047 
3211 33.149047 
3212 33.149047 
3213 33.149047 
3214 33.149047 
3215 33.149047 
3216 33.149047 
3217 33.149047 
3218 33.149047 
3219 33.149047 
3220 33.149047 
3221 33.149047 
3222 33.149047 
3223 33.149047 
3224 33.149047 
3225 33.149047 
3226 33.149047 
3227 33.149047 
3228 33.149047 
3229 33.149047 
3230 33.149047 
3231 33.149047 
3232 33.149047 
3233 33.149047 
3234 33.149047 
3235 33.149047 
3236 33.149047 
3237 33.149047 
3238 33.149047 
3239 33.149047 
3240 33.149047 
3241 33.149047 
3242 33.149047 
3243 33.149047 
3244 33.149047 
3245 33.149047 
3246 33.149046 
3247 33.149046 
3248 33.149046 
3249 33.149046 
3250 33.149046 
3251 33.149046 
3252 33.149046 
3253 33.149046 
3254 33.149046 
3255 33.149046 
3256 33.149046 
3257 33.149046 
3258 33.149046 
3259 33.149046 
3260 33.149046 
3261 33.149046 
3262 33.149046 
3263 33.149046 
3264 33.149046 
3265 33.149046 
3266 33.149046 
3267 33.149046 
3268 33.149046 
3269 33.149046 
3270 33.149046 
3271 33.149046 
3272 33.149046 
3273 33.149046 
3274 33.149046 
3275 33.149046 
3276 33.149046 
3277 33.149046 
3278 33.149046 
3279 33.149046 
3280 33.149046 
3281 33.149046 
3282 33.149046 
3283 33.149046 
3284 33.149046 
3285 33.149046 
3286 33.149046 
3287 33.149046 
3288 33.149046 
3289 33.149046 
3290 33.149046 
3291 33.149046 
3292 33.149045 
3293 33.149045 
3294 33.149045 
3295 33.149045 
3296 33.149045 
3297 33.149045 
3298 33.149045 
3299 33.149045 
3300 33.149045 
3301 33.149045 
3302 33.149045 
3303 33.149045 
3304 33.149045 
3305 33.149045 
3306 33.149045 
3307 33.149045 
3308 33.149045 
3309 33.149045 
3310 33.149045 
3311 33.149045 
3312 33.149045 
3313 33.149045 
3314 33.149045 
3315 33.149045 
3316 33.149045 
3317 33.149045 
3318 33.149045 
3319 33.149045 
3320 33.149045 
3321 33.149045 
3322 33.149045 
3323 33.149045 
3324 33.149045 
3325 33.149045 
3326 33.149045 
3327 33.149045 
3328 33.149045 
3329 33.149045 
3330 33.149045 
3331 33.149045 
3332 33.149045 
3333 33.149045 
3334 33.149045 
3335 33.149045 
3336 33.149045 
3337 33.149045 
3338 33.149045 
3339 33.149045 
3340 33.149045 
3341 33.149045 
3342 33.149045 
3343 33.149045 
3344 33.149045 
3345 33.149045 
3346 33.149045 
3347 33.149045 
3348 33.149045 
3349 33.149045 
3350 33.149045 
3351 33.149045 
3352 33.149045 
3353 33.149045 
3354 33.149045 
3355 33.149045 
3356 33.149045 
3357 33.149044 
3358 33.149044 
3359 33.149044 
3360 33.149044 
3361 33.149044 
3362 33.149044 
3363 33.149044 
3364 33.149044 
3365 33.149044 
3366 33.149044 
3367 33.149044 
3368 33.149044 
3369 33.149044 
3370 33.149044 
3371 33.149044 
3372 33.149044 
3373 33.149044 
3374 33.149044 
3375 33.149044 
3376 33.149044 
3377 33.149044 
3378 33.149044 
3379 33.149044 
3380 33.149044 
3381 33.149044 
3382 33.149044 
3383 33.149044 
3384 33.149044 
3385 33.149044 
3386 33.149044 
3387 33.149044 
3388 33.149044 
3389 33.149044 
3390 33.149044 
3391 33.149044 
3392 33.149044 
3393 33.149044 
3394 33.149044 
3395 33.149043 
3396 33.149043 
3397 33.149043 
3398 33.149043 
3399 33.149043 
3400 33.149043 
3401 33.149043 
3402 33.149043 
3403 33.149043 
3404 33.149043 
3405 33.149043 
3406 33.149043 
3407 33.149043 
3408 33.149043 
3409 33.149043 
3410 33.149043 
3411 33.149043 
3412 33.149043 
3413 33.149043 
3414 33.149043 
3415 33.149043 
3416 33.149043 
3417 33.149043 
3418 33.149043 
3419 33.149043 
3420 33.149043 
3421 33.149043 
3422 33.149043 
3423 33.149043 
3424 33.149043 
3425 33.149043 
3426 33.149043 
3427 33.149043 
3428 33.149043 
3429 33.149043 
3430 33.149043 
3431 33.149043 
3432 33.149043 
3433 33.149043 
3434 33.149043 
3435 33.149043 
3436 33.149043 
3437 33.149043 
3438 33.149043 
3439 33.149043 
3440 33.149043 
3441 33.149043 
3442 33.149043 
3443 33.149043 
3444 33.149043 
3445 33.149043 
3446 33.149043 
3447 33.149043 
3448 33.149043 
3449 33.149043 
3450 33.149043 
3451 33.149042 
3452 33.149042 
3453 33.149042 
3454 33.149042 
3455 33.149042 
3456 33.149042 
3457 33.149042 
3458 33.149042 
3459 33.149042 
3460 33.149042 
3461 33.149042 
3462 33.149042 
3463 33.149042 
3464 33.149042 
3465 33.149042 
3466 33.149042 
3467 33.149042 
3468 33.149042 
3469 33.149042 
3470 33.149042 
3471 33.149042 
3472 33.149042 
3473 33.149042 
3474 33.149042 
3475 33.149042 
3476 33.149042 
3477 33.149042 
3478 33.149042 
3479 33.149042 
3480 33.149042 
3481 33.149042 
3482 33.149042 
3483 33.149042 
3484 33.149042 
3485 33.149042 
3486 33.149042 
3487 33.149042 
3488 33.149042 
3489 33.149041 
3490 33.149041 
3491 33.149041 
3492 33.149041 
3493 33.149041 
3494 33.149041 
3495 33.149041 
3496 33.149041 
3497 33.149041 
3498 33.149041 
3499 33.149041 
3500 33.149041 
3501 33.149041 
3502 33.149041 
3503 33.149041 
3504 33.149041 
3505 33.149041 
3506 33.149041 
3507 33.149041 
3508 33.149041 
3509 33.149041 
3510 33.149041 
3511 33.149041 
3512 33.149041 
3513 33.149041 
3514 33.149041 
3515 33.149041 
3516 33.149041 
3517 33.149041 
3518 33.149041 
3519 33.149041 
3520 33.149041 
3521 33.149041 
3522 33.149041 
3523 33.149041 
3524 33.149041 
3525 33.149041 
3526 33.149041 
3527 33.149041 
3528 33.149041 
3529 33.149041 
3530 33.149041 
3531 33.149041 
3532 33.149041 
3533 33.149041 
3534 33.149041 
3535 33.149041 
3536 33.149041 
3537 33.149041 
3538 33.149041 
3539 33.149041 
3540 33.149041 
3541 33.14904 
3542 33.14904 
3543 33.14904 
3544 33.14904 
3545 33.14904 
3546 33.14904 
3547 33.14904 
3548 33.14904 
3549 33.14904 
3550 33.14904 
3551 33.14904 
3552 33.14904 
3553 33.14904 
3554 33.14904 
3555 33.14904 
3556 33.14904 
3557 33.14904 
3558 33.14904 
3559 33.14904 
3560 33.14904 
3561 33.14904 
3562 33.14904 
3563 33.14904 
3564 33.14904 
3565 33.14904 
3566 33.14904 
3567 33.14904 
3568 33.14904 
3569 33.14904 
3570 33.14904 
3571 33.14904 
3572 33.14904 
3573 33.14904 
3574 33.14904 
3575 33.14904 
3576 33.14904 
3577 33.14904 
3578 33.14904 
3579 33.14904 
3580 33.149039 
3581 33.149039 
3582 33.149039 
3583 33.149039 
3584 33.149039 
3585 33.149039 
3586 33.149039 
3587 33.149039 
3588 33.149039 
3589 33.149039 
3590 33.149039 
3591 33.149039 
3592 33.149039 
3593 33.149039 
3594 33.149039 
3595 33.149039 
3596 33.149039 
3597 33.149039 
3598 33.149039 
3599 33.149039 
3600 33.149039 
3601 33.149039 
3602 33.149039 
3603 33.149039 
3604 33.149039 
3605 33.149039 
3606 33.149039 
3607 33.149039 
3608 33.149038 
3609 33.149038 
3610 33.149038 
3611 33.149038 
3612 33.149038 
3613 33.149038 
3614 33.149038 
3615 33.149038 
3616 33.149038 
3617 33.149038 
3618 33.149038 
3619 33.149038 
3620 33.149038 
3621 33.149038 
3622 33.149038 
3623 33.149038 
3624 33.149038 
3625 33.149038 
3626 33.149038 
3627 33.149038 
3628 33.149038 
3629 33.149038 
3630 33.149038 
3631 33.149038 
3632 33.149038 
3633 33.149038 
3634 33.149038 
3635 33.149038 
3636 33.149038 
3637 33.149038 
3638 33.149038 
3639 33.149038 
3640 33.149038 
3641 33.149038 
3642 33.149038 
3643 33.149038 
3644 33.149038 
3645 33.149038 
3646 33.149038 
3647 33.149037 
3648 33.149037 
3649 33.149037 
3650 33.149037 
3651 33.149037 
3652 33.149037 
3653 33.149037 
3654 33.149037 
3655 33.149037 
3656 33.149037 
3657 33.149037 
3658 33.149037 
3659 33.149037 
3660 33.149037 
3661 33.149037 
3662 33.149037 
3663 33.149037 
3664 33.149037 
3665 33.149037 
3666 33.149037 
3667 33.149037 
3668 33.149037 
3669 33.149037 
3670 33.149037 
3671 33.149037 
3672 33.149037 
3673 33.149037 
3674 33.149037 
3675 33.149037 
3676 33.149037 
3677 33.149037 
3678 33.149037 
3679 33.149037 
3680 33.149037 
3681 33.149037 
3682 33.149037 
3683 33.149037 
3684 33.149037 
3685 33.149037 
3686 33.149037 
3687 33.149037 
3688 33.149037 
3689 33.149037 
3690 33.149037 
3691 33.149037 
3692 33.149037 
3693 33.149037 
3694 33.149037 
3695 33.149037 
3696 33.149037 
3697 33.149037 
3698 33.149037 
3699 33.149037 
3700 33.149036 
3701 33.149036 
3702 33.149036 
3703 33.149036 
3704 33.149036 
3705 33.149036 
3706 33.149036 
3707 33.149036 
3708 33.149036 
3709 33.149036 
3710 33.149036 
3711 33.149036 
3712 33.149036 
3713 33.149036 
3714 33.149036 
3715 33.149036 
3716 33.149036 
3717 33.149036 
3718 33.149036 
3719 33.149036 
3720 33.149036 
3721 33.149036 
3722 33.149036 
3723 33.149036 
3724 33.149036 
3725 33.149036 
3726 33.149036 
3727 33.149036 
3728 33.149036 
3729 33.149036 
3730 33.149036 
3731 33.149036 
3732 33.149036 
3733 33.149036 
3734 33.149036 
3735 33.149036 
3736 33.149036 
3737 33.149036 
3738 33.149036 
3739 33.149035 
3740 33.149035 
3741 33.149035 
3742 33.149035 
3743 33.149035 
3744 33.149035 
3745 33.149035 
3746 33.149035 
3747 33.149035 
3748 33.149035 
3749 33.149035 
3750 33.149035 
3751 33.149035 
3752 33.149035 
3753 33.149035 
3754 33.149035 
3755 33.149035 
3756 33.149035 
3757 33.149035 
3758 33.149035 
3759 33.149035 
3760 33.149035 
3761 33.149035 
3762 33.149035 
3763 33.149035 
3764 33.149035 
3765 33.149035 
3766 33.149035 
3767 33.149035 
3768 33.149035 
3769 33.149035 
3770 33.149035 
3771 33.149035 
3772 33.149035 
3773 33.149035 
3774 33.149035 
3775 33.149035 
3776 33.149035 
3777 33.149035 
3778 33.149035 
3779 33.149035 
3780 33.149035 
3781 33.149035 
3782 33.149035 
3783 33.149035 
3784 33.149035 
3785 33.149035 
3786 33.149035 
3787 33.149035 
3788 33.149035 
3789 33.149035 
3790 33.149035 
3791 33.149035 
3792 33.149035 
3793 33.149035 
3794 33.149035 
3795 33.149035 
3796 33.149035 
3797 33.149035 
3798 33.149035 
3799 33.149035 
3800 33.149035 
3801 33.149035 
3802 33.149035 
3803 33.149035 
3804 33.149034 
3805 33.149034 
3806 33.149034 
3807 33.149034 
3808 33.149034 
3809 33.149034 
3810 33.149034 
3811 33.149034 
3812 33.149034 
3813 33.149034 
3814 33.149034 
3815 33.149034 
3816 33.149034 
3817 33.149034 
3818 33.149034 
3819 33.149034 
3820 33.149034 
3821 33.149034 
3822 33.149034 
3823 33.149034 
3824 33.149034 
3825 33.149034 
3826 33.149034 
3827 33.149034 
3828 33.149034 
3829 33.149034 
3830 33.149034 
3831 33.149034 
3832 33.149034 
3833 33.149034 
3834 33.149034 
3835 33.149034 
3836 33.149034 
3837 33.149034 
3838 33.149034 
3839 33.149034 
3840 33.149034 
3841 33.149034 
3842 33.149034 
3843 33.149034 
3844 33.149034 
3845 33.149034 
3846 33.149034 
3847 33.149034 
3848 33.149034 
3849 33.149034 
3850 33.149034 
3851 33.149034 
3852 33.149034 
3853 33.149034 
3854 33.149034 
3855 33.149034 
3856 33.149034 
3857 33.149034 
3858 33.149034 
3859 33.149034 
3860 33.149034 
3861 33.149034 
3862 33.149034 
3863 33.149034 
3864 33.149034 
3865 33.149034 
3866 33.149034 
3867 33.149034 
3868 33.149034 
3869 33.149034 
3870 33.149034 
3871 33.149034 
3872 33.149034 
3873 33.149033 
3874 33.149033 
3875 33.149033 
3876 33.149033 
3877 33.149033 
3878 33.149033 
3879 33.149033 
3880 33.149033 
3881 33.149033 
3882 33.149033 
3883 33.149033 
3884 33.149033 
3885 33.149033 
3886 33.149033 
3887 33.149033 
3888 33.149033 
3889 33.149033 
3890 33.149033 
3891 33.149033 
3892 33.149033 
3893 33.149033 
3894 33.149033 
3895 33.149033 
3896 33.149033 
3897 33.149033 
3898 33.149033 
3899 33.149033 
3900 33.149033 
3901 33.149033 
3902 33.149033 
3903 33.149033 
3904 33.149033 
3905 33.149033 
3906 33.149033 
3907 33.149033 
3908 33.149033 
3909 33.149033 
3910 33.149033 
3911 33.149033 
3912 33.149033 
3913 33.149033 
3914 33.149033 
3915 33.149032 
3916 33.149032 
3917 33.149032 
3918 33.149032 
3919 33.149032 
3920 33.149032 
3921 33.149032 
3922 33.149032 
3923 33.149032 
3924 33.149032 
3925 33.149032 
3926 33.149032 
3927 33.149032 
3928 33.149032 
3929 33.149032 
3930 33.149032 
3931 33.149032 
3932 33.149032 
3933 33.149032 
3934 33.149032 
3935 33.149032 
3936 33.149032 
3937 33.149032 
3938 33.149032 
3939 33.149032 
3940 33.149032 
3941 33.149032 
3942 33.149032 
3943 33.149032 
3944 33.149032 
3945 33.149032 
3946 33.149032 
3947 33.149032 
3948 33.149032 
3949 33.149032 
3950 33.149032 
3951 33.149032 
3952 33.149032 
3953 33.149032 
3954 33.149032 
3955 33.149032 
3956 33.149032 
3957 33.149032 
3958 33.149032 
3959 33.149032 
3960 33.149032 
3961 33.149032 
3962 33.149032 
3963 33.149032 
3964 33.149032 
3965 33.149032 
3966 33.149032 
3967 33.149032 
3968 33.149032 
3969 33.149032 
3970 33.149032 
3971 33.149032 
3972 33.149032 
3973 33.149032 
3974 33.149032 
3975 33.149032 
3976 33.149032 
3977 33.149032 
3978 33.149032 
3979 33.149032 
3980 33.149032 
3981 33.149032 
3982 33.149032 
3983 33.149032 
3984 33.149032 
3985 33.149032 
3986 33.149032 
3987 33.149032 
3988 33.149032 
3989 33.149032 
3990 33.149032 
3991 33.149032 
3992 33.149031 
3993 33.149031 
3994 33.149031 
3995 33.149031 
3996 33.149031 
3997 33.149031 
3998 33.149031 
3999 33.149031 
4000 33.149031 
4001 33.149031 
4002 33.149031 
4003 33.149031 
4004 33.149031 
4005 33.149031 
4006 33.149031 
4007 33.149031 
4008 33.149031 
4009 33.149031 
4010 33.149031 
4011 33.149031 
4012 33.149031 
4013 33.149031 
4014 33.149031 
4015 33.149031 
4016 33.149031 
4017 33.149031 
4018 33.149031 
4019 33.149031 
4020 33.149031 
4021 33.149031 
4022 33.149031 
4023 33.149031 
4024 33.149031 
4025 33.149031 
4026 33.149031 
4027 33.149031 
4028 33.149031 
4029 33.149031 
4030 33.149031 
4031 33.149031 
4032 33.149031 
4033 33.149031 
4034 33.149031 
4035 33.149031 
4036 33.149031 
4037 33.149031 
4038 33.149031 
4039 33.149031 
4040 33.149031 
4041 33.149031 
4042 33.14903 
4043 33.14903 
4044 33.14903 
4045 33.14903 
4046 33.14903 
4047 33.14903 
4048 33.14903 
4049 33.14903 
4050 33.14903 
4051 33.14903 
4052 33.14903 
4053 33.14903 
4054 33.14903 
4055 33.14903 
4056 33.14903 
4057 33.14903 
4058 33.14903 
4059 33.14903 
4060 33.14903 
4061 33.14903 
4062 33.14903 
4063 33.14903 
4064 33.14903 
4065 33.14903 
4066 33.14903 
4067 33.14903 
4068 33.14903 
4069 33.14903 
4070 33.14903 
4071 33.14903 
4072 33.14903 
4073 33.14903 
4074 33.14903 
4075 33.14903 
4076 33.14903 
4077 33.14903 
4078 33.14903 
4079 33.14903 
4080 33.14903 
4081 33.14903 
4082 33.14903 
4083 33.14903 
4084 33.14903 
4085 33.14903 
4086 33.14903 
4087 33.14903 
4088 33.14903 
4089 33.14903 
4090 33.14903 
4091 33.14903 
4092 33.14903 
4093 33.14903 
4094 33.14903 
4095 33.149029 
4096 33.149029 
4097 33.149029 
4098 33.149029 
4099 33.149029 
4100 33.149029 
4101 33.149029 
4102 33.149029 
4103 33.149029 
4104 33.149029 
4105 33.149029 
4106 33.149029 
4107 33.149029 
4108 33.149029 
4109 33.149029 
4110 33.149029 
4111 33.149029 
4112 33.149029 
4113 33.149029 
4114 33.149029 
4115 33.149029 
4116 33.149029 
4117 33.149029 
4118 33.149029 
4119 33.149029 
4120 33.149029 
4121 33.149029 
4122 33.149029 
4123 33.149029 
4124 33.149029 
4125 33.149029 
4126 33.149029 
4127 33.149029 
4128 33.149029 
4129 33.149029 
4130 33.149029 
4131 33.149029 
4132 33.149029 
4133 33.149029 
4134 33.149029 
4135 33.149029 
4136 33.149029 
4137 33.149029 
4138 33.149029 
4139 33.149029 
4140 33.149029 
4141 33.149029 
4142 33.149029 
4143 33.149029 
4144 33.149029 
4145 33.149029 
4146 33.149029 
4147 33.149029 
4148 33.149029 
4149 33.149029 
4150 33.149029 
4151 33.149029 
4152 33.149029 
4153 33.149028 
4154 33.149028 
4155 33.149028 
4156 33.149028 
4157 33.149028 
4158 33.149028 
4159 33.149028 
4160 33.149028 
4161 33.149028 
4162 33.149028 
4163 33.149028 
4164 33.149028 
4165 33.149028 
4166 33.149028 
4167 33.149028 
4168 33.149028 
4169 33.149028 
4170 33.149028 
4171 33.149028 
4172 33.149028 
4173 33.149028 
4174 33.149028 
4175 33.149028 
4176 33.149028 
4177 33.149028 
4178 33.149028 
4179 33.149028 
4180 33.149028 
4181 33.149028 
4182 33.149028 
4183 33.149028 
4184 33.149028 
4185 33.149028 
4186 33.149028 
4187 33.149028 
4188 33.149028 
4189 33.149028 
4190 33.149028 
4191 33.149028 
4192 33.149028 
4193 33.149028 
4194 33.149028 
4195 33.149028 
4196 33.149028 
4197 33.149028 
4198 33.149028 
4199 33.149028 
4200 33.149028 
4201 33.149028 
4202 33.149028 
4203 33.149028 
4204 33.149028 
4205 33.149028 
4206 33.149028 
4207 33.149028 
4208 33.149028 
4209 33.149028 
4210 33.149028 
4211 33.149027 
4212 33.149027 
4213 33.149027 
4214 33.149027 
4215 33.149027 
4216 33.149027 
4217 33.149027 
4218 33.149027 
4219 33.149027 
4220 33.149027 
4221 33.149027 
4222 33.149027 
4223 33.149027 
4224 33.149027 
4225 33.149027 
4226 33.149027 
4227 33.149027 
4228 33.149027 
4229 33.149027 
4230 33.149027 
4231 33.149027 
4232 33.149027 
4233 33.149027 
4234 33.149027 
4235 33.149027 
4236 33.149027 
4237 33.149027 
4238 33.149027 
4239 33.149027 
4240 33.149027 
4241 33.149027 
4242 33.149027 
4243 33.149027 
4244 33.149027 
4245 33.149027 
4246 33.149027 
4247 33.149027 
4248 33.149027 
4249 33.149027 
4250 33.149027 
4251 33.149027 
4252 33.149027 
4253 33.149027 
4254 33.149027 
4255 33.149027 
4256 33.149027 
4257 33.149027 
4258 33.149027 
4259 33.149027 
4260 33.149027 
4261 33.149027 
4262 33.149027 
4263 33.149027 
4264 33.149027 
4265 33.149027 
4266 33.149026 
4267 33.149026 
4268 33.149026 
4269 33.149026 
4270 33.149026 
4271 33.149026 
4272 33.149026 
4273 33.149026 
4274 33.149026 
4275 33.149026 
4276 33.149026 
4277 33.149026 
4278 33.149026 
4279 33.149026 
4280 33.149026 
4281 33.149026 
4282 33.149026 
4283 33.149026 
4284 33.149026 
4285 33.149026 
4286 33.149026 
4287 33.149026 
4288 33.149026 
4289 33.149026 
4290 33.149026 
4291 33.149026 
4292 33.149026 
4293 33.149026 
4294 33.149026 
4295 33.149026 
4296 33.149026 
4297 33.149026 
4298 33.149026 
4299 33.149026 
4300 33.149026 
4301 33.149026 
4302 33.149025 
4303 33.149025 
4304 33.149025 
4305 33.149025 
4306 33.149025 
4307 33.149025 
4308 33.149025 
4309 33.149025 
4310 33.149025 
4311 33.149025 
4312 33.149025 
4313 33.149025 
4314 33.149025 
4315 33.149025 
4316 33.149025 
4317 33.149025 
4318 33.149025 
4319 33.149025 
4320 33.149025 
4321 33.149025 
4322 33.149025 
4323 33.149025 
4324 33.149025 
4325 33.149025 
4326 33.149025 
4327 33.149025 
4328 33.149025 
4329 33.149025 
4330 33.149025 
4331 33.149025 
4332 33.149025 
4333 33.149025 
4334 33.149025 
4335 33.149025 
4336 33.149025 
4337 33.149025 
4338 33.149025 
4339 33.149025 
4340 33.149025 
4341 33.149025 
4342 33.149025 
4343 33.149025 
4344 33.149025 
4345 33.149025 
4346 33.149025 
4347 33.149025 
4348 33.149025 
4349 33.149025 
4350 33.149025 
4351 33.149025 
4352 33.149025 
4353 33.149025 
4354 33.149025 
4355 33.149025 
4356 33.149025 
4357 33.149024 
4358 33.149024 
4359 33.149024 
4360 33.149024 
4361 33.149024 
4362 33.149024 
4363 33.149024 
4364 33.149024 
4365 33.149024 
4366 33.149024 
4367 33.149024 
4368 33.149024 
4369 33.149024 
4370 33.149024 
4371 33.149024 
4372 33.149024 
4373 33.149024 
4374 33.149024 
4375 33.149024 
4376 33.149024 
4377 33.149024 
4378 33.149024 
4379 33.149024 
4380 33.149024 
4381 33.149024 
4382 33.149024 
4383 33.149024 
4384 33.149024 
4385 33.149024 
4386 33.149024 
4387 33.149024 
4388 33.149024 
4389 33.149024 
4390 33.149024 
4391 33.149024 
4392 33.149024 
4393 33.149024 
4394 33.149024 
4395 33.149024 
4396 33.149024 
4397 33.149024 
4398 33.149024 
4399 33.149024 
4400 33.149024 
4401 33.149024 
4402 33.149024 
4403 33.149024 
4404 33.149024 
4405 33.149024 
4406 33.149024 
4407 33.149024 
4408 33.149024 
4409 33.149024 
4410 33.149024 
4411 33.149024 
4412 33.149024 
4413 33.149024 
4414 33.149024 
4415 33.149024 
4416 33.149024 
4417 33.149024 
4418 33.149024 
4419 33.149024 
4420 33.149024 
4421 33.149024 
4422 33.149024 
4423 33.149024 
4424 33.149024 
4425 33.149024 
4426 33.149024 
4427 33.149024 
4428 33.149024 
4429 33.149024 
4430 33.149024 
4431 33.149024 
4432 33.149024 
4433 33.149024 
4434 33.149024 
4435 33.149024 
4436 33.149024 
4437 33.149024 
4438 33.149024 
4439 33.149024 
4440 33.149024 
4441 33.149024 
4442 33.149024 
4443 33.149024 
4444 33.149024 
4445 33.149023 
4446 33.149023 
4447 33.149023 
4448 33.149023 
4449 33.149023 
4450 33.149023 
4451 33.149023 
4452 33.149023 
4453 33.149023 
4454 33.149023 
4455 33.149023 
4456 33.149023 
4457 33.149023 
4458 33.149023 
4459 33.149023 
4460 33.149023 
4461 33.149023 
4462 33.149023 
4463 33.149023 
4464 33.149023 
4465 33.149023 
4466 33.149023 
4467 33.149023 
4468 33.149023 
4469 33.149023 
4470 33.149023 
4471 33.149023 
4472 33.149023 
4473 33.149023 
4474 33.149023 
4475 33.149023 
4476 33.149023 
4477 33.149023 
4478 33.149023 
4479 33.149023 
4480 33.149023 
4481 33.149023 
4482 33.149023 
4483 33.149023 
4484 33.149023 
4485 33.149023 
4486 33.149023 
4487 33.149023 
4488 33.149023 
4489 33.149023 
4490 33.149023 
4491 33.149023 
4492 33.149023 
4493 33.149023 
4494 33.149023 
4495 33.149023 
4496 33.149023 
4497 33.149023 
4498 33.149023 
4499 33.149023 
4500 33.149023 
4501 33.149023 
4502 33.149023 
4503 33.149023 
4504 33.149023 
4505 33.149023 
4506 33.149023 
4507 33.149023 
4508 33.149023 
4509 33.149023 
4510 33.149023 
4511 33.149023 
4512 33.149023 
4513 33.149023 
4514 33.149023 
4515 33.149023 
4516 33.149023 
4517 33.149023 
4518 33.149023 
4519 33.149023 
4520 33.149023 
4521 33.149023 
4522 33.149023 
4523 33.149022 
4524 33.149022 
4525 33.149022 
4526 33.149022 
4527 33.149022 
4528 33.149022 
4529 33.149022 
4530 33.149022 
4531 33.149022 
4532 33.149022 
4533 33.149022 
4534 33.149022 
4535 33.149022 
4536 33.149022 
4537 33.149022 
4538 33.149022 
4539 33.149022 
4540 33.149022 
4541 33.149022 
4542 33.149022 
4543 33.149022 
4544 33.149022 
4545 33.149022 
4546 33.149022 
4547 33.149022 
4548 33.149022 
4549 33.149022 
4550 33.149022 
4551 33.149022 
4552 33.149022 
4553 33.149022 
4554 33.149022 
4555 33.149022 
4556 33.149022 
4557 33.149022 
4558 33.149022 
4559 33.149022 
4560 33.149022 
4561 33.149022 
4562 33.149022 
4563 33.149022 
4564 33.149022 
4565 33.149022 
4566 33.149022 
4567 33.149022 
4568 33.149022 
4569 33.149022 
4570 33.149022 
4571 33.149022 
4572 33.149022 
4573 33.149022 
4574 33.149022 
4575 33.149022 
4576 33.149022 
4577 33.149022 
4578 33.149022 
4579 33.149022 
4580 33.149022 
4581 33.149022 
4582 33.149022 
4583 33.149022 
4584 33.149022 
4585 33.149022 
4586 33.149022 
4587 33.149022 
4588 33.149022 
4589 33.149022 
4590 33.149022 
4591 33.149022 
4592 33.149022 
4593 33.149022 
4594 33.149022 
4595 33.149022 
4596 33.149022 
4597 33.149022 
4598 33.149022 
4599 33.149022 
4600 33.149022 
4601 33.149022 
4602 33.149022 
4603 33.149022 
4604 33.149022 
4605 33.149022 
4606 33.149022 
4607 33.149022 
4608 33.149022 
4609 33.149022 
4610 33.149022 
4611 33.149021 
4612 33.149021 
4613 33.149021 
4614 33.149021 
4615 33.149021 
4616 33.149021 
4617 33.149021 
4618 33.149021 
4619 33.149021 
4620 33.149021 
4621 33.149021 
4622 33.149021 
4623 33.149021 
4624 33.149021 
4625 33.149021 
4626 33.149021 
4627 33.149021 
4628 33.149021 
4629 33.149021 
4630 33.149021 
4631 33.149021 
4632 33.149021 
4633 33.149021 
4634 33.149021 
4635 33.149021 
4636 33.149021 
4637 33.149021 
4638 33.149021 
4639 33.149021 
4640 33.149021 
4641 33.149021 
4642 33.149021 
4643 33.149021 
4644 33.149021 
4645 33.149021 
4646 33.149021 
4647 33.149021 
4648 33.149021 
4649 33.149021 
4650 33.149021 
4651 33.149021 
4652 33.149021 
4653 33.149021 
4654 33.149021 
4655 33.149021 
4656 33.149021 
4657 33.149021 
4658 33.149021 
4659 33.149021 
4660 33.149021 
4661 33.149021 
4662 33.149021 
4663 33.149021 
4664 33.149021 
4665 33.149021 
4666 33.149021 
4667 33.149021 
4668 33.149021 
4669 33.149021 
4670 33.149021 
4671 33.149021 
4672 33.149021 
4673 33.149021 
4674 33.149021 
4675 33.149021 
4676 33.149021 
4677 33.149021 
4678 33.149021 
4679 33.149021 
4680 33.149021 
4681 33.149021 
4682 33.149021 
4683 33.149021 
4684 33.149021 
4685 33.149021 
4686 33.149021 
4687 33.149021 
4688 33.149021 
4689 33.149021 
4690 33.149021 
4691 33.149021 
4692 33.149021 
4693 33.149021 
4694 33.149021 
4695 33.149021 
4696 33.149021 
4697 33.149021 
4698 33.149021 
4699 33.149021 
4700 33.149021 
4701 33.149021 
4702 33.149021 
4703 33.149021 
4704 33.149021 
4705 33.149021 
4706 33.14902 
4707 33.14902 
4708 33.14902 
4709 33.14902 
4710 33.14902 
4711 33.14902 
4712 33.14902 
4713 33.14902 
4714 33.14902 
4715 33.14902 
4716 33.14902 
4717 33.14902 
4718 33.14902 
4719 33.14902 
4720 33.14902 
4721 33.14902 
4722 33.14902 
4723 33.14902 
4724 33.14902 
4725 33.14902 
4726 33.14902 
4727 33.14902 
4728 33.14902 
4729 33.14902 
4730 33.14902 
4731 33.14902 
4732 33.14902 
4733 33.14902 
4734 33.14902 
4735 33.14902 
4736 33.14902 
4737 33.14902 
4738 33.14902 
4739 33.14902 
4740 33.14902 
4741 33.14902 
4742 33.14902 
4743 33.14902 
4744 33.14902 
4745 33.14902 
4746 33.14902 
4747 33.14902 
4748 33.14902 
4749 33.14902 
4750 33.14902 
4751 33.14902 
4752 33.14902 
4753 33.14902 
4754 33.14902 
4755 33.14902 
4756 33.14902 
4757 33.14902 
4758 33.14902 
4759 33.14902 
4760 33.14902 
4761 33.14902 
4762 33.14902 
4763 33.14902 
4764 33.14902 
4765 33.14902 
4766 33.14902 
4767 33.14902 
4768 33.14902 
4769 33.14902 
4770 33.14902 
4771 33.14902 
4772 33.14902 
4773 33.14902 
4774 33.14902 
4775 33.14902 
4776 33.14902 
4777 33.14902 
4778 33.14902 
4779 33.14902 
4780 33.14902 
4781 33.14902 
4782 33.14902 
4783 33.14902 
4784 33.14902 
4785 33.14902 
4786 33.14902 
4787 33.14902 
4788 33.14902 
4789 33.14902 
4790 33.14902 
4791 33.14902 
4792 33.14902 
4793 33.14902 
4794 33.14902 
4795 33.14902 
4796 33.14902 
4797 33.14902 
4798 33.14902 
4799 33.14902 
4800 33.14902 
4801 33.14902 
4802 33.14902 
4803 33.14902 
4804 33.14902 
4805 33.14902 
4806 33.14902 
4807 33.14902 
4808 33.14902 
4809 33.14902 
4810 33.14902 
4811 33.14902 
4812 33.14902 
4813 33.14902 
4814 33.14902 
4815 33.14902 
4816 33.14902 
4817 33.14902 
4818 33.14902 
4819 33.14902 
4820 33.14902 
4821 33.14902 
4822 33.14902 
4823 33.14902 
4824 33.14902 
4825 33.14902 
4826 33.149019 
4827 33.149019 
4828 33.149019 
4829 33.149019 
4830 33.149019 
4831 33.149019 
4832 33.149019 
4833 33.149019 
4834 33.149019 
4835 33.149019 
4836 33.149019 
4837 33.149019 
4838 33.149019 
4839 33.149019 
4840 33.149019 
4841 33.149019 
4842 33.149019 
4843 33.149019 
4844 33.149019 
4845 33.149019 
4846 33.149019 
4847 33.149019 
4848 33.149019 
4849 33.149019 
4850 33.149019 
4851 33.149019 
4852 33.149019 
4853 33.149019 
4854 33.149019 
4855 33.149019 
4856 33.149019 
4857 33.149019 
4858 33.149019 
4859 33.149019 
4860 33.149019 
4861 33.149019 
4862 33.149019 
4863 33.149019 
4864 33.149019 
4865 33.149019 
4866 33.149019 
4867 33.149019 
4868 33.149019 
4869 33.149019 
4870 33.149019 
4871 33.149019 
4872 33.149019 
4873 33.149019 
4874 33.149019 
4875 33.149019 
4876 33.149019 
4877 33.149019 
4878 33.149019 
4879 33.149019 
4880 33.149019 
4881 33.149019 
4882 33.149019 
4883 33.149019 
4884 33.149019 
4885 33.149019 
4886 33.149019 
4887 33.149019 
4888 33.149019 
4889 33.149019 
4890 33.149019 
4891 33.149019 
4892 33.149019 
4893 33.149019 
4894 33.149019 
4895 33.149019 
4896 33.149019 
4897 33.149019 
4898 33.149019 
4899 33.149019 
4900 33.149019 
4901 33.149019 
4902 33.149019 
4903 33.149019 
4904 33.149019 
4905 33.149019 
4906 33.149019 
4907 33.149019 
4908 33.149019 
4909 33.149019 
4910 33.149019 
4911 33.149019 
4912 33.149019 
4913 33.149019 
4914 33.149019 
4915 33.149019 
4916 33.149019 
4917 33.149019 
4918 33.149019 
4919 33.149019 
4920 33.149019 
4921 33.149019 
4922 33.149019 
4923 33.149019 
4924 33.149019 
4925 33.149019 
4926 33.149019 
4927 33.149019 
4928 33.149019 
4929 33.149019 
4930 33.149019 
4931 33.149019 
4932 33.149019 
4933 33.149019 
4934 33.149019 
4935 33.149019 
4936 33.149019 
4937 33.149019 
4938 33.149019 
4939 33.149019 
4940 33.149019 
4941 33.149019 
4942 33.149019 
4943 33.149019 
4944 33.149018 
4945 33.149018 
4946 33.149018 
4947 33.149018 
4948 33.149018 
4949 33.149018 
4950 33.149018 
4951 33.149018 
4952 33.149018 
4953 33.149018 
4954 33.149018 
4955 33.149018 
4956 33.149018 
4957 33.149018 
4958 33.149018 
4959 33.149018 
4960 33.149018 
4961 33.149018 
4962 33.149018 
4963 33.149018 
4964 33.149018 
4965 33.149018 
4966 33.149018 
4967 33.149018 
4968 33.149018 
4969 33.149018 
4970 33.149018 
4971 33.149018 
4972 33.149018 
4973 33.149018 
4974 33.149018 
4975 33.149018 
4976 33.149018 
4977 33.149018 
4978 33.149018 
4979 33.149018 
4980 33.149018 
4981 33.149018 
4982 33.149018 
4983 33.149018 
4984 33.149018 
4985 33.149018 
4986 33.149017 
4987 33.149017 
4988 33.149017 
4989 33.149017 
4990 33.149017 
4991 33.149017 
4992 33.149017 
4993 33.149017 
4994 33.149017 
4995 33.149017 
4996 33.149017 
4997 33.149017 
4998 33.149017 
4999 33.149017 
5000 33.149017 
