1 36.6901
2 36.69
3 36.6669
4 36.6669
5 36.0804
6 36.0786
7 36
8 35.8078
9 35.8077
10 35.8077
11 35.8076
12 35.8076
13 35.7261
14 35.6679
15 35.5956
16 35.4947
17 35.4653
18 35.4652
19 35.4652
20 35.4615
21 35.4554
22 35.4554
23 35.4538
24 35.4538
25 35.4525
26 35.4068
27 35.4065
28 35.3952
29 35.3814
30 35.3814
31 35.3544
32 35.3543
33 35.3365
34 35.3235
35 35.309
36 34.9929
37 34.9928
38 34.9636
39 34.9285
40 34.9282
41 34.9282
42 34.9266
43 34.9258
44 34.9245
45 34.9183
46 34.9183
47 34.9169
48 34.9093
49 34.9092
50 34.8913
51 34.8589
52 34.8549
53 34.8465
54 34.8464
55 34.8459
56 34.8414
57 34.8393
58 34.8372
59 34.8345
60 34.8345
61 34.8274
62 34.826
63 34.826
64 34.8258
65 34.8256
66 34.8253
67 34.8252
68 34.8223
69 34.8188
70 34.8188
71 34.8145
72 34.8137
73 34.8125
74 34.8116
75 34.8104
76 34.8065
77 34.7692
78 34.7458
79 34.7457
80 34.7317
81 34.7234
82 34.7232
83 34.7111
84 34.7048
85 34.7032
86 34.6978
87 34.6952
88 34.6873
89 34.6873
90 34.682
91 34.6788
92 34.6788
93 34.6781
94 34.6779
95 34.6779
96 34.6768
97 34.6722
98 34.6711
99 34.6651
100 34.6641
101 34.6557
102 34.6557
103 34.6437
104 34.6437
105 34.6335
106 34.6284
107 34.628
108 34.6225
109 34.6161
110 34.6146
111 34.5991
112 34.5809
113 34.5728
114 34.5727
115 34.5727
116 34.5722
117 34.5713
118 34.5705
119 34.5704
120 34.57
121 34.5677
122 34.5677
123 34.5631
124 34.563
125 34.5608
126 34.5525
127 34.3695
128 34.3684
129 34.356
130 34.3344
131 34.3334
132 34.3127
133 34.2991
134 34.2985
135 34.2957
136 34.2826
137 34.2784
138 34.2666
139 34.2297
140 34.2296
141 34.225
142 34.225
143 34.2248
144 34.2245
145 34.2242
146 34.2229
147 34.2222
148 34.2219
149 34.2216
150 34.2215
151 34.2214
152 34.217
153 34.217
154 34.2167
155 34.2162
156 34.2162
157 34.2147
158 34.2144
159 34.2136
160 34.2135
161 34.2132
162 34.2129
163 34.2122
164 34.2112
165 34.2111
166 34.2084
167 34.1912
168 34.1474
169 34.1389
170 34.1302
171 34.1191
172 34.1153
173 34.1052
174 34.1026
175 34.0969
176 34.0935
177 34.0898
178 34.0766
179 34.0766
180 34.0765
181 34.0765
182 34.0673
183 34.0673
184 34.0638
185 34.0625
186 34.0602
187 34.0582
188 34.0579
189 34.0562
190 34.0543
191 34.0537
192 34.0504
193 34.0504
194 34.0487
195 34.0485
196 34.0484
197 34.0482
198 34.048
199 34.0479
200 34.0476
201 34.0474
202 34.0473
203 34.0469
204 34.0464
205 34.0431
206 34.0431
207 34.0418
208 34.0418
209 34.0406
210 34.0398
211 34.0392
212 34.0385
213 34.0377
214 34.0371
215 34.0363
216 34.0347
217 34.0076
218 34.0075
219 34.0062
220 34.0061
221 34.0059
222 34.0058
223 34.0056
224 34.0056
225 34.0055
226 34.0053
227 34.0052
228 34.005
229 34.005
230 34.0045
231 34.0033
232 33.9035
233 33.9027
234 33.8965
235 33.8847
236 33.8845
237 33.8845
238 33.8813
239 33.8813
240 33.8813
241 33.8802
242 33.8787
243 33.8783
244 33.8777
245 33.8761
246 33.8757
247 33.8756
248 33.8735
249 33.8725
250 33.8691
251 33.8682
252 33.8662
253 33.8581
254 33.8555
255 33.8524
256 33.8388
257 33.837
258 33.8361
259 33.8349
260 33.8339
261 33.8322
262 33.828
263 33.751
264 33.6997
265 33.6997
266 33.6922
267 33.6922
268 33.6905
269 33.6904
270 33.69
271 33.6874
272 33.685
273 33.6816
274 33.6801
275 33.6786
276 33.6681
277 33.6679
278 33.6667
279 33.6656
280 33.6641
281 33.6631
282 33.6548
283 33.6475
284 33.6362
285 33.6225
286 33.6159
287 33.6135
288 33.6039
289 33.6017
290 33.586
291 33.5834
292 33.5819
293 33.5798
294 33.5783
295 33.577
296 33.5731
297 33.5556
298 33.5453
299 33.5433
300 33.5425
301 33.5386
302 33.5369
303 33.5355
304 33.533
305 33.5316
306 33.5302
307 33.5287
308 33.5273
309 33.5265
310 33.5256
311 33.522
312 33.5171
313 33.513
314 33.5116
315 33.5025
316 33.5023
317 33.5023
318 33.4979
319 33.4972
320 33.4956
321 33.4953
322 33.4946
323 33.4935
324 33.4931
325 33.4928
326 33.4925
327 33.4924
328 33.4916
329 33.4897
330 33.485
331 33.4644
332 33.4643
333 33.457
334 33.457
335 33.4563
336 33.4558
337 33.4555
338 33.4552
339 33.455
340 33.4542
341 33.454
342 33.4537
343 33.4536
344 33.4532
345 33.4531
346 33.4531
347 33.4529
348 33.4529
349 33.4527
350 33.4525
351 33.4525
352 33.4524
353 33.4523
354 33.4521
355 33.4519
356 33.4518
357 33.4517
358 33.4515
359 33.4514
360 33.4514
361 33.4504
362 33.4504
363 33.4504
364 33.4503
365 33.4499
366 33.4486
367 33.4443
368 33.4392
369 33.4391
370 33.4378
371 33.4155
372 33.4152
373 33.4148
374 33.4135
375 33.4133
376 33.413
377 33.413
378 33.4129
379 33.4127
380 33.4126
381 33.4125
382 33.4123
383 33.4121
384 33.4119
385 33.4106
386 33.3992
387 33.3992
388 33.3934
389 33.3934
390 33.3926
391 33.3922
392 33.3914
393 33.391
394 33.3906
395 33.3902
396 33.3898
397 33.3892
398 33.3889
399 33.3888
400 33.3886
401 33.3879
402 33.3876
403 33.3869
404 33.3866
405 33.3866
406 33.3864
407 33.386
408 33.3842
409 33.3752
410 33.375
411 33.3727
412 33.3591
413 33.3588
414 33.3543
415 33.3527
416 33.3527
417 33.3524
418 33.3521
419 33.3516
420 33.351
421 33.3509
422 33.3507
423 33.3505
424 33.3504
425 33.3503
426 33.35
427 33.3499
428 33.3497
429 33.3496
430 33.3495
431 33.3493
432 33.3493
433 33.3327
434 33.327
435 33.326
436 33.324
437 33.323
438 33.3224
439 33.322
440 33.3213
441 33.3211
442 33.321
443 33.3183
444 33.3167
445 33.3096
446 33.3074
447 33.3068
448 33.3067
449 33.3065
450 33.306
451 33.3055
452 33.3052
453 33.305
454 33.3047
455 33.3045
456 33.3043
457 33.3042
458 33.3041
459 33.304
460 33.3039
461 33.3036
462 33.3035
463 33.3035
464 33.3033
465 33.2988
466 33.2978
467 33.2978
468 33.2977
469 33.2977
470 33.2976
471 33.2971
472 33.2968
473 33.2967
474 33.2966
475 33.2966
476 33.2964
477 33.2964
478 33.2963
479 33.2929
480 33.289
481 33.2888
482 33.2882
483 33.2878
484 33.2875
485 33.2871
486 33.287
487 33.2837
488 33.2823
489 33.2766
490 33.2698
491 33.2693
492 33.2682
493 33.2676
494 33.2675
495 33.2675
496 33.2673
497 33.2671
498 33.2669
499 33.2667
500 33.2666
501 33.2664
502 33.2664
503 33.2663
504 33.2662
505 33.2661
506 33.266
507 33.2659
508 33.2659
509 33.2658
510 33.2657
511 33.2656
512 33.2655
513 33.2654
514 33.2653
515 33.2652
516 33.265
517 33.2649
518 33.2638
519 33.2612
520 33.2601
521 33.2591
522 33.2591
523 33.259
524 33.2588
525 33.2585
526 33.2583
527 33.2582
528 33.2582
529 33.2581
530 33.258
531 33.258
532 33.2579
533 33.2579
534 33.2578
535 33.2578
536 33.2577
537 33.2577
538 33.2576
539 33.2576
540 33.2575
541 33.2575
542 33.2563
543 33.2553
544 33.2546
545 33.2523
546 33.2522
547 33.2513
548 33.2509
549 33.2506
550 33.2505
551 33.2503
552 33.2501
553 33.25
554 33.2494
555 33.249
556 33.2442
557 33.244
558 33.2439
559 33.2436
560 33.2431
561 33.2428
562 33.2407
563 33.2407
564 33.2407
565 33.2402
566 33.2402
567 33.2401
568 33.24
569 33.2398
570 33.2397
571 33.2396
572 33.2395
573 33.2393
574 33.2393
575 33.2392
576 33.2391
577 33.2391
578 33.239
579 33.239
580 33.239
581 33.2389
582 33.2389
583 33.2389
584 33.2388
585 33.2388
586 33.2388
587 33.2387
588 33.2387
589 33.2387
590 33.2386
591 33.2386
592 33.2384
593 33.2381
594 33.2377
595 33.2377
596 33.2374
597 33.2372
598 33.2356
599 33.2356
600 33.2354
601 33.2353
602 33.2307
603 33.2298
604 33.2297
605 33.2295
606 33.2295
607 33.2292
608 33.229
609 33.2288
610 33.2286
611 33.2278
612 33.2278
613 33.2275
614 33.2273
615 33.2272
616 33.2268
617 33.2266
618 33.2266
619 33.226
620 33.2257
621 33.2254
622 33.2253
623 33.2252
624 33.2251
625 33.2251
626 33.225
627 33.225
628 33.2249
629 33.2224
630 33.2218
631 33.2214
632 33.2213
633 33.2211
634 33.221
635 33.2208
636 33.2207
637 33.2206
638 33.2194
639 33.2187
640 33.2186
641 33.2185
642 33.2182
643 33.2181
644 33.218
645 33.2177
646 33.2176
647 33.2175
648 33.217
649 33.2169
650 33.2165
651 33.2164
652 33.2163
653 33.2161
654 33.216
655 33.216
656 33.2159
657 33.2158
658 33.2158
659 33.2157
660 33.2157
661 33.2156
662 33.2156
663 33.2155
664 33.2155
665 33.2155
666 33.2155
667 33.2155
668 33.2154
669 33.2154
670 33.2154
671 33.2154
672 33.2153
673 33.2153
674 33.2146
675 33.2146
676 33.2146
677 33.2146
678 33.2146
679 33.2144
680 33.2143
681 33.2136
682 33.2135
683 33.2135
684 33.2134
685 33.2128
686 33.2128
687 33.2126
688 33.2125
689 33.212
690 33.2119
691 33.2118
692 33.2117
693 33.2116
694 33.2115
695 33.2114
696 33.2113
697 33.2112
698 33.2109
699 33.2109
700 33.2108
701 33.2106
702 33.2105
703 33.2105
704 33.2103
705 33.2103
706 33.2102
707 33.2102
708 33.2101
709 33.2101
710 33.2099
711 33.2099
712 33.2099
713 33.2098
714 33.2098
715 33.2097
716 33.2096
717 33.2094
718 33.2094
719 33.2094
720 33.2092
721 33.2091
722 33.2086
723 33.2085
724 33.2084
725 33.2084
726 33.2083
727 33.2083
728 33.2082
729 33.2082
730 33.2081
731 33.2081
732 33.2078
733 33.2078
734 33.2077
735 33.2076
736 33.2076
737 33.2075
738 33.2063
739 33.2059
740 33.2057
741 33.2056
742 33.2055
743 33.2054
744 33.2053
745 33.2051
746 33.2049
747 33.2048
748 33.2047
749 33.2046
750 33.2044
751 33.2043
752 33.2043
753 33.2042
754 33.2041
755 33.2041
756 33.204
757 33.2039
758 33.2038
759 33.2038
760 33.2038
761 33.2038
762 33.2038
763 33.2037
764 33.2037
765 33.2036
766 33.2036
767 33.2036
768 33.2036
769 33.2036
770 33.2035
771 33.2035
772 33.2035
773 33.2032
774 33.2031
775 33.2031
776 33.2031
777 33.2031
778 33.203
779 33.203
780 33.2025
781 33.2025
782 33.2025
783 33.2024
784 33.2024
785 33.2023
786 33.2022
787 33.2021
788 33.2021
789 33.2021
790 33.202
791 33.202
792 33.2019
793 33.2019
794 33.2018
795 33.2018
796 33.2018
797 33.2018
798 33.2016
799 33.2016
800 33.2016
801 33.2016
802 33.2015
803 33.2015
804 33.2015
805 33.2014
806 33.201
807 33.201
808 33.2009
809 33.2008
810 33.2008
811 33.2008
812 33.2007
813 33.2006
814 33.2006
815 33.2005
816 33.2005
817 33.2005
818 33.2004
819 33.2004
820 33.2004
821 33.2004
822 33.2003
823 33.2003
824 33.1999
825 33.1998
826 33.1997
827 33.1997
828 33.1997
829 33.1996
830 33.1996
831 33.1996
832 33.1996
833 33.1995
834 33.1995
835 33.1995
836 33.1995
837 33.1992
838 33.1991
839 33.199
840 33.199
841 33.199
842 33.199
843 33.199
844 33.1989
845 33.1989
846 33.1988
847 33.1988
848 33.1988
849 33.1987
850 33.1979
851 33.1973
852 33.1972
853 33.1971
854 33.197
855 33.197
856 33.197
857 33.197
858 33.197
859 33.1969
860 33.1969
861 33.1964
862 33.1962
863 33.1961
864 33.196
865 33.196
866 33.196
867 33.196
868 33.1959
869 33.1959
870 33.1958
871 33.1958
872 33.1958
873 33.1957
874 33.1957
875 33.1957
876 33.1957
877 33.1957
878 33.1957
879 33.1956
880 33.1956
881 33.1956
882 33.1956
883 33.1956
884 33.1955
885 33.1955
886 33.1955
887 33.1955
888 33.1955
889 33.1955
890 33.1954
891 33.1954
892 33.1954
893 33.1954
894 33.1953
895 33.1953
896 33.1948
897 33.1947
898 33.1947
899 33.1947
900 33.1947
901 33.1947
902 33.1946
903 33.1946
904 33.1945
905 33.1945
906 33.1945
907 33.1944
908 33.1939
909 33.1938
910 33.1934
911 33.1931
912 33.1931
913 33.193
914 33.193
915 33.1929
916 33.1928
917 33.1928
918 33.1927
919 33.1927
920 33.1927
921 33.1926
922 33.1926
923 33.1926
924 33.1926
925 33.1925
926 33.1925
927 33.1925
928 33.1925
929 33.1925
930 33.1924
931 33.1924
932 33.1924
933 33.1924
934 33.1924
935 33.1924
936 33.1924
937 33.1924
938 33.1924
939 33.1923
940 33.1923
941 33.1923
942 33.1923
943 33.1923
944 33.1922
945 33.1922
946 33.1922
947 33.1922
948 33.1922
949 33.1919
950 33.1918
951 33.1918
952 33.1918
953 33.1917
954 33.1917
955 33.1917
956 33.1917
957 33.1916
958 33.1915
959 33.1915
960 33.1915
961 33.1915
962 33.1915
963 33.1914
964 33.1914
965 33.1914
966 33.1914
967 33.1913
968 33.1913
969 33.1913
970 33.1913
971 33.1913
972 33.1912
973 33.1912
974 33.1912
975 33.1912
976 33.1911
977 33.1907
978 33.1906
979 33.1906
980 33.1906
981 33.1906
982 33.1905
983 33.1905
984 33.1905
985 33.1905
986 33.19
987 33.1899
988 33.1898
989 33.1898
990 33.1898
991 33.1898
992 33.1897
993 33.1897
994 33.1896
995 33.1896
996 33.1896
997 33.1896
998 33.1896
999 33.1896
1000 33.1896
1001 33.1896
1002 33.1896
1003 33.1895
1004 33.1895
1005 33.1895
1006 33.1894
1007 33.1893
1008 33.1893
1009 33.1893
1010 33.1892
1011 33.1892
1012 33.1892
1013 33.1892
1014 33.1892
1015 33.1892
1016 33.1891
1017 33.1891
1018 33.1891
1019 33.1891
1020 33.189
1021 33.189
1022 33.189
1023 33.189
1024 33.189
1025 33.189
1026 33.189
1027 33.189
1028 33.189
1029 33.189
1030 33.1889
1031 33.1889
1032 33.1888
1033 33.1888
1034 33.1888
1035 33.1888
1036 33.1887
1037 33.1887
1038 33.1887
1039 33.1887
1040 33.1887
1041 33.1887
1042 33.1885
1043 33.1884
1044 33.1884
1045 33.1884
1046 33.1884
1047 33.1884
1048 33.1884
1049 33.1884
1050 33.1884
1051 33.1883
1052 33.1883
1053 33.1883
1054 33.1883
1055 33.1882
1056 33.1882
1057 33.1882
1058 33.1882
1059 33.1882
1060 33.1882
1061 33.1882
1062 33.1879
1063 33.1878
1064 33.1878
1065 33.1878
1066 33.1878
1067 33.1877
1068 33.1876
1069 33.1876
1070 33.1876
1071 33.1876
1072 33.1876
1073 33.1876
1074 33.1876
1075 33.1875
1076 33.1875
1077 33.1875
1078 33.1875
1079 33.1875
1080 33.1874
1081 33.1874
1082 33.1874
1083 33.1874
1084 33.1874
1085 33.1874
1086 33.1874
1087 33.1874
1088 33.1874
1089 33.1874
1090 33.1874
1091 33.1874
1092 33.1874
1093 33.1874
1094 33.1874
1095 33.1874
1096 33.1873
1097 33.1873
1098 33.1873
1099 33.1873
1100 33.1873
1101 33.1873
1102 33.1873
1103 33.1873
1104 33.1873
1105 33.1873
1106 33.1873
1107 33.1872
1108 33.1872
1109 33.1872
1110 33.1872
1111 33.1872
1112 33.1872
1113 33.1872
1114 33.1872
1115 33.1872
1116 33.1871
1117 33.1871
1118 33.1871
1119 33.1871
1120 33.1871
1121 33.1871
1122 33.1871
1123 33.1871
1124 33.1871
1125 33.1871
1126 33.1871
1127 33.1871
1128 33.1871
1129 33.1871
1130 33.1871
1131 33.1871
1132 33.1871
1133 33.1871
1134 33.1871
1135 33.187
1136 33.187
1137 33.187
1138 33.187
1139 33.1869
1140 33.1869
1141 33.1869
1142 33.1869
1143 33.1869
1144 33.1869
1145 33.1869
1146 33.1869
1147 33.1868
1148 33.1868
1149 33.1868
1150 33.1868
1151 33.1867
1152 33.1866
1153 33.1866
1154 33.1865
1155 33.1865
1156 33.1864
1157 33.1864
1158 33.1863
1159 33.1862
1160 33.1862
1161 33.1862
1162 33.1861
1163 33.1861
1164 33.1861
1165 33.186
1166 33.186
1167 33.186
1168 33.1859
1169 33.1859
1170 33.1859
1171 33.1859
1172 33.1858
1173 33.1858
1174 33.1858
1175 33.1856
1176 33.1855
1177 33.1854
1178 33.1854
1179 33.1853
1180 33.1853
1181 33.1853
1182 33.185
1183 33.185
1184 33.1848
1185 33.1847
1186 33.1845
1187 33.1845
1188 33.1844
1189 33.1843
1190 33.1843
1191 33.1841
1192 33.184
1193 33.184
1194 33.1836
1195 33.1834
1196 33.1828
1197 33.1828
1198 33.1822
1199 33.1822
1200 33.1821
1201 33.1821
1202 33.182
1203 33.1819
1204 33.1814
1205 33.1813
1206 33.1812
1207 33.181
1208 33.181
1209 33.1809
1210 33.1808
1211 33.1807
1212 33.1806
1213 33.1801
1214 33.1801
1215 33.18
1216 33.1795
1217 33.1794
1218 33.1794
1219 33.1789
1220 33.1787
1221 33.1785
1222 33.1779
1223 33.1778
1224 33.1777
1225 33.177
1226 33.1769
1227 33.1768
1228 33.1761
1229 33.1757
1230 33.1755
1231 33.1748
1232 33.1746
1233 33.1745
1234 33.1741
1235 33.1739
1236 33.1736
1237 33.1735
1238 33.1732
1239 33.1731
1240 33.1727
1241 33.1724
1242 33.1722
1243 33.1721
1244 33.1719
1245 33.1718
1246 33.1717
1247 33.1716
1248 33.1716
1249 33.1716
1250 33.1715
1251 33.1715
1252 33.1715
1253 33.1714
1254 33.1711
1255 33.1711
1256 33.1709
1257 33.1706
1258 33.1705
1259 33.1704
1260 33.1701
1261 33.1699
1262 33.1695
1263 33.1694
1264 33.1689
1265 33.1685
1266 33.1685
1267 33.1682
1268 33.1681
1269 33.1679
1270 33.1679
1271 33.1674
1272 33.1673
1273 33.1672
1274 33.1668
1275 33.1667
1276 33.1667
1277 33.1664
1278 33.1663
1279 33.1661
1280 33.1661
1281 33.1649
1282 33.1643
1283 33.1641
1284 33.164
1285 33.1639
1286 33.1637
1287 33.1636
1288 33.1635
1289 33.1634
1290 33.1633
1291 33.1631
1292 33.163
1293 33.1629
1294 33.1629
1295 33.1627
1296 33.1627
1297 33.1627
1298 33.1624
1299 33.1623
1300 33.1622
1301 33.1621
1302 33.1618
1303 33.1617
1304 33.1617
1305 33.1615
1306 33.1615
1307 33.1613
1308 33.1613
1309 33.1612
1310 33.1612
1311 33.1612
1312 33.1611
1313 33.1611
1314 33.1611
1315 33.161
1316 33.161
1317 33.161
1318 33.161
1319 33.161
1320 33.1609
1321 33.1609
1322 33.1609
1323 33.1609
1324 33.1609
1325 33.1609
1326 33.1609
1327 33.1606
1328 33.1605
1329 33.1605
1330 33.1605
1331 33.1604
1332 33.1599
1333 33.1598
1334 33.1597
1335 33.1597
1336 33.1597
1337 33.1597
1338 33.1597
1339 33.1595
1340 33.1594
1341 33.1593
1342 33.1592
1343 33.1592
1344 33.1591
1345 33.159
1346 33.159
1347 33.1587
1348 33.1587
1349 33.1587
1350 33.1587
1351 33.1583
1352 33.1583
1353 33.1582
1354 33.1582
1355 33.1581
1356 33.1581
1357 33.158
1358 33.158
1359 33.1579
1360 33.1579
1361 33.1578
1362 33.1578
1363 33.1577
1364 33.1577
1365 33.1577
1366 33.1577
1367 33.1576
1368 33.1575
1369 33.1575
1370 33.1575
1371 33.1574
1372 33.1574
1373 33.1574
1374 33.1573
1375 33.1573
1376 33.1573
1377 33.1573
1378 33.1572
1379 33.1572
1380 33.1572
1381 33.1572
1382 33.1571
1383 33.1571
1384 33.1567
1385 33.1564
1386 33.1564
1387 33.1563
1388 33.1563
1389 33.1563
1390 33.1563
1391 33.1563
1392 33.1563
1393 33.1562
1394 33.1562
1395 33.156
1396 33.156
1397 33.156
1398 33.156
1399 33.156
1400 33.156
1401 33.156
1402 33.1559
1403 33.1559
1404 33.1559
1405 33.1559
1406 33.1559
1407 33.1558
1408 33.1558
1409 33.1558
1410 33.1558
1411 33.1558
1412 33.1557
1413 33.1557
1414 33.1557
1415 33.1557
1416 33.1554
1417 33.1552
1418 33.1552
1419 33.1551
1420 33.1551
1421 33.1551
1422 33.1551
1423 33.1551
1424 33.1551
1425 33.1551
1426 33.1551
1427 33.155
1428 33.155
1429 33.155
1430 33.155
1431 33.155
1432 33.155
1433 33.155
1434 33.1547
1435 33.1546
1436 33.1545
1437 33.1545
1438 33.1545
1439 33.1545
1440 33.1545
1441 33.1545
1442 33.1544
1443 33.1544
1444 33.1544
1445 33.1542
1446 33.1542
1447 33.1542
1448 33.1541
1449 33.1541
1450 33.1541
1451 33.1541
1452 33.1541
1453 33.1541
1454 33.1541
1455 33.154
1456 33.1539
1457 33.1538
1458 33.1538
1459 33.1538
1460 33.1537
1461 33.1537
1462 33.1537
1463 33.1537
1464 33.1537
1465 33.1537
1466 33.1537
1467 33.1537
1468 33.1537
1469 33.1536
1470 33.1536
1471 33.1536
1472 33.1536
1473 33.1536
1474 33.1536
1475 33.1536
1476 33.1536
1477 33.1536
1478 33.1536
1479 33.1536
1480 33.1536
1481 33.1535
1482 33.1535
1483 33.1535
1484 33.1535
1485 33.1534
1486 33.1533
1487 33.1533
1488 33.1533
1489 33.1533
1490 33.1533
1491 33.1533
1492 33.1533
1493 33.1533
1494 33.1532
1495 33.1532
1496 33.1532
1497 33.1532
1498 33.1532
1499 33.1532
1500 33.1532
1501 33.1532
1502 33.1532
1503 33.1531
1504 33.1531
1505 33.1531
1506 33.1531
1507 33.153
1508 33.153
1509 33.153
1510 33.153
1511 33.1528
1512 33.1527
1513 33.1527
1514 33.1527
1515 33.1527
1516 33.1527
1517 33.1527
1518 33.1527
1519 33.1526
1520 33.1526
1521 33.1526
1522 33.1526
1523 33.1525
1524 33.1525
1525 33.1525
1526 33.1525
1527 33.1525
1528 33.1524
1529 33.1524
1530 33.1524
1531 33.1524
1532 33.1523
1533 33.1523
1534 33.1523
1535 33.1523
1536 33.1523
1537 33.1523
1538 33.1523
1539 33.1523
1540 33.1522
1541 33.1522
1542 33.1522
1543 33.1522
1544 33.1522
1545 33.1522
1546 33.1521
1547 33.1521
1548 33.1521
1549 33.1521
1550 33.1521
1551 33.1521
1552 33.1521
1553 33.1521
1554 33.1521
1555 33.1521
1556 33.1521
1557 33.1521
1558 33.1521
1559 33.1521
1560 33.1521
1561 33.1521
1562 33.1521
1563 33.152
1564 33.152
1565 33.1519
1566 33.1519
1567 33.1519
1568 33.1519
1569 33.1519
1570 33.1519
1571 33.1519
1572 33.1519
1573 33.1519
1574 33.1519
1575 33.1518
1576 33.1518
1577 33.1518
1578 33.1518
1579 33.1518
1580 33.1517
1581 33.1517
1582 33.1517
1583 33.1516
1584 33.1516
1585 33.1516
1586 33.1516
1587 33.1516
1588 33.1516
1589 33.1516
1590 33.1516
1591 33.1516
1592 33.1516
1593 33.1516
1594 33.1516
1595 33.1516
1596 33.1516
1597 33.1515
1598 33.1515
1599 33.1515
1600 33.1515
1601 33.1515
1602 33.1515
1603 33.1514
1604 33.1514
1605 33.1514
1606 33.1514
1607 33.1514
1608 33.1514
1609 33.1513
1610 33.1513
1611 33.1513
1612 33.1513
1613 33.1513
1614 33.1513
1615 33.1513
1616 33.1513
1617 33.1513
1618 33.1513
1619 33.1513
1620 33.1513
1621 33.1513
1622 33.1513
1623 33.1513
1624 33.1513
1625 33.1513
1626 33.1513
1627 33.1513
1628 33.1513
1629 33.1513
1630 33.1513
1631 33.1513
1632 33.1513
1633 33.1513
1634 33.1513
1635 33.1513
1636 33.1513
1637 33.1513
1638 33.1513
1639 33.1513
1640 33.1513
1641 33.1513
1642 33.1513
1643 33.1513
1644 33.1513
1645 33.1513
1646 33.1513
1647 33.1513
1648 33.1513
1649 33.1512
1650 33.1512
1651 33.1512
1652 33.1512
1653 33.1512
1654 33.1512
1655 33.1512
1656 33.1512
1657 33.1512
1658 33.1512
1659 33.1512
1660 33.1511
1661 33.1511
1662 33.1511
1663 33.1511
1664 33.1511
1665 33.1511
1666 33.1511
1667 33.1511
1668 33.1511
1669 33.1511
1670 33.1511
1671 33.1511
1672 33.1511
1673 33.151
1674 33.151
1675 33.151
1676 33.151
1677 33.151
1678 33.151
1679 33.151
1680 33.151
1681 33.151
1682 33.151
1683 33.151
1684 33.151
1685 33.151
1686 33.151
1687 33.151
1688 33.151
1689 33.151
1690 33.151
1691 33.151
1692 33.1509
1693 33.1509
1694 33.1509
1695 33.1509
1696 33.1509
1697 33.1509
1698 33.1509
1699 33.1509
1700 33.1509
1701 33.1509
1702 33.1509
1703 33.1509
1704 33.1509
1705 33.1509
1706 33.1509
1707 33.1509
1708 33.1509
1709 33.1509
1710 33.1509
1711 33.1509
1712 33.1509
1713 33.1509
1714 33.1509
1715 33.1509
1716 33.1509
1717 33.1509
1718 33.1509
1719 33.1509
1720 33.1509
1721 33.1509
1722 33.1509
1723 33.1509
1724 33.1509
1725 33.1509
1726 33.1509
1727 33.1509
1728 33.1509
1729 33.1509
1730 33.1509
1731 33.1509
1732 33.1509
1733 33.1509
1734 33.1509
1735 33.1509
1736 33.1509
1737 33.1509
1738 33.1509
1739 33.1509
1740 33.1509
1741 33.1509
1742 33.1509
1743 33.1509
1744 33.1509
1745 33.1509
1746 33.1509
1747 33.1509
1748 33.1509
1749 33.1509
1750 33.1509
1751 33.1509
1752 33.1509
1753 33.1509
1754 33.1509
1755 33.1509
1756 33.1509
1757 33.1509
1758 33.1509
1759 33.1509
1760 33.1508
1761 33.1508
1762 33.1508
1763 33.1508
1764 33.1508
1765 33.1508
1766 33.1508
1767 33.1508
1768 33.1508
1769 33.1507
1770 33.1505
1771 33.1503
1772 33.1501
1773 33.15
1774 33.1499
1775 33.1497
1776 33.1496
1777 33.1495
1778 33.1495
1779 33.1494
1780 33.1494
1781 33.1494
1782 33.1494
1783 33.1494
1784 33.1493
1785 33.1493
1786 33.1493
1787 33.1493
1788 33.1493
1789 33.1493
1790 33.1493
1791 33.1493
1792 33.1493
1793 33.1493
1794 33.1493
1795 33.1493
1796 33.1493
1797 33.1493
1798 33.1493
1799 33.1493
1800 33.1493
1801 33.1493
1802 33.1493
1803 33.1493
1804 33.1493
1805 33.1493
1806 33.1493
1807 33.1493
1808 33.1493
1809 33.1493
1810 33.1493
1811 33.1493
1812 33.1493
1813 33.1493
1814 33.1493
1815 33.1493
1816 33.1492
1817 33.1492
1818 33.1492
1819 33.1492
1820 33.1492
1821 33.1492
1822 33.1492
1823 33.1492
1824 33.1492
1825 33.1492
1826 33.1492
1827 33.1492
1828 33.1492
1829 33.1492
1830 33.1492
1831 33.1492
1832 33.1492
1833 33.1492
1834 33.1492
1835 33.1492
1836 33.1492
1837 33.1492
1838 33.1492
1839 33.1492
1840 33.1492
1841 33.1492
1842 33.1492
1843 33.1492
1844 33.1492
1845 33.1492
1846 33.1492
1847 33.1492
1848 33.1492
1849 33.1492
1850 33.1492
1851 33.1492
1852 33.1492
1853 33.1492
1854 33.1492
1855 33.1492
1856 33.1492
1857 33.1492
1858 33.1492
1859 33.1492
1860 33.1492
1861 33.1492
1862 33.1492
1863 33.1492
1864 33.1492
1865 33.1492
1866 33.1492
1867 33.1492
1868 33.1492
1869 33.1492
1870 33.1492
1871 33.1492
1872 33.1492
1873 33.1492
1874 33.1492
1875 33.1492
1876 33.1492
1877 33.1492
1878 33.1492
1879 33.1492
1880 33.1492
1881 33.1492
1882 33.1492
1883 33.1492
1884 33.1492
1885 33.1492
1886 33.1492
1887 33.1492
1888 33.1492
1889 33.1492
1890 33.1492
1891 33.1492
1892 33.1492
1893 33.1492
1894 33.1492
1895 33.1492
1896 33.1492
1897 33.1492
1898 33.1492
1899 33.1492
1900 33.1492
1901 33.1492
1902 33.1492
1903 33.1492
1904 33.1492
1905 33.1492
1906 33.1492
1907 33.1492
1908 33.1492
1909 33.1492
1910 33.1492
1911 33.1492
1912 33.1492
1913 33.1492
1914 33.1492
1915 33.1492
1916 33.1492
1917 33.1492
1918 33.1492
1919 33.1492
1920 33.1492
1921 33.1492
1922 33.1492
1923 33.1492
1924 33.1492
1925 33.1492
1926 33.1492
1927 33.1492
1928 33.1492
1929 33.1492
1930 33.1492
1931 33.1492
1932 33.1492
1933 33.1492
1934 33.1492
1935 33.1492
1936 33.1491
1937 33.1491
1938 33.1491
1939 33.1491
1940 33.1491
1941 33.1491
1942 33.1491
1943 33.1491
1944 33.1491
1945 33.1491
1946 33.1491
1947 33.1491
1948 33.1491
1949 33.1491
1950 33.1491
1951 33.1491
1952 33.1491
1953 33.1491
1954 33.1491
1955 33.1491
1956 33.1491
1957 33.1491
1958 33.1491
1959 33.1491
1960 33.1491
1961 33.1491
1962 33.1491
1963 33.1491
1964 33.1491
1965 33.1491
1966 33.1491
1967 33.1491
1968 33.1491
1969 33.1491
1970 33.1491
1971 33.1491
1972 33.1491
1973 33.1491
1974 33.1491
1975 33.1491
1976 33.1491
1977 33.1491
1978 33.1491
1979 33.1491
1980 33.1491
1981 33.1491
1982 33.1491
1983 33.1491
1984 33.1491
1985 33.1491
1986 33.1491
1987 33.1491
1988 33.1491
1989 33.1491
1990 33.1491
1991 33.1491
1992 33.1491
1993 33.1491
1994 33.1491
1995 33.1491
1996 33.1491
1997 33.1491
1998 33.1491
1999 33.1491
2000 33.1491
2001 33.1491
2002 33.1491
2003 33.1491
2004 33.1491
2005 33.1491
2006 33.1491
2007 33.1491
2008 33.1491
2009 33.1491
2010 33.1491
2011 33.1491
2012 33.1491
2013 33.1491
2014 33.1491
2015 33.1491
2016 33.1491
2017 33.1491
2018 33.1491
2019 33.1491
2020 33.1491
2021 33.1491
2022 33.1491
2023 33.1491
2024 33.1491
2025 33.1491
2026 33.1491
2027 33.1491
2028 33.1491
2029 33.1491
2030 33.1491
2031 33.1491
2032 33.1491
2033 33.1491
2034 33.1491
2035 33.1491
2036 33.1491
2037 33.1491
2038 33.1491
2039 33.1491
2040 33.1491
2041 33.1491
2042 33.1491
2043 33.1491
2044 33.1491
2045 33.1491
2046 33.1491
2047 33.1491
2048 33.1491
2049 33.1491
2050 33.1491
2051 33.1491
2052 33.1491
2053 33.1491
2054 33.1491
2055 33.1491
2056 33.1491
2057 33.1491
2058 33.1491
2059 33.1491
2060 33.1491
2061 33.1491
2062 33.1491
2063 33.1491
2064 33.1491
2065 33.1491
2066 33.1491
2067 33.1491
2068 33.1491
2069 33.1491
2070 33.1491
2071 33.1491
2072 33.1491
2073 33.1491
2074 33.1491
2075 33.1491
2076 33.1491
2077 33.1491
2078 33.1491
2079 33.1491
2080 33.1491
2081 33.1491
2082 33.1491
2083 33.1491
2084 33.1491
2085 33.1491
2086 33.1491
2087 33.1491
2088 33.1491
2089 33.1491
2090 33.1491
2091 33.1491
2092 33.1491
2093 33.1491
2094 33.1491
2095 33.1491
2096 33.1491
2097 33.1491
2098 33.1491
2099 33.1491
2100 33.1491
2101 33.1491
2102 33.1491
2103 33.1491
2104 33.1491
2105 33.1491
2106 33.1491
2107 33.1491
2108 33.1491
2109 33.1491
2110 33.1491
2111 33.1491
2112 33.1491
2113 33.1491
2114 33.1491
2115 33.1491
2116 33.1491
2117 33.1491
2118 33.1491
2119 33.1491
2120 33.1491
2121 33.1491
2122 33.1491
2123 33.1491
2124 33.1491
2125 33.1491
2126 33.1491
2127 33.1491
2128 33.1491
2129 33.1491
2130 33.1491
2131 33.1491
2132 33.1491
2133 33.1491
2134 33.1491
2135 33.1491
2136 33.1491
2137 33.1491
2138 33.1491
2139 33.1491
2140 33.1491
2141 33.1491
2142 33.1491
2143 33.1491
2144 33.1491
2145 33.1491
2146 33.1491
2147 33.1491
2148 33.1491
2149 33.1491
2150 33.1491
2151 33.1491
2152 33.1491
2153 33.1491
2154 33.1491
2155 33.1491
2156 33.1491
2157 33.1491
2158 33.1491
2159 33.1491
2160 33.1491
2161 33.1491
2162 33.1491
2163 33.1491
2164 33.1491
2165 33.1491
2166 33.1491
2167 33.1491
2168 33.1491
2169 33.1491
2170 33.1491
2171 33.1491
2172 33.1491
2173 33.1491
2174 33.1491
2175 33.1491
2176 33.1491
2177 33.1491
2178 33.1491
2179 33.1491
2180 33.1491
2181 33.1491
2182 33.1491
2183 33.1491
2184 33.1491
2185 33.1491
2186 33.1491
2187 33.1491
2188 33.1491
2189 33.1491
2190 33.1491
2191 33.1491
2192 33.1491
2193 33.1491
2194 33.1491
2195 33.1491
2196 33.1491
2197 33.1491
2198 33.1491
2199 33.1491
2200 33.1491
2201 33.1491
2202 33.1491
2203 33.1491
2204 33.1491
2205 33.1491
2206 33.1491
2207 33.1491
2208 33.1491
2209 33.1491
2210 33.1491
2211 33.1491
2212 33.1491
2213 33.1491
2214 33.1491
2215 33.1491
2216 33.1491
2217 33.1491
2218 33.1491
2219 33.1491
2220 33.1491
2221 33.1491
2222 33.1491
2223 33.1491
2224 33.1491
2225 33.1491
2226 33.1491
2227 33.1491
2228 33.1491
2229 33.1491
2230 33.1491
2231 33.1491
2232 33.1491
2233 33.1491
2234 33.1491
2235 33.1491
2236 33.1491
2237 33.1491
2238 33.1491
2239 33.1491
2240 33.1491
2241 33.1491
2242 33.1491
2243 33.1491
2244 33.1491
2245 33.1491
2246 33.1491
2247 33.1491
2248 33.1491
2249 33.1491
2250 33.1491
2251 33.1491
2252 33.1491
2253 33.1491
2254 33.1491
2255 33.1491
2256 33.1491
2257 33.1491
2258 33.1491
2259 33.1491
2260 33.1491
2261 33.1491
2262 33.1491
2263 33.1491
2264 33.1491
2265 33.1491
2266 33.1491
2267 33.1491
2268 33.1491
2269 33.1491
2270 33.1491
2271 33.1491
2272 33.1491
2273 33.1491
2274 33.1491
2275 33.1491
2276 33.1491
2277 33.1491
2278 33.1491
2279 33.1491
2280 33.1491
2281 33.1491
2282 33.1491
2283 33.1491
2284 33.1491
2285 33.1491
2286 33.1491
2287 33.1491
2288 33.1491
2289 33.1491
2290 33.1491
2291 33.1491
2292 33.1491
2293 33.1491
2294 33.1491
2295 33.1491
2296 33.1491
2297 33.1491
2298 33.1491
2299 33.1491
2300 33.1491
2301 33.1491
2302 33.1491
2303 33.1491
2304 33.1491
2305 33.1491
2306 33.1491
2307 33.1491
2308 33.1491
2309 33.1491
2310 33.1491
2311 33.1491
2312 33.1491
2313 33.1491
2314 33.1491
2315 33.1491
2316 33.1491
2317 33.1491
2318 33.1491
2319 33.1491
2320 33.1491
2321 33.1491
2322 33.1491
2323 33.1491
2324 33.1491
2325 33.1491
2326 33.1491
2327 33.1491
2328 33.1491
2329 33.1491
2330 33.1491
2331 33.1491
2332 33.1491
2333 33.1491
2334 33.1491
2335 33.1491
2336 33.1491
2337 33.1491
2338 33.1491
2339 33.1491
2340 33.1491
2341 33.1491
2342 33.1491
2343 33.1491
2344 33.1491
2345 33.1491
2346 33.1491
2347 33.1491
2348 33.1491
2349 33.1491
2350 33.1491
2351 33.1491
2352 33.1491
2353 33.1491
2354 33.1491
2355 33.1491
2356 33.1491
2357 33.1491
2358 33.1491
2359 33.1491
2360 33.1491
2361 33.1491
2362 33.1491
2363 33.1491
2364 33.1491
2365 33.1491
2366 33.1491
2367 33.1491
2368 33.1491
2369 33.1491
2370 33.1491
2371 33.1491
2372 33.1491
2373 33.1491
2374 33.1491
2375 33.1491
2376 33.1491
2377 33.1491
2378 33.1491
2379 33.1491
2380 33.1491
2381 33.1491
2382 33.1491
2383 33.1491
2384 33.1491
2385 33.1491
2386 33.1491
2387 33.1491
2388 33.1491
2389 33.1491
2390 33.1491
2391 33.1491
2392 33.1491
2393 33.1491
2394 33.1491
2395 33.1491
2396 33.1491
2397 33.1491
2398 33.1491
2399 33.1491
2400 33.1491
2401 33.1491
2402 33.1491
2403 33.1491
2404 33.1491
2405 33.1491
2406 33.1491
2407 33.1491
2408 33.1491
2409 33.1491
2410 33.1491
2411 33.1491
2412 33.1491
2413 33.1491
2414 33.1491
2415 33.1491
2416 33.1491
2417 33.1491
2418 33.1491
2419 33.1491
2420 33.1491
2421 33.1491
2422 33.1491
2423 33.1491
2424 33.1491
2425 33.1491
2426 33.1491
2427 33.1491
2428 33.1491
2429 33.1491
2430 33.1491
2431 33.1491
2432 33.1491
2433 33.1491
2434 33.1491
2435 33.1491
2436 33.1491
2437 33.1491
2438 33.1491
2439 33.1491
2440 33.1491
2441 33.1491
2442 33.1491
2443 33.1491
2444 33.1491
2445 33.1491
2446 33.1491
2447 33.1491
2448 33.1491
2449 33.1491
2450 33.1491
2451 33.1491
2452 33.1491
2453 33.1491
2454 33.1491
2455 33.1491
2456 33.1491
2457 33.1491
2458 33.1491
2459 33.1491
2460 33.1491
2461 33.1491
2462 33.1491
2463 33.1491
2464 33.1491
2465 33.1491
2466 33.1491
2467 33.1491
2468 33.1491
2469 33.1491
2470 33.1491
2471 33.1491
2472 33.1491
2473 33.1491
2474 33.1491
2475 33.1491
2476 33.1491
2477 33.1491
2478 33.1491
2479 33.1491
2480 33.1491
2481 33.1491
2482 33.1491
2483 33.1491
2484 33.1491
2485 33.1491
2486 33.1491
2487 33.1491
2488 33.1491
2489 33.1491
2490 33.1491
2491 33.1491
2492 33.1491
2493 33.1491
2494 33.1491
2495 33.1491
2496 33.1491
2497 33.1491
2498 33.1491
2499 33.1491
2500 33.1491
2501 33.1491
2502 33.1491
2503 33.1491
2504 33.1491
2505 33.1491
2506 33.1491
2507 33.1491
2508 33.1491
2509 33.1491
2510 33.1491
2511 33.1491
2512 33.1491
2513 33.1491
2514 33.1491
2515 33.1491
2516 33.1491
2517 33.1491
2518 33.1491
2519 33.1491
2520 33.1491
2521 33.1491
2522 33.1491
2523 33.1491
2524 33.1491
2525 33.1491
2526 33.1491
2527 33.1491
2528 33.1491
2529 33.1491
2530 33.1491
2531 33.1491
2532 33.1491
2533 33.1491
2534 33.1491
2535 33.1491
2536 33.1491
2537 33.1491
2538 33.1491
2539 33.1491
2540 33.1491
2541 33.1491
2542 33.1491
2543 33.1491
2544 33.1491
2545 33.1491
2546 33.1491
2547 33.1491
2548 33.1491
2549 33.1491
2550 33.1491
2551 33.1491
2552 33.1491
2553 33.1491
2554 33.1491
2555 33.1491
2556 33.1491
2557 33.1491
2558 33.1491
2559 33.1491
2560 33.1491
2561 33.1491
2562 33.1491
2563 33.1491
2564 33.1491
2565 33.1491
2566 33.1491
2567 33.1491
2568 33.1491
2569 33.1491
2570 33.1491
2571 33.1491
2572 33.1491
2573 33.1491
2574 33.1491
2575 33.1491
2576 33.1491
2577 33.1491
2578 33.1491
2579 33.1491
2580 33.1491
2581 33.1491
2582 33.1491
2583 33.1491
2584 33.1491
2585 33.1491
2586 33.1491
2587 33.1491
2588 33.1491
2589 33.1491
2590 33.1491
2591 33.1491
2592 33.1491
2593 33.1491
2594 33.1491
2595 33.1491
2596 33.1491
2597 33.1491
2598 33.1491
2599 33.1491
2600 33.1491
2601 33.1491
2602 33.1491
2603 33.1491
2604 33.1491
2605 33.1491
2606 33.1491
2607 33.1491
2608 33.1491
2609 33.1491
2610 33.1491
2611 33.1491
2612 33.1491
2613 33.1491
2614 33.1491
2615 33.1491
2616 33.1491
2617 33.1491
2618 33.1491
2619 33.1491
2620 33.1491
2621 33.1491
2622 33.1491
2623 33.1491
2624 33.1491
2625 33.1491
2626 33.1491
2627 33.1491
2628 33.1491
2629 33.1491
2630 33.1491
2631 33.1491
2632 33.1491
2633 33.1491
2634 33.1491
2635 33.1491
2636 33.1491
2637 33.1491
2638 33.1491
2639 33.1491
2640 33.1491
2641 33.1491
2642 33.1491
2643 33.1491
2644 33.1491
2645 33.1491
2646 33.1491
2647 33.1491
2648 33.1491
2649 33.1491
2650 33.1491
2651 33.1491
2652 33.1491
2653 33.1491
2654 33.1491
2655 33.1491
2656 33.1491
2657 33.1491
2658 33.1491
2659 33.1491
2660 33.1491
2661 33.1491
2662 33.1491
2663 33.1491
2664 33.1491
2665 33.1491
2666 33.1491
2667 33.1491
2668 33.1491
2669 33.1491
2670 33.1491
2671 33.1491
2672 33.1491
2673 33.1491
2674 33.1491
2675 33.1491
2676 33.1491
2677 33.1491
2678 33.1491
2679 33.1491
2680 33.1491
2681 33.1491
2682 33.1491
2683 33.1491
2684 33.1491
2685 33.1491
2686 33.1491
2687 33.1491
2688 33.1491
2689 33.1491
2690 33.1491
2691 33.1491
2692 33.1491
2693 33.1491
2694 33.1491
2695 33.1491
2696 33.1491
2697 33.1491
2698 33.1491
2699 33.1491
2700 33.1491
2701 33.1491
2702 33.1491
2703 33.1491
2704 33.1491
2705 33.1491
2706 33.1491
2707 33.1491
2708 33.1491
2709 33.1491
2710 33.1491
2711 33.1491
2712 33.1491
2713 33.1491
2714 33.1491
2715 33.1491
2716 33.1491
2717 33.1491
2718 33.1491
2719 33.1491
2720 33.1491
2721 33.1491
2722 33.1491
2723 33.1491
2724 33.1491
2725 33.1491
2726 33.1491
2727 33.1491
2728 33.1491
2729 33.1491
2730 33.1491
2731 33.1491
2732 33.1491
2733 33.1491
2734 33.1491
2735 33.1491
2736 33.1491
2737 33.1491
2738 33.1491
2739 33.1491
2740 33.1491
2741 33.1491
2742 33.1491
2743 33.1491
2744 33.1491
2745 33.1491
2746 33.1491
2747 33.1491
2748 33.1491
2749 33.1491
2750 33.1491
2751 33.1491
2752 33.1491
2753 33.1491
2754 33.1491
2755 33.1491
2756 33.1491
2757 33.1491
2758 33.1491
2759 33.1491
2760 33.1491
2761 33.1491
2762 33.1491
2763 33.1491
2764 33.1491
2765 33.1491
2766 33.1491
2767 33.1491
2768 33.1491
2769 33.1491
2770 33.1491
2771 33.1491
2772 33.1491
2773 33.1491
2774 33.1491
2775 33.1491
2776 33.1491
2777 33.1491
2778 33.1491
2779 33.1491
2780 33.1491
2781 33.1491
2782 33.1491
2783 33.1491
2784 33.1491
2785 33.1491
2786 33.1491
2787 33.1491
2788 33.1491
2789 33.1491
2790 33.1491
2791 33.1491
2792 33.1491
2793 33.1491
2794 33.1491
2795 33.1491
2796 33.1491
2797 33.1491
2798 33.1491
2799 33.1491
2800 33.1491
2801 33.1491
2802 33.1491
2803 33.1491
2804 33.1491
2805 33.1491
2806 33.1491
2807 33.1491
2808 33.1491
2809 33.1491
2810 33.1491
2811 33.1491
2812 33.1491
2813 33.1491
2814 33.1491
2815 33.1491
2816 33.1491
2817 33.1491
2818 33.1491
2819 33.1491
2820 33.1491
2821 33.1491
2822 33.1491
2823 33.1491
2824 33.1491
2825 33.1491
2826 33.1491
2827 33.1491
2828 33.1491
2829 33.1491
2830 33.1491
2831 33.1491
2832 33.1491
2833 33.1491
2834 33.1491
2835 33.1491
2836 33.1491
2837 33.1491
2838 33.1491
2839 33.1491
2840 33.1491
2841 33.1491
2842 33.1491
2843 33.1491
2844 33.1491
2845 33.1491
2846 33.1491
2847 33.1491
2848 33.1491
2849 33.1491
2850 33.1491
2851 33.1491
2852 33.1491
2853 33.1491
2854 33.1491
2855 33.1491
2856 33.1491
2857 33.1491
2858 33.1491
2859 33.1491
2860 33.1491
2861 33.1491
2862 33.1491
2863 33.1491
2864 33.1491
2865 33.1491
2866 33.1491
2867 33.1491
2868 33.1491
2869 33.1491
2870 33.1491
2871 33.1491
2872 33.1491
2873 33.1491
2874 33.1491
2875 33.1491
2876 33.1491
2877 33.1491
2878 33.1491
2879 33.1491
2880 33.1491
2881 33.1491
2882 33.1491
2883 33.1491
2884 33.1491
2885 33.1491
2886 33.1491
2887 33.1491
2888 33.1491
2889 33.1491
2890 33.1491
2891 33.1491
2892 33.1491
2893 33.1491
2894 33.1491
2895 33.1491
2896 33.1491
2897 33.1491
2898 33.1491
2899 33.1491
2900 33.1491
2901 33.1491
2902 33.1491
2903 33.1491
2904 33.1491
2905 33.1491
2906 33.1491
2907 33.1491
2908 33.1491
2909 33.1491
2910 33.1491
2911 33.1491
2912 33.1491
2913 33.1491
2914 33.1491
2915 33.1491
2916 33.1491
2917 33.1491
2918 33.1491
2919 33.1491
2920 33.1491
2921 33.1491
2922 33.1491
2923 33.1491
2924 33.1491
2925 33.1491
2926 33.1491
2927 33.1491
2928 33.1491
2929 33.1491
2930 33.1491
2931 33.1491
2932 33.1491
2933 33.1491
2934 33.1491
2935 33.1491
2936 33.1491
2937 33.1491
2938 33.1491
2939 33.1491
2940 33.1491
2941 33.1491
2942 33.1491
2943 33.1491
2944 33.1491
2945 33.1491
2946 33.1491
2947 33.1491
2948 33.1491
2949 33.1491
2950 33.1491
2951 33.1491
2952 33.1491
2953 33.1491
2954 33.1491
2955 33.1491
2956 33.1491
2957 33.1491
2958 33.1491
2959 33.1491
2960 33.1491
2961 33.1491
2962 33.1491
2963 33.1491
2964 33.1491
2965 33.1491
2966 33.1491
2967 33.1491
2968 33.1491
2969 33.1491
2970 33.1491
2971 33.1491
2972 33.1491
2973 33.1491
2974 33.1491
2975 33.1491
2976 33.1491
2977 33.1491
2978 33.1491
2979 33.1491
2980 33.1491
2981 33.1491
2982 33.1491
2983 33.1491
2984 33.1491
2985 33.1491
2986 33.1491
2987 33.1491
2988 33.1491
2989 33.1491
2990 33.1491
2991 33.1491
2992 33.1491
2993 33.1491
2994 33.1491
2995 33.1491
2996 33.1491
2997 33.1491
2998 33.1491
2999 33.1491
3000 33.1491
3001 33.1491
3002 33.1491
3003 33.1491
3004 33.1491
3005 33.1491
3006 33.1491
3007 33.1491
3008 33.1491
3009 33.1491
3010 33.1491
3011 33.1491
3012 33.1491
3013 33.1491
3014 33.1491
3015 33.1491
3016 33.1491
3017 33.1491
3018 33.1491
3019 33.1491
3020 33.1491
3021 33.1491
3022 33.1491
3023 33.1491
3024 33.1491
3025 33.1491
3026 33.1491
3027 33.1491
3028 33.1491
3029 33.1491
3030 33.1491
3031 33.1491
3032 33.1491
3033 33.1491
3034 33.1491
3035 33.1491
3036 33.1491
3037 33.1491
3038 33.1491
3039 33.1491
3040 33.1491
3041 33.1491
3042 33.1491
3043 33.1491
3044 33.1491
3045 33.1491
3046 33.1491
3047 33.1491
3048 33.1491
3049 33.1491
3050 33.1491
3051 33.1491
3052 33.1491
3053 33.1491
3054 33.1491
3055 33.1491
3056 33.1491
3057 33.1491
3058 33.1491
3059 33.1491
3060 33.1491
3061 33.1491
3062 33.1491
3063 33.1491
3064 33.1491
3065 33.1491
3066 33.1491
3067 33.1491
3068 33.1491
3069 33.1491
3070 33.1491
3071 33.1491
3072 33.1491
3073 33.1491
3074 33.1491
3075 33.1491
3076 33.1491
3077 33.1491
3078 33.1491
3079 33.1491
3080 33.1491
3081 33.1491
3082 33.1491
3083 33.1491
3084 33.1491
3085 33.1491
3086 33.1491
3087 33.1491
3088 33.1491
3089 33.1491
3090 33.1491
3091 33.1491
3092 33.1491
3093 33.1491
3094 33.1491
3095 33.1491
3096 33.1491
3097 33.1491
3098 33.149
3099 33.149
3100 33.149
3101 33.149
3102 33.149
3103 33.149
3104 33.149
3105 33.149
3106 33.149
3107 33.149
3108 33.149
3109 33.149
3110 33.149
3111 33.149
3112 33.149
3113 33.149
3114 33.149
3115 33.149
3116 33.149
3117 33.149
3118 33.149
3119 33.149
3120 33.149
3121 33.149
3122 33.149
3123 33.149
3124 33.149
3125 33.149
3126 33.149
3127 33.149
3128 33.149
3129 33.149
3130 33.149
3131 33.149
3132 33.149
3133 33.149
3134 33.149
3135 33.149
3136 33.149
3137 33.149
3138 33.149
3139 33.149
3140 33.149
3141 33.149
3142 33.149
3143 33.149
3144 33.149
3145 33.149
3146 33.149
3147 33.149
3148 33.149
3149 33.149
3150 33.149
3151 33.149
3152 33.149
3153 33.149
3154 33.149
3155 33.149
3156 33.149
3157 33.149
3158 33.149
3159 33.149
3160 33.149
3161 33.149
3162 33.149
3163 33.149
3164 33.149
3165 33.149
3166 33.149
3167 33.149
3168 33.149
3169 33.149
3170 33.149
3171 33.149
3172 33.149
3173 33.149
3174 33.149
3175 33.149
3176 33.149
3177 33.149
3178 33.149
3179 33.149
3180 33.149
3181 33.149
3182 33.149
3183 33.149
3184 33.149
3185 33.149
3186 33.149
3187 33.149
3188 33.149
3189 33.149
3190 33.149
3191 33.149
3192 33.149
3193 33.149
3194 33.149
3195 33.149
3196 33.149
3197 33.149
3198 33.149
3199 33.149
3200 33.149
3201 33.149
3202 33.149
3203 33.149
3204 33.149
3205 33.149
3206 33.149
3207 33.149
3208 33.149
3209 33.149
3210 33.149
3211 33.149
3212 33.149
3213 33.149
3214 33.149
3215 33.149
3216 33.149
3217 33.149
3218 33.149
3219 33.149
3220 33.149
3221 33.149
3222 33.149
3223 33.149
3224 33.149
3225 33.149
3226 33.149
3227 33.149
3228 33.149
3229 33.149
3230 33.149
3231 33.149
3232 33.149
3233 33.149
3234 33.149
3235 33.149
3236 33.149
3237 33.149
3238 33.149
3239 33.149
3240 33.149
3241 33.149
3242 33.149
3243 33.149
3244 33.149
3245 33.149
3246 33.149
3247 33.149
3248 33.149
3249 33.149
3250 33.149
3251 33.149
3252 33.149
3253 33.149
3254 33.149
3255 33.149
3256 33.149
3257 33.149
3258 33.149
3259 33.149
3260 33.149
3261 33.149
3262 33.149
3263 33.149
3264 33.149
3265 33.149
3266 33.149
3267 33.149
3268 33.149
3269 33.149
3270 33.149
3271 33.149
3272 33.149
3273 33.149
3274 33.149
3275 33.149
3276 33.149
3277 33.149
3278 33.149
3279 33.149
3280 33.149
3281 33.149
3282 33.149
3283 33.149
3284 33.149
3285 33.149
3286 33.149
3287 33.149
3288 33.149
3289 33.149
3290 33.149
3291 33.149
3292 33.149
3293 33.149
3294 33.149
3295 33.149
3296 33.149
3297 33.149
3298 33.149
3299 33.149
3300 33.149
3301 33.149
3302 33.149
3303 33.149
3304 33.149
3305 33.149
3306 33.149
3307 33.149
3308 33.149
3309 33.149
3310 33.149
3311 33.149
3312 33.149
3313 33.149
3314 33.149
3315 33.149
3316 33.149
3317 33.149
3318 33.149
3319 33.149
3320 33.149
3321 33.149
3322 33.149
3323 33.149
3324 33.149
3325 33.149
3326 33.149
3327 33.149
3328 33.149
3329 33.149
3330 33.149
3331 33.149
3332 33.149
3333 33.149
3334 33.149
3335 33.149
3336 33.149
3337 33.149
3338 33.149
3339 33.149
3340 33.149
3341 33.149
3342 33.149
3343 33.149
3344 33.149
3345 33.149
3346 33.149
3347 33.149
3348 33.149
3349 33.149
3350 33.149
3351 33.149
3352 33.149
3353 33.149
3354 33.149
3355 33.149
3356 33.149
3357 33.149
3358 33.149
3359 33.149
3360 33.149
3361 33.149
3362 33.149
3363 33.149
3364 33.149
3365 33.149
3366 33.149
3367 33.149
3368 33.149
3369 33.149
3370 33.149
3371 33.149
3372 33.149
3373 33.149
3374 33.149
3375 33.149
3376 33.149
3377 33.149
3378 33.149
3379 33.149
3380 33.149
3381 33.149
3382 33.149
3383 33.149
3384 33.149
3385 33.149
3386 33.149
3387 33.149
3388 33.149
3389 33.149
3390 33.149
3391 33.149
3392 33.149
3393 33.149
3394 33.149
3395 33.149
3396 33.149
3397 33.149
3398 33.149
3399 33.149
3400 33.149
3401 33.149
3402 33.149
3403 33.149
3404 33.149
3405 33.149
3406 33.149
3407 33.149
3408 33.149
3409 33.149
3410 33.149
3411 33.149
3412 33.149
3413 33.149
3414 33.149
3415 33.149
3416 33.149
3417 33.149
3418 33.149
3419 33.149
3420 33.149
3421 33.149
3422 33.149
3423 33.149
3424 33.149
3425 33.149
3426 33.149
3427 33.149
3428 33.149
3429 33.149
3430 33.149
3431 33.149
3432 33.149
3433 33.149
3434 33.149
3435 33.149
3436 33.149
3437 33.149
3438 33.149
3439 33.149
3440 33.149
3441 33.149
3442 33.149
3443 33.149
3444 33.149
3445 33.149
3446 33.149
3447 33.149
3448 33.149
3449 33.149
3450 33.149
3451 33.149
3452 33.149
3453 33.149
3454 33.149
3455 33.149
3456 33.149
3457 33.149
3458 33.149
3459 33.149
3460 33.149
3461 33.149
3462 33.149
3463 33.149
3464 33.149
3465 33.149
3466 33.149
3467 33.149
3468 33.149
3469 33.149
3470 33.149
3471 33.149
3472 33.149
3473 33.149
3474 33.149
3475 33.149
3476 33.149
3477 33.149
3478 33.149
3479 33.149
3480 33.149
3481 33.149
3482 33.149
3483 33.149
3484 33.149
3485 33.149
3486 33.149
3487 33.149
3488 33.149
3489 33.149
3490 33.149
3491 33.149
3492 33.149
3493 33.149
3494 33.149
3495 33.149
3496 33.149
3497 33.149
3498 33.149
3499 33.149
3500 33.149
3501 33.149
3502 33.149
3503 33.149
3504 33.149
3505 33.149
3506 33.149
3507 33.149
3508 33.149
3509 33.149
3510 33.149
3511 33.149
3512 33.149
3513 33.149
3514 33.149
3515 33.149
3516 33.149
3517 33.149
3518 33.149
3519 33.149
3520 33.149
3521 33.149
3522 33.149
3523 33.149
3524 33.149
3525 33.149
3526 33.149
3527 33.149
3528 33.149
3529 33.149
3530 33.149
3531 33.149
3532 33.149
3533 33.149
3534 33.149
3535 33.149
3536 33.149
3537 33.149
3538 33.149
3539 33.149
3540 33.149
3541 33.149
3542 33.149
3543 33.149
3544 33.149
3545 33.149
3546 33.149
3547 33.149
3548 33.149
3549 33.149
3550 33.149
3551 33.149
3552 33.149
3553 33.149
3554 33.149
3555 33.149
3556 33.149
3557 33.149
3558 33.149
3559 33.149
3560 33.149
3561 33.149
3562 33.149
3563 33.149
3564 33.149
3565 33.149
3566 33.149
3567 33.149
3568 33.149
3569 33.149
3570 33.149
3571 33.149
3572 33.149
3573 33.149
3574 33.149
3575 33.149
3576 33.149
3577 33.149
3578 33.149
3579 33.149
3580 33.149
3581 33.149
3582 33.149
3583 33.149
3584 33.149
3585 33.149
3586 33.149
3587 33.149
3588 33.149
3589 33.149
3590 33.149
3591 33.149
3592 33.149
3593 33.149
3594 33.149
3595 33.149
3596 33.149
3597 33.149
3598 33.149
3599 33.149
3600 33.149
3601 33.149
3602 33.149
3603 33.149
3604 33.149
3605 33.149
3606 33.149
3607 33.149
3608 33.149
3609 33.149
3610 33.149
3611 33.149
3612 33.149
3613 33.149
3614 33.149
3615 33.149
3616 33.149
3617 33.149
3618 33.149
3619 33.149
3620 33.149
3621 33.149
3622 33.149
3623 33.149
3624 33.149
3625 33.149
3626 33.149
3627 33.149
3628 33.149
3629 33.149
3630 33.149
3631 33.149
3632 33.149
3633 33.149
3634 33.149
3635 33.149
3636 33.149
3637 33.149
3638 33.149
3639 33.149
3640 33.149
3641 33.149
3642 33.149
3643 33.149
3644 33.149
3645 33.149
3646 33.149
3647 33.149
3648 33.149
3649 33.149
3650 33.149
3651 33.149
3652 33.149
3653 33.149
3654 33.149
3655 33.149
3656 33.149
3657 33.149
3658 33.149
3659 33.149
3660 33.149
3661 33.149
3662 33.149
3663 33.149
3664 33.149
3665 33.149
3666 33.149
3667 33.149
3668 33.149
3669 33.149
3670 33.149
3671 33.149
3672 33.149
3673 33.149
3674 33.149
3675 33.149
3676 33.149
3677 33.149
3678 33.149
3679 33.149
3680 33.149
3681 33.149
3682 33.149
3683 33.149
3684 33.149
3685 33.149
3686 33.149
3687 33.149
3688 33.149
3689 33.149
3690 33.149
3691 33.149
3692 33.149
3693 33.149
3694 33.149
3695 33.149
3696 33.149
3697 33.149
3698 33.149
3699 33.149
3700 33.149
3701 33.149
3702 33.149
3703 33.149
3704 33.149
3705 33.149
3706 33.149
3707 33.149
3708 33.149
3709 33.149
3710 33.149
3711 33.149
3712 33.149
3713 33.149
3714 33.149
3715 33.149
3716 33.149
3717 33.149
3718 33.149
3719 33.149
3720 33.149
3721 33.149
3722 33.149
3723 33.149
3724 33.149
3725 33.149
3726 33.149
3727 33.149
3728 33.149
3729 33.149
3730 33.149
3731 33.149
3732 33.149
3733 33.149
3734 33.149
3735 33.149
3736 33.149
3737 33.149
3738 33.149
3739 33.149
3740 33.149
3741 33.149
3742 33.149
3743 33.149
3744 33.149
3745 33.149
3746 33.149
3747 33.149
3748 33.149
3749 33.149
3750 33.149
3751 33.149
3752 33.149
3753 33.149
3754 33.149
3755 33.149
3756 33.149
3757 33.149
3758 33.149
3759 33.149
3760 33.149
3761 33.149
3762 33.149
3763 33.149
3764 33.149
3765 33.149
3766 33.149
3767 33.149
3768 33.149
3769 33.149
3770 33.149
3771 33.149
3772 33.149
3773 33.149
3774 33.149
3775 33.149
3776 33.149
3777 33.149
3778 33.149
3779 33.149
3780 33.149
3781 33.149
3782 33.149
3783 33.149
3784 33.149
3785 33.149
3786 33.149
3787 33.149
3788 33.149
3789 33.149
3790 33.149
3791 33.149
3792 33.149
3793 33.149
3794 33.149
3795 33.149
3796 33.149
3797 33.149
3798 33.149
3799 33.149
3800 33.149
3801 33.149
3802 33.149
3803 33.149
3804 33.149
3805 33.149
3806 33.149
3807 33.149
3808 33.149
3809 33.149
3810 33.149
3811 33.149
3812 33.149
3813 33.149
3814 33.149
3815 33.149
3816 33.149
3817 33.149
3818 33.149
3819 33.149
3820 33.149
3821 33.149
3822 33.149
3823 33.149
3824 33.149
3825 33.149
3826 33.149
3827 33.149
3828 33.149
3829 33.149
3830 33.149
3831 33.149
3832 33.149
3833 33.149
3834 33.149
3835 33.149
3836 33.149
3837 33.149
3838 33.149
3839 33.149
3840 33.149
3841 33.149
3842 33.149
3843 33.149
3844 33.149
3845 33.149
3846 33.149
3847 33.149
3848 33.149
3849 33.149
3850 33.149
3851 33.149
3852 33.149
3853 33.149
3854 33.149
3855 33.149
3856 33.149
3857 33.149
3858 33.149
3859 33.149
3860 33.149
3861 33.149
3862 33.149
3863 33.149
3864 33.149
3865 33.149
3866 33.149
3867 33.149
3868 33.149
3869 33.149
3870 33.149
3871 33.149
3872 33.149
3873 33.149
3874 33.149
3875 33.149
3876 33.149
3877 33.149
3878 33.149
3879 33.149
3880 33.149
3881 33.149
3882 33.149
3883 33.149
3884 33.149
3885 33.149
3886 33.149
3887 33.149
3888 33.149
3889 33.149
3890 33.149
3891 33.149
3892 33.149
3893 33.149
3894 33.149
3895 33.149
3896 33.149
3897 33.149
3898 33.149
3899 33.149
3900 33.149
3901 33.149
3902 33.149
3903 33.149
3904 33.149
3905 33.149
3906 33.149
3907 33.149
3908 33.149
3909 33.149
3910 33.149
3911 33.149
3912 33.149
3913 33.149
3914 33.149
3915 33.149
3916 33.149
3917 33.149
3918 33.149
3919 33.149
3920 33.149
3921 33.149
3922 33.149
3923 33.149
3924 33.149
3925 33.149
3926 33.149
3927 33.149
3928 33.149
3929 33.149
3930 33.149
3931 33.149
3932 33.149
3933 33.149
3934 33.149
3935 33.149
3936 33.149
3937 33.149
3938 33.149
3939 33.149
3940 33.149
3941 33.149
3942 33.149
3943 33.149
3944 33.149
3945 33.149
3946 33.149
3947 33.149
3948 33.149
3949 33.149
3950 33.149
3951 33.149
3952 33.149
3953 33.149
3954 33.149
3955 33.149
3956 33.149
3957 33.149
3958 33.149
3959 33.149
3960 33.149
3961 33.149
3962 33.149
3963 33.149
3964 33.149
3965 33.149
3966 33.149
3967 33.149
3968 33.149
3969 33.149
3970 33.149
3971 33.149
3972 33.149
3973 33.149
3974 33.149
3975 33.149
3976 33.149
3977 33.149
3978 33.149
3979 33.149
3980 33.149
3981 33.149
3982 33.149
3983 33.149
3984 33.149
3985 33.149
3986 33.149
3987 33.149
3988 33.149
3989 33.149
3990 33.149
3991 33.149
3992 33.149
3993 33.149
3994 33.149
3995 33.149
3996 33.149
3997 33.149
3998 33.149
3999 33.149
4000 33.149
4001 33.149
4002 33.149
4003 33.149
4004 33.149
4005 33.149
4006 33.149
4007 33.149
4008 33.149
4009 33.149
4010 33.149
4011 33.149
4012 33.149
4013 33.149
4014 33.149
4015 33.149
4016 33.149
4017 33.149
4018 33.149
4019 33.149
4020 33.149
4021 33.149
4022 33.149
4023 33.149
4024 33.149
4025 33.149
4026 33.149
4027 33.149
4028 33.149
4029 33.149
4030 33.149
4031 33.149
4032 33.149
4033 33.149
4034 33.149
4035 33.149
4036 33.149
4037 33.149
4038 33.149
4039 33.149
4040 33.149
4041 33.149
4042 33.149
4043 33.149
4044 33.149
4045 33.149
4046 33.149
4047 33.149
4048 33.149
4049 33.149
4050 33.149
4051 33.149
4052 33.149
4053 33.149
4054 33.149
4055 33.149
4056 33.149
4057 33.149
4058 33.149
4059 33.149
4060 33.149
4061 33.149
4062 33.149
4063 33.149
4064 33.149
4065 33.149
4066 33.149
4067 33.149
4068 33.149
4069 33.149
4070 33.149
4071 33.149
4072 33.149
4073 33.149
4074 33.149
4075 33.149
4076 33.149
4077 33.149
4078 33.149
4079 33.149
4080 33.149
4081 33.149
4082 33.149
4083 33.149
4084 33.149
4085 33.149
4086 33.149
4087 33.149
4088 33.149
4089 33.149
4090 33.149
4091 33.149
4092 33.149
4093 33.149
4094 33.149
4095 33.149
4096 33.149
4097 33.149
4098 33.149
4099 33.149
4100 33.149
4101 33.149
4102 33.149
4103 33.149
4104 33.149
4105 33.149
4106 33.149
4107 33.149
4108 33.149
4109 33.149
4110 33.149
4111 33.149
4112 33.149
4113 33.149
4114 33.149
4115 33.149
4116 33.149
4117 33.149
4118 33.149
4119 33.149
4120 33.149
4121 33.149
4122 33.149
4123 33.149
4124 33.149
4125 33.149
4126 33.149
4127 33.149
4128 33.149
4129 33.149
4130 33.149
4131 33.149
4132 33.149
4133 33.149
4134 33.149
4135 33.149
4136 33.149
4137 33.149
4138 33.149
4139 33.149
4140 33.149
4141 33.149
4142 33.149
4143 33.149
4144 33.149
4145 33.149
4146 33.149
4147 33.149
4148 33.149
4149 33.149
4150 33.149
4151 33.149
4152 33.149
4153 33.149
4154 33.149
4155 33.149
4156 33.149
4157 33.149
4158 33.149
4159 33.149
4160 33.149
4161 33.149
4162 33.149
4163 33.149
4164 33.149
4165 33.149
4166 33.149
4167 33.149
4168 33.149
4169 33.149
4170 33.149
4171 33.149
4172 33.149
4173 33.149
4174 33.149
4175 33.149
4176 33.149
4177 33.149
4178 33.149
4179 33.149
4180 33.149
4181 33.149
4182 33.149
4183 33.149
4184 33.149
4185 33.149
4186 33.149
4187 33.149
4188 33.149
4189 33.149
4190 33.149
4191 33.149
4192 33.149
4193 33.149
4194 33.149
4195 33.149
4196 33.149
4197 33.149
4198 33.149
4199 33.149
4200 33.149
4201 33.149
4202 33.149
4203 33.149
4204 33.149
4205 33.149
4206 33.149
4207 33.149
4208 33.149
4209 33.149
4210 33.149
4211 33.149
4212 33.149
4213 33.149
4214 33.149
4215 33.149
4216 33.149
4217 33.149
4218 33.149
4219 33.149
4220 33.149
4221 33.149
4222 33.149
4223 33.149
4224 33.149
4225 33.149
4226 33.149
4227 33.149
4228 33.149
4229 33.149
4230 33.149
4231 33.149
4232 33.149
4233 33.149
4234 33.149
4235 33.149
4236 33.149
4237 33.149
4238 33.149
4239 33.149
4240 33.149
4241 33.149
4242 33.149
4243 33.149
4244 33.149
4245 33.149
4246 33.149
4247 33.149
4248 33.149
4249 33.149
4250 33.149
4251 33.149
4252 33.149
4253 33.149
4254 33.149
4255 33.149
4256 33.149
4257 33.149
4258 33.149
4259 33.149
4260 33.149
4261 33.149
4262 33.149
4263 33.149
4264 33.149
4265 33.149
4266 33.149
4267 33.149
4268 33.149
4269 33.149
4270 33.149
4271 33.149
4272 33.149
4273 33.149
4274 33.149
4275 33.149
4276 33.149
4277 33.149
4278 33.149
4279 33.149
4280 33.149
4281 33.149
4282 33.149
4283 33.149
4284 33.149
4285 33.149
4286 33.149
4287 33.149
4288 33.149
4289 33.149
4290 33.149
4291 33.149
4292 33.149
4293 33.149
4294 33.149
4295 33.149
4296 33.149
4297 33.149
4298 33.149
4299 33.149
4300 33.149
4301 33.149
4302 33.149
4303 33.149
4304 33.149
4305 33.149
4306 33.149
4307 33.149
4308 33.149
4309 33.149
4310 33.149
4311 33.149
4312 33.149
4313 33.149
4314 33.149
4315 33.149
4316 33.149
4317 33.149
4318 33.149
4319 33.149
4320 33.149
4321 33.149
4322 33.149
4323 33.149
4324 33.149
4325 33.149
4326 33.149
4327 33.149
4328 33.149
4329 33.149
4330 33.149
4331 33.149
4332 33.149
4333 33.149
4334 33.149
4335 33.149
4336 33.149
4337 33.149
4338 33.149
4339 33.149
4340 33.149
4341 33.149
4342 33.149
4343 33.149
4344 33.149
4345 33.149
4346 33.149
4347 33.149
4348 33.149
4349 33.149
4350 33.149
4351 33.149
4352 33.149
4353 33.149
4354 33.149
4355 33.149
4356 33.149
4357 33.149
4358 33.149
4359 33.149
4360 33.149
4361 33.149
4362 33.149
4363 33.149
4364 33.149
4365 33.149
4366 33.149
4367 33.149
4368 33.149
4369 33.149
4370 33.149
4371 33.149
4372 33.149
4373 33.149
4374 33.149
4375 33.149
4376 33.149
4377 33.149
4378 33.149
4379 33.149
4380 33.149
4381 33.149
4382 33.149
4383 33.149
4384 33.149
4385 33.149
4386 33.149
4387 33.149
4388 33.149
4389 33.149
4390 33.149
4391 33.149
4392 33.149
4393 33.149
4394 33.149
4395 33.149
4396 33.149
4397 33.149
4398 33.149
4399 33.149
4400 33.149
4401 33.149
4402 33.149
4403 33.149
4404 33.149
4405 33.149
4406 33.149
4407 33.149
4408 33.149
4409 33.149
4410 33.149
4411 33.149
4412 33.149
4413 33.149
4414 33.149
4415 33.149
4416 33.149
4417 33.149
4418 33.149
4419 33.149
4420 33.149
4421 33.149
4422 33.149
4423 33.149
4424 33.149
4425 33.149
4426 33.149
4427 33.149
4428 33.149
4429 33.149
4430 33.149
4431 33.149
4432 33.149
4433 33.149
4434 33.149
4435 33.149
4436 33.149
4437 33.149
4438 33.149
4439 33.149
4440 33.149
4441 33.149
4442 33.149
4443 33.149
4444 33.149
4445 33.149
4446 33.149
4447 33.149
4448 33.149
4449 33.149
4450 33.149
4451 33.149
4452 33.149
4453 33.149
4454 33.149
4455 33.149
4456 33.149
4457 33.149
4458 33.149
4459 33.149
4460 33.149
4461 33.149
4462 33.149
4463 33.149
4464 33.149
4465 33.149
4466 33.149
4467 33.149
4468 33.149
4469 33.149
4470 33.149
4471 33.149
4472 33.149
4473 33.149
4474 33.149
4475 33.149
4476 33.149
4477 33.149
4478 33.149
4479 33.149
4480 33.149
4481 33.149
4482 33.149
4483 33.149
4484 33.149
4485 33.149
4486 33.149
4487 33.149
4488 33.149
4489 33.149
4490 33.149
4491 33.149
4492 33.149
4493 33.149
4494 33.149
4495 33.149
4496 33.149
4497 33.149
4498 33.149
4499 33.149
4500 33.149
4501 33.149
4502 33.149
4503 33.149
4504 33.149
4505 33.149
4506 33.149
4507 33.149
4508 33.149
4509 33.149
4510 33.149
4511 33.149
4512 33.149
4513 33.149
4514 33.149
4515 33.149
4516 33.149
4517 33.149
4518 33.149
4519 33.149
4520 33.149
4521 33.149
4522 33.149
4523 33.149
4524 33.149
4525 33.149
4526 33.149
4527 33.149
4528 33.149
4529 33.149
4530 33.149
4531 33.149
4532 33.149
4533 33.149
4534 33.149
4535 33.149
4536 33.149
4537 33.149
4538 33.149
4539 33.149
4540 33.149
4541 33.149
4542 33.149
4543 33.149
4544 33.149
4545 33.149
4546 33.149
4547 33.149
4548 33.149
4549 33.149
4550 33.149
4551 33.149
4552 33.149
4553 33.149
4554 33.149
4555 33.149
4556 33.149
4557 33.149
4558 33.149
4559 33.149
4560 33.149
4561 33.149
4562 33.149
4563 33.149
4564 33.149
4565 33.149
4566 33.149
4567 33.149
4568 33.149
4569 33.149
4570 33.149
4571 33.149
4572 33.149
4573 33.149
4574 33.149
4575 33.149
4576 33.149
4577 33.149
4578 33.149
4579 33.149
4580 33.149
4581 33.149
4582 33.149
4583 33.149
4584 33.149
4585 33.149
4586 33.149
4587 33.149
4588 33.149
4589 33.149
4590 33.149
4591 33.149
4592 33.149
4593 33.149
4594 33.149
4595 33.149
4596 33.149
4597 33.149
4598 33.149
4599 33.149
4600 33.149
4601 33.149
4602 33.149
4603 33.149
4604 33.149
4605 33.149
4606 33.149
4607 33.149
4608 33.149
4609 33.149
4610 33.149
4611 33.149
4612 33.149
4613 33.149
4614 33.149
4615 33.149
4616 33.149
4617 33.149
4618 33.149
4619 33.149
4620 33.149
4621 33.149
4622 33.149
4623 33.149
4624 33.149
4625 33.149
4626 33.149
4627 33.149
4628 33.149
4629 33.149
4630 33.149
4631 33.149
4632 33.149
4633 33.149
4634 33.149
4635 33.149
4636 33.149
4637 33.149
4638 33.149
4639 33.149
4640 33.149
4641 33.149
4642 33.149
4643 33.149
4644 33.149
4645 33.149
4646 33.149
4647 33.149
4648 33.149
4649 33.149
4650 33.149
4651 33.149
4652 33.149
4653 33.149
4654 33.149
4655 33.149
4656 33.149
4657 33.149
4658 33.149
4659 33.149
4660 33.149
4661 33.149
4662 33.149
4663 33.149
4664 33.149
4665 33.149
4666 33.149
4667 33.149
4668 33.149
4669 33.149
4670 33.149
4671 33.149
4672 33.149
4673 33.149
4674 33.149
4675 33.149
4676 33.149
4677 33.149
4678 33.149
4679 33.149
4680 33.149
4681 33.149
4682 33.149
4683 33.149
4684 33.149
4685 33.149
4686 33.149
4687 33.149
4688 33.149
4689 33.149
4690 33.149
4691 33.149
4692 33.149
4693 33.149
4694 33.149
4695 33.149
4696 33.149
4697 33.149
4698 33.149
4699 33.149
4700 33.149
4701 33.149
4702 33.149
4703 33.149
4704 33.149
4705 33.149
4706 33.149
4707 33.149
4708 33.149
4709 33.149
4710 33.149
4711 33.149
4712 33.149
4713 33.149
4714 33.149
4715 33.149
4716 33.149
4717 33.149
4718 33.149
4719 33.149
4720 33.149
4721 33.149
4722 33.149
4723 33.149
4724 33.149
4725 33.149
4726 33.149
4727 33.149
4728 33.149
4729 33.149
4730 33.149
4731 33.149
4732 33.149
4733 33.149
4734 33.149
4735 33.149
4736 33.149
4737 33.149
4738 33.149
4739 33.149
4740 33.149
4741 33.149
4742 33.149
4743 33.149
4744 33.149
4745 33.149
4746 33.149
4747 33.149
4748 33.149
4749 33.149
4750 33.149
4751 33.149
4752 33.149
4753 33.149
4754 33.149
4755 33.149
4756 33.149
4757 33.149
4758 33.149
4759 33.149
4760 33.149
4761 33.149
4762 33.149
4763 33.149
4764 33.149
4765 33.149
4766 33.149
4767 33.149
4768 33.149
4769 33.149
4770 33.149
4771 33.149
4772 33.149
4773 33.149
4774 33.149
4775 33.149
4776 33.149
4777 33.149
4778 33.149
4779 33.149
4780 33.149
4781 33.149
4782 33.149
4783 33.149
4784 33.149
4785 33.149
4786 33.149
4787 33.149
4788 33.149
4789 33.149
4790 33.149
4791 33.149
4792 33.149
4793 33.149
4794 33.149
4795 33.149
4796 33.149
4797 33.149
4798 33.149
4799 33.149
4800 33.149
4801 33.149
4802 33.149
4803 33.149
4804 33.149
4805 33.149
4806 33.149
4807 33.149
4808 33.149
4809 33.149
4810 33.149
4811 33.149
4812 33.149
4813 33.149
4814 33.149
4815 33.149
4816 33.149
4817 33.149
4818 33.149
4819 33.149
4820 33.149
4821 33.149
4822 33.149
4823 33.149
4824 33.149
4825 33.149
4826 33.149
4827 33.149
4828 33.149
4829 33.149
4830 33.149
4831 33.149
4832 33.149
4833 33.149
4834 33.149
4835 33.149
4836 33.149
4837 33.149
4838 33.149
4839 33.149
4840 33.149
4841 33.149
4842 33.149
4843 33.149
4844 33.149
4845 33.149
4846 33.149
4847 33.149
4848 33.149
4849 33.149
4850 33.149
4851 33.149
4852 33.149
4853 33.149
4854 33.149
4855 33.149
4856 33.149
4857 33.149
4858 33.149
4859 33.149
4860 33.149
4861 33.149
4862 33.149
4863 33.149
4864 33.149
4865 33.149
4866 33.149
4867 33.149
4868 33.149
4869 33.149
4870 33.149
4871 33.149
4872 33.149
4873 33.149
4874 33.149
4875 33.149
4876 33.149
4877 33.149
4878 33.149
4879 33.149
4880 33.149
4881 33.149
4882 33.149
4883 33.149
4884 33.149
4885 33.149
4886 33.149
4887 33.149
4888 33.149
4889 33.149
4890 33.149
4891 33.149
4892 33.149
4893 33.149
4894 33.149
4895 33.149
4896 33.149
4897 33.149
4898 33.149
4899 33.149
4900 33.149
4901 33.149
4902 33.149
4903 33.149
4904 33.149
4905 33.149
4906 33.149
4907 33.149
4908 33.149
4909 33.149
4910 33.149
4911 33.149
4912 33.149
4913 33.149
4914 33.149
4915 33.149
4916 33.149
4917 33.149
4918 33.149
4919 33.149
4920 33.149
4921 33.149
4922 33.149
4923 33.149
4924 33.149
4925 33.149
4926 33.149
4927 33.149
4928 33.149
4929 33.149
4930 33.149
4931 33.149
4932 33.149
4933 33.149
4934 33.149
4935 33.149
4936 33.149
4937 33.149
4938 33.149
4939 33.149
4940 33.149
4941 33.149
4942 33.149
4943 33.149
4944 33.149
4945 33.149
4946 33.149
4947 33.149
4948 33.149
4949 33.149
4950 33.149
4951 33.149
4952 33.149
4953 33.149
4954 33.149
4955 33.149
4956 33.149
4957 33.149
4958 33.149
4959 33.149
4960 33.149
4961 33.149
4962 33.149
4963 33.149
4964 33.149
4965 33.149
4966 33.149
4967 33.149
4968 33.149
4969 33.149
4970 33.149
4971 33.149
4972 33.149
4973 33.149
4974 33.149
4975 33.149
4976 33.149
4977 33.149
4978 33.149
4979 33.149
4980 33.149
4981 33.149
4982 33.149
4983 33.149
4984 33.149
4985 33.149
4986 33.149
4987 33.149
4988 33.149
4989 33.149
4990 33.149
4991 33.149
4992 33.149
4993 33.149
4994 33.149
4995 33.149
4996 33.149
4997 33.149
4998 33.149
4999 33.149
5000 33.149
