1 0.00514207 
2 7.64217e-06 
3 0.00244396 
4 2.76265e-06 
5 0.10516 
6 0.00019635 
7 0.00911596 
8 0.0240878 
9 3.19773e-06 
10 4.24947e-06 
11 7.80189e-06 
12 1e-06 
13 0.0106936 
14 0.070412 
15 0.00794275 
16 0.0115054 
17 0.00437046 
18 7.98869e-06 
19 1e-06 
20 0.000443633 
21 0.00149681 
22 1e-06 
23 0.000189087 
24 5.02826e-06 
25 0.000172329 
26 0.024413 
27 3.15184e-05 
28 0.00136335 
29 0.00175237 
30 6.33139e-06 
31 0.00367228 
32 1.58456e-05 
33 0.00258314 
34 0.00191532 
35 0.00223518 
36 0.0818198 
37 1.21087e-05 
38 0.00314025 
39 0.00456781 
40 3.04946e-05 
41 1e-06 
42 0.000179763 
43 8.67198e-05 
44 0.000169112 
45 0.000783028 
46 2.02938e-06 
47 0.000191098 
48 0.00115449 
49 5.58443e-06 
50 0.00293612 
51 0.0106946 
52 0.00045072 
53 0.0010198 
54 5.27326e-06 
55 7.56629e-05 
56 0.000608382 
57 0.000441703 
58 0.000319671 
59 0.00338211 
60 1e-06 
61 0.000761241 
62 0.000174253 
63 1e-06 
64 2.47081e-05 
65 2.69486e-05 
66 3.92815e-05 
67 2.03821e-05 
68 0.000488033 
69 0.00264494 
70 1e-06 
71 0.00062782 
72 0.000108719 
73 0.00017445 
74 0.000128976 
75 0.000192214 
76 0.00063936 
77 0.0257176 
78 0.00249153 
79 2.17726e-06 
80 0.00161319 
81 0.000993914 
82 2.63551e-05 
83 0.00174579 
84 0.000959426 
85 0.000257565 
86 0.00113319 
87 0.000457834 
88 0.00500225 
89 1.93066e-06 
90 0.000569832 
91 0.000386391 
92 1.94664e-06 
93 8.35643e-05 
94 2.54265e-05 
95 1.31068e-06 
96 0.000170194 
97 0.000858836 
98 0.000190748 
99 0.0170289 
100 0.00011045 
101 0.000919613 
102 1.83676e-06 
103 0.00141173 
104 4.28008e-06 
105 0.00131031 
106 0.000731064 
107 5.18042e-05 
108 0.000887619 
109 0.0011065 
110 0.000264422 
111 0.00295836 
112 0.00845421 
113 0.00128709 
114 5.78333e-06 
115 1e-06 
116 6.60327e-05 
117 0.000101 
118 0.000107297 
119 2.35322e-05 
120 4.86561e-05 
121 0.000374626 
122 2.58844e-06 
123 0.00078031 
124 1.70419e-05 
125 0.000589857 
126 0.00180545 
127 0.0682312 
128 0.000110563 
129 0.00137576 
130 0.00241043 
131 0.000119012 
132 0.00267012 
133 0.00201323 
134 0.000106231 
135 0.000479695 
136 0.00237355 
137 0.000804141 
138 0.00234071 
139 0.0101618 
140 8.16879e-06 
141 0.000505351 
142 1e-06 
143 2.74146e-05 
144 4.34451e-05 
145 3.81966e-05 
146 0.000201201 
147 0.000112793 
148 6.62634e-05 
149 5.5901e-05 
150 1.00163e-05 
151 1.74658e-05 
152 0.00231872 
153 1e-06 
154 3.65121e-05 
155 5.35245e-05 
156 1e-06 
157 0.000183653 
158 4.67521e-05 
159 0.000119592 
160 4.00868e-05 
161 5.04531e-05 
162 5.8964e-05 
163 0.000123183 
164 0.0002 
165 3.05762e-05 
166 0.000601583 
167 0.0445665 
168 0.00450578 
169 0.000899244 
170 0.00101546 
171 0.00136467 
172 0.000582963 
173 0.00155058 
174 0.000650107 
175 0.00105852 
176 0.000712577 
177 0.000774106 
178 0.00998268 
179 5.73645e-06 
180 1.06889e-05 
181 1e-06 
182 0.00112172 
183 2.34251e-06 
184 0.000470977 
185 0.000203718 
186 0.000342755 
187 0.000329689 
188 5.81411e-05 
189 0.000308573 
190 0.000404473 
191 0.000245248 
192 0.00174071 
193 1e-06 
194 0.000191637 
195 1.81606e-05 
196 1.80006e-05 
197 2.55825e-05 
198 2.12858e-05 
199 2.43607e-05 
200 4.61526e-05 
201 2.75997e-05 
202 1.78791e-05 
203 0.000137245 
204 0.000108286 
205 0.00271844 
206 1e-06 
207 0.000142394 
208 1.60485e-06 
209 0.000257868 
210 0.000113012 
211 9.28861e-05 
212 0.00010781 
213 0.000166809 
214 0.000130477 
215 0.000184143 
216 0.000399104 
217 0.00815081 
218 1.2205e-05 
219 0.000134823 
220 1.77398e-05 
221 2.36954e-05 
222 1.12415e-05 
223 2.88194e-05 
224 5.47304e-06 
225 8.24827e-06 
226 4.5406e-05 
227 2.67792e-05 
228 5.11442e-05 
229 1.98932e-05 
230 0.000118513 
231 0.000818208 
232 0.0506056 
233 8.54102e-05 
234 0.000619698 
235 0.00290707 
236 1.97695e-05 
237 1e-06 
238 0.00115644 
239 8.62868e-06 
240 1e-06 
241 0.000126695 
242 0.00018817 
243 4.96375e-05 
244 8.88216e-05 
245 0.000239885 
246 4.97105e-05 
247 1.78645e-05 
248 0.000399071 
249 0.000174498 
250 0.000679384 
251 0.00017918 
252 0.0010819 
253 0.00195154 
254 0.000693252 
255 0.000829098 
256 0.00573202 
257 0.000400957 
258 9.60413e-05 
259 0.000246004 
260 0.000234011 
261 0.000525429 
262 0.0013161 
263 0.0927241 
264 0.00880586 
265 1e-06 
266 0.00166846 
267 1e-06 
268 0.000183576 
269 1.19499e-05 
270 5.20841e-05 
271 0.000314584 
272 0.000335085 
273 0.000835627 
274 0.000241229 
275 0.000244114 
276 0.00229801 
277 0.00017082 
278 0.000178712 
279 0.00019229 
280 0.0002881 
281 0.0002361 
282 0.00197431 
283 0.00184326 
284 0.00315608 
285 0.00419754 
286 0.00220939 
287 0.000890077 
288 0.00380857 
289 0.000902583 
290 0.0117364 
291 0.000482192 
292 0.00015347 
293 0.000319477 
294 0.000362562 
295 0.000463544 
296 0.00175693 
297 0.0333807 
298 0.00263977 
299 0.000587487 
300 0.000279717 
301 0.000414466 
302 0.00022143 
303 0.000213268 
304 0.000438667 
305 0.000264422 
306 0.000304893 
307 0.000406603 
308 0.000403722 
309 0.000320487 
310 0.000400952 
311 0.00192122 
312 0.0028757 
313 0.00256701 
314 0.000900726 
315 0.0148503 
316 1.81977e-05 
317 1e-06 
318 0.000415455 
319 7.27007e-05 
320 0.00017136 
321 0.000106911 
322 0.00010123 
323 0.000179979 
324 8.702e-05 
325 7.42308e-05 
326 7.43921e-05 
327 0.000102129 
328 0.000570185 
329 0.00306267 
330 0.00406372 
331 0.0326816 
332 9.42862e-06 
333 0.000668938 
334 1.33114e-06 
335 7.49244e-05 
336 5.01511e-05 
337 3.88894e-05 
338 3.55854e-05 
339 2.11392e-05 
340 0.000118394 
341 3.26894e-05 
342 4.5898e-05 
343 1.50169e-05 
344 7.21633e-05 
345 2.76158e-05 
346 5.48738e-06 
347 2.92953e-05 
348 1.73802e-05 
349 3.65422e-05 
350 6.91863e-05 
351 1.28958e-05 
352 1.28158e-05 
353 2.46821e-05 
354 9.89036e-05 
355 9.89365e-05 
356 3.39407e-05 
357 7.30471e-05 
358 0.000109428 
359 5.18317e-05 
360 4.28188e-05 
361 0.000770936 
362 7.72388e-06 
363 6.32377e-05 
364 0.000127322 
365 0.000393171 
366 0.00170756 
367 0.00560041 
368 0.00707721 
369 0.000128627 
370 0.00189025 
371 0.0455091 
372 2.17818e-05 
373 3.75824e-05 
374 0.000165776 
375 2.43864e-05 
376 4.49529e-05 
377 1.29395e-05 
378 3.93543e-05 
379 0.000118239 
380 9.3931e-05 
381 0.000176737 
382 0.000283732 
383 0.000280805 
384 0.000420026 
385 0.00293279 
386 0.0614321 
387 1e-06 
388 0.000586866 
389 1.85188e-06 
390 0.000111933 
391 6.08346e-05 
392 0.000101696 
393 5.50593e-05 
394 5.74692e-05 
395 8.6424e-05 
396 7.12256e-05 
397 0.000128705 
398 7.11448e-05 
399 3.91169e-05 
400 6.26165e-05 
401 0.000479836 
402 0.00028042 
403 0.000610933 
404 0.000267066 
405 8.73025e-05 
406 0.000298621 
407 0.00103069 
408 0.00537713 
409 0.0312653 
410 0.000640781 
411 0.0083237 
412 0.0940379 
413 2.46038e-05 
414 0.00042688 
415 0.000156582 
416 7.62804e-06 
417 7.24614e-05 
418 3.04565e-05 
419 8.03714e-05 
420 0.000122555 
421 2.23617e-05 
422 5.65159e-05 
423 5.9791e-05 
424 4.94819e-05 
425 4.86594e-05 
426 0.000197871 
427 6.73762e-05 
428 0.000155108 
429 0.000217776 
430 0.000143025 
431 0.000446993 
432 0.000206727 
433 0.172535 
434 0.000632328 
435 0.000111674 
436 0.000261803 
437 0.000167344 
438 0.000191771 
439 0.000434707 
440 0.00111204 
441 0.000485224 
442 0.000828953 
443 0.0187108 
444 0.0113335 
445 0.119102 
446 0.000181676 
447 5.88254e-05 
448 6.88249e-06 
449 3.71276e-05 
450 7.91657e-05 
451 6.51368e-05 
452 3.28467e-05 
453 3.53024e-05 
454 5.54826e-05 
455 8.34469e-05 
456 6.58581e-05 
457 0.0001 
458 7.88718e-05 
459 8.62644e-05 
460 0.000243968 
461 0.000618785 
462 0.000269061 
463 0.000450509 
464 0.00120882 
465 0.0825236 
466 8.06213e-05 
467 1e-06 
468 8.15179e-06 
469 6.26725e-06 
470 6.06285e-06 
471 9.36556e-05 
472 5.38572e-05 
473 4.50605e-05 
474 4.67414e-05 
475 0.000109017 
476 0.000411046 
477 0.000366194 
478 0.000500964 
479 0.0653243 
480 0.0666236 
481 0.000203444 
482 0.000102336 
483 0.000529719 
484 0.00086881 
485 0.00109208 
486 0.000983093 
487 0.0556248 
488 0.0235251 
489 0.106675 
490 0.262629 
491 4.70608e-05 
492 9.34323e-05 
493 5.44333e-05 
494 7.31769e-06 
495 3.22592e-06 
496 3.31247e-05 
497 2.20898e-05 
498 2.60752e-05 
499 2.93851e-05 
500 2.97044e-05 
501 3.07628e-05 
502 2.21266e-05 
503 2.30804e-05 
504 3.98875e-05 
505 3.70234e-05 
506 3.23665e-05 
507 4.32697e-05 
508 3.14233e-05 
509 8.25073e-05 
510 0.000178009 
511 7.63932e-05 
512 0.000259185 
513 0.000116349 
514 0.000274807 
515 8.54102e-05 
516 0.00147853 
517 0.00033811 
518 0.0295134 
519 0.157725 
520 0.0526268 
521 8.12517e-05 
522 1e-06 
523 8.83974e-06 
524 2.83701e-05 
525 3.67592e-05 
526 2.79963e-05 
527 8.60502e-06 
528 1.435e-05 
529 2.35074e-05 
530 1.41135e-05 
531 2.22451e-05 
532 3.50938e-05 
533 2.13297e-05 
534 2.72413e-05 
535 0.000111146 
536 0.000107698 
537 0.000138852 
538 0.00021459 
539 0.000123607 
540 0.000138197 
541 0.00075221 
542 0.086213 
543 0.0669858 
544 0.0507959 
545 0.223514 
546 9.7647e-06 
547 0.00013589 
548 4.25093e-05 
549 5.1286e-05 
550 7.0275e-05 
551 0.000161803 
552 0.00059675 
553 0.000577422 
554 0.0199135 
555 0.0370711 
556 0.453613 
557 0.000144666 
558 0.000664269 
559 0.0196589 
560 0.0698265 
561 0.0377509 
562 0.269806 
563 1.48168e-06 
564 2.83121e-06 
565 4.18127e-05 
566 2.74546e-06 
567 1.53065e-05 
568 1.20622e-05 
569 2.0593e-05 
570 8.10808e-06 
571 2.02901e-05 
572 7.22546e-06 
573 3.41628e-05 
574 9.75253e-06 
575 1.77586e-05 
576 1.03388e-05 
577 8.89714e-06 
578 1.80642e-05 
579 1.89129e-05 
580 8.66766e-06 
581 3.1775e-05 
582 1.14437e-05 
583 3.78145e-05 
584 2.44095e-05 
585 6.18034e-05 
586 7.18115e-05 
587 0.0002 
588 3.81966e-05 
589 7.3393e-05 
590 0.000181966 
591 0.00188421 
592 0.0179765 
593 0.0504398 
594 0.0666315 
595 0.000130495 
596 0.0636146 
597 0.0220105 
598 0.228247 
599 0.000238197 
600 0.0299555 
601 0.00782473 
602 0.941559 
603 8.30061e-05 
604 0.000103444 
605 0.000633523 
606 0.00672131 
607 0.0574381 
608 0.0566458 
609 0.0749873 
610 0.0386964 
611 0.287141 
612 0.00152621 
613 0.0208682 
614 0.0665171 
615 0.0457676 
616 0.129439 
617 0.0242654 
618 4.03252e-05 
619 6.89991e-05 
620 5.05801e-05 
621 6.34458e-05 
622 7.02783e-05 
623 0.00015141 
624 0.000273547 
625 0.000292549 
626 0.000674857 
627 0.00693205 
628 0.016703 
629 1.08116 
630 7.56833e-05 
631 0.000171058 
632 0.000335038 
633 0.0121579 
634 0.0194259 
635 0.0621884 
636 0.049807 
637 0.0268771 
638 0.343995 
639 0.389091 
640 0.0164694 
641 0.0381491 
642 0.0988931 
643 0.0557679 
644 0.039061 
645 0.208596 
646 0.0160206 
647 0.0299703 
648 3.66656e-05 
649 1.21212e-05 
650 3.11108e-05 
651 1.17205e-05 
652 1.00683e-05 
653 2.04461e-05 
654 1.19818e-05 
655 4.85915e-06 
656 1.31697e-05 
657 1.43536e-05 
658 1.38264e-05 
659 1.20579e-05 
660 1.14123e-05 
661 4.57375e-05 
662 1.17889e-05 
663 9.5665e-05 
664 1.0022e-05 
665 3.73658e-05 
666 6.18034e-05 
667 5.59834e-05 
668 5.38741e-05 
669 0.000614522 
670 0.000145741 
671 0.000858993 
672 0.00111224 
673 0.0124784 
674 0.272994 
675 5.39403e-06 
676 1.10152e-05 
677 6.97994e-05 
678 0.000532957 
679 0.0947453 
680 0.029588 
681 0.440532 
682 6.26165e-05 
683 0.0142465 
684 0.0255368 
685 0.394425 
686 0.00370229 
687 0.0241094 
688 0.0525711 
689 0.317348 
690 0.0255003 
691 0.0839028 
692 0.0713876 
693 0.0766209 
694 0.0726903 
695 0.0599529 
696 0.0843609 
697 0.0358531 
698 0.221294 
699 0.0151413 
700 0.0339351 
701 0.247327 
702 0.0150791 
703 0.0350529 
704 0.210461 
705 0.0163844 
706 0.0485082 
707 0.0560276 
708 0.055975 
709 0.0414702 
710 0.132703 
711 0.0170782 
712 0.0571911 
713 0.0533093 
714 0.0455671 
715 0.0939389 
716 0.0215771 
717 0.259539 
718 0.0152341 
719 0.0347515 
720 0.197468 
721 0.000187264 
722 0.000156397 
723 0.00023495 
724 0.00342324 
725 0.0164868 
726 0.0524376 
727 0.0544033 
728 0.0547174 
729 0.0451552 
730 0.0900061 
731 0.0225376 
732 0.432603 
733 0.0130687 
734 0.0201543 
735 0.188724 
736 0.014476 
737 0.0291793 
738 1.90147 
739 0.000462553 
740 0.00432669 
741 0.0109797 
742 0.0117379 
743 1.05532e-05 
744 6.64182e-06 
745 2.78883e-05 
746 2.0688e-05 
747 9.57011e-06 
748 1.90062e-05 
749 1.48895e-05 
750 2.20092e-05 
751 1.63658e-05 
752 1.58085e-05 
753 1.31003e-05 
754 2.64434e-05 
755 3.85787e-05 
756 7.56292e-05 
757 0.000103444 
758 5.72083e-05 
759 5.27864e-05 
760 2.7051e-05 
761 3.57768e-05 
762 0.000179837 
763 0.000773909 
764 0.000261803 
765 0.00128473 
766 0.000388123 
767 0.00159496 
768 0.00527692 
769 0.0192837 
770 0.109951 
771 0.000249686 
772 0.0229649 
773 0.592387 
774 3.38684e-05 
775 0.000197806 
776 0.000771402 
777 0.0117963 
778 0.0145911 
779 0.0293363 
780 0.664381 
781 0.000105573 
782 0.00054222 
783 0.0121532 
784 0.0165764 
785 0.0354927 
786 0.29107 
787 0.000415532 
788 0.016841 
789 0.0401514 
790 0.128932 
791 0.019266 
792 0.127086 
793 0.018994 
794 0.123787 
795 0.0185083 
796 0.105745 
797 0.021058 
798 0.292562 
799 0.00109233 
800 0.0127713 
801 0.0210612 
802 0.256363 
803 0.000967701 
804 0.0139486 
805 0.0278446 
806 0.914469 
807 0.000446277 
808 0.0297786 
809 0.0608163 
810 0.104019 
811 0.021539 
812 0.264862 
813 0.0150035 
814 0.0333793 
815 0.287687 
816 0.0156428 
817 0.0356894 
818 0.134665 
819 0.0188759 
820 0.118987 
821 0.0184732 
822 0.0987411 
823 0.0237616 
824 1.23503 
825 0.000269061 
826 0.0113001 
827 0.0131056 
828 0.0196035 
829 0.0784759 
830 0.0488146 
831 0.0657657 
832 0.0367847 
833 0.14497 
834 0.017387 
835 0.0778206 
836 0.0251314 
837 0.509782 
838 0.000289596 
839 0.162567 
840 0.0149036 
841 0.0374441 
842 0.126254 
843 0.0170724 
844 0.0721913 
845 0.0314394 
846 0.359378 
847 0.00206622 
848 0.0133983 
849 0.0239113 
850 3.17325 
851 0.000264576 
852 0.00109308 
853 0.0108847 
854 0.011968 
855 0.0158839 
856 0.0434485 
857 0.0493682 
858 0.0448798 
859 0.0686066 
860 0.0268991 
861 2.30178 
862 0.000243316 
863 0.0008527 
864 0.0110832 
865 0.011816 
866 0.0149153 
867 0.0370989 
868 0.0932915 
869 0.0203029 
870 0.315645 
871 0.0125902 
872 0.020543 
873 0.426263 
874 0.0116288 
875 0.0154961 
876 0.0492765 
877 0.0487428 
878 0.0475129 
879 0.0539815 
880 0.0386337 
881 0.0997592 
882 0.0191568 
883 0.193424 
884 0.0141658 
885 0.0334727 
886 0.167663 
887 0.0151292 
888 0.0443375 
889 0.0584689 
890 0.0363952 
891 0.10978 
892 0.0195244 
893 0.23939 
894 0.0133373 
895 0.0235964 
896 1.53258 
897 0.000962003 
898 0.0150551 
899 0.0349455 
900 0.13721 
901 0.0180992 
902 0.100174 
903 0.0209936 
904 0.414296 
905 0.0128827 
906 0.0185062 
907 9.62002e-06 
908 4.19751e-05 
909 8.16005e-06 
910 4.27916e-05 
911 2.91037e-05 
912 4.72834e-06 
913 6.2962e-06 
914 1.70652e-05 
915 8.8606e-06 
916 1.92821e-05 
917 9.61327e-06 
918 1.18617e-05 
919 1.36848e-05 
920 1.38721e-05 
921 4.6809e-05 
922 2.43948e-05 
923 2.99149e-05 
924 3.19466e-05 
925 6.30458e-05 
926 4.42172e-05 
927 9.08689e-05 
928 0.000225843 
929 7.77088e-05 
930 0.00106032 
931 0.000486701 
932 0.00180569 
933 0.00136522 
934 0.0062501 
935 0.229437 
936 3.68415e-05 
937 0.0119362 
938 0.0191334 
939 0.121277 
940 0.0212329 
941 0.224882 
942 0.00383253 
943 0.0205715 
944 0.0914233 
945 0.0431282 
946 0.212724 
947 0.0126753 
948 0.0228686 
949 1.24875 
950 2.77468e-05 
951 8.54102e-05 
952 0.0122948 
953 0.0138694 
954 0.0227926 
955 0.205897 
956 0.0288548 
957 0.243182 
958 0.0493158 
959 0.0485724 
960 0.0463121 
961 0.0637056 
962 0.0312089 
963 0.306836 
964 0.0125778 
965 0.0190683 
966 0.19932 
967 0.0140332 
968 0.0302733 
969 0.348937 
970 0.0120442 
971 0.0172072 
972 0.0921391 
973 0.0206675 
974 0.312164 
975 0.0133833 
976 0.0257898 
977 1.41 
978 0.000141641 
979 0.0141208 
980 0.0210346 
981 0.301751 
982 0.0160626 
983 0.0393231 
984 0.0975803 
985 0.024533 
986 2.46712 
987 3.77185e-05 
988 0.000111146 
989 0.00111104 
990 0.0762563 
991 0.0319989 
992 0.0668305 
993 0.0269978 
994 0.486167 
995 0.00828745 
996 0.00893343 
997 0.0108709 
998 0.0189297 
999 0.321819 
1000 0.00568138 
1001 0.0106469 
1002 0.0184493 
1003 0.200819 
1004 0.0120891 
1005 0.0257583 
1006 0.881366 
1007 0.0261458 
1008 0.0336839 
1009 0.315387 
1010 0.0213211 
1011 0.066631 
1012 0.137629 
1013 0.0236476 
1014 0.141979 
1015 0.0436006 
1016 0.352695 
1017 0.0143724 
1018 0.027494 
1019 0.463705 
1020 0.0185687 
1021 0.0606503 
1022 0.0327859 
1023 0.130626 
1024 0.0194241 
1025 0.115672 
1026 0.0169129 
1027 0.100051 
1028 0.0188825 
1029 0.235276 
1030 0.0129276 
1031 0.0238758 
1032 0.642878 
1033 0.065803 
1034 0.0225299 
1035 0.487859 
1036 0.0434967 
1037 0.0578358 
1038 0.0307537 
1039 0.218327 
1040 0.0120941 
1041 0.0217799 
1042 2.07636 
1043 0.0002 
1044 0.00165645 
1045 0.00555216 
1046 0.0109057 
1047 0.0120735 
1048 0.0169877 
1049 0.0761202 
1050 0.0275108 
1051 0.709776 
1052 0.000586695 
1053 0.0128913 
1054 0.0187686 
1055 0.122684 
1056 0.0218584 
1057 0.206186 
1058 0.0434527 
1059 0.0383966 
1060 0.0742652 
1061 0.0239905 
1062 2.89391 
1063 0.000147214 
1064 0.00196664 
1065 0.0130506 
1066 0.0237209 
1067 2.24099 
1068 0.0236436 
1069 0.0988159 
1070 0.0895747 
1071 0.0611535 
1072 0.0421698 
1073 0.0724048 
1074 0.0258263 
1075 1.51267 
1076 0.0142941 
1077 0.0139081 
1078 0.0243263 
1079 1.10795 
1080 0.0166916 
1081 0.0406341 
1082 0.0892104 
1083 0.019956 
1084 0.192751 
1085 0.0163754 
1086 0.0541428 
1087 0.0391424 
1088 0.0989914 
1089 0.0219976 
1090 0.820066 
1091 0.0116278 
1092 0.0150563 
1093 0.040254 
1094 0.0941552 
1095 0.0228855 
1096 1.47522 
1097 0.00224854 
1098 0.0188937 
1099 0.0294784 
1100 1.33988 
1101 0.0161634 
1102 0.0330247 
1103 0.150888 
1104 0.0195571 
1105 0.144496 
1106 0.0228804 
1107 0.310804 
1108 0.0783301 
1109 0.0430174 
1110 0.0300485 
1111 1.27444 
1112 0.00430375 
1113 0.0171073 
1114 0.0292742 
1115 0.522949 
1116 0.0374557 
1117 0.0404376 
1118 0.0440854 
1119 0.0516121 
1120 0.0444804 
1121 0.050729 
1122 0.0441628 
1123 0.051413 
1124 0.042647 
1125 0.0543754 
1126 0.0395326 
1127 0.0631891 
1128 0.0336256 
1129 0.102032 
1130 0.0240054 
1131 2.11181 
1132 0.0207272 
1133 0.18857 
1134 0.0227652 
1135 2.32705 
1136 0.000702273 
1137 0.0520917 
1138 0.0281949 
1139 0.463005 
1140 0.0186349 
1141 0.0841601 
1142 0.0188826 
1143 0.117269 
1144 0.0301428 
1145 0.156485 
1146 0.0260935 
1147 0.449065 
1148 0.0256076 
1149 0.247018 
1150 0.0234925 
1151 0.612023 
1152 0.000832513 
1153 0.031048 
1154 0.128016 
1155 0.00079451 
1156 0.0571521 
1157 0.0208879 
1158 0.159788 
1159 0.0376706 
1160 0.0383573 
1161 0.0495093 
1162 0.0513371 
1163 0.0351114 
1164 0.0843547 
1165 0.0321552 
1166 0.0596147 
1167 0.0661928 
1168 0.0165406 
1169 0.0792342 
1170 0.058102 
1171 0.0160104 
1172 0.0690244 
1173 0.0532568 
1174 0.0208102 
1175 0.297999 
1176 0.000135326 
1177 0.0331967 
1178 0.0482793 
1179 0.100133 
1180 0.0115457 
1181 0.0231776 
1182 0.418287 
1183 0.00118523 
1184 0.125734 
1185 0.0348048 
1186 0.168053 
1187 0.018171 
1188 0.0667062 
1189 0.0475851 
1190 0.0263178 
1191 0.169125 
1192 0.0466431 
1193 0.022157 
1194 0.426305 
1195 0.000252506 
1196 0.362524 
1197 0.00154521 
1198 0.108029 
1199 1.28553e-06 
1200 3.75207e-06 
1201 2.05149e-06 
1202 1.18662e-05 
1203 9.20503e-05 
1204 5.45913e-05 
1205 4.62831e-05 
1206 7.33383e-05 
1207 9.54383e-05 
1208 0.000280805 
1209 0.000564973 
1210 0.00146471 
1211 0.00997888 
1212 0.0333087 
1213 0.121504 
1214 0.000472537 
1215 0.0223189 
1216 0.0958638 
1217 0.000112461 
1218 0.00259888 
1219 0.127292 
1220 0.0463099 
1221 0.0345349 
1222 0.123034 
1223 0.0119458 
1224 0.0320646 
1225 0.100034 
1226 0.000247214 
1227 0.0195691 
1228 0.154624 
1229 0.0407623 
1230 0.0401166 
1231 0.132194 
1232 0.00035449 
1233 0.0174858 
1234 0.0792916 
1235 0.0391572 
1236 0.0583765 
1237 6.90164e-06 
1238 2.64799e-05 
1239 4.08856e-05 
1240 4.23875e-05 
1241 3.00607e-05 
1242 3.24951e-05 
1243 3.85787e-05 
1244 4.93422e-05 
1245 5.27075e-05 
1246 8.7081e-05 
1247 0.000105343 
1248 0.000112402 
1249 0.000371373 
1250 0.00055158 
1251 0.000683271 
1252 0.00248601 
1253 0.00844776 
1254 0.0715819 
1255 0.000261803 
1256 0.0148359 
1257 0.0974876 
1258 0.000238197 
1259 0.0032198 
1260 0.0345865 
1261 0.0655674 
1262 0.0519978 
1263 0.023752 
1264 0.090822 
1265 0.144755 
1266 0.00100023 
1267 0.0442595 
1268 0.0320459 
1269 0.118552 
1270 0.0262841 
1271 0.193208 
1272 0.0451944 
1273 0.0279513 
1274 0.151333 
1275 0.00170619 
1276 0.0268587 
1277 0.0979916 
1278 0.0228006 
1279 0.0557035 
1280 0.00111169 
1281 0.825435 
1282 0.000264422 
1283 0.000922576 
1284 0.0109109 
1285 0.0359379 
1286 0.052298 
1287 0.137621 
1288 0.0430298 
1289 0.0386587 
1290 0.0358073 
1291 0.18371 
1292 0.000832513 
1293 0.0175636 
1294 0.0458504 
1295 0.112001 
1296 0.0115901 
1297 0.0229358 
1298 2.67833e-05 
1299 1.533e-05 
1300 6.97892e-06 
1301 1.52722e-05 
1302 2.76954e-05 
1303 1.64167e-05 
1304 1.09521e-05 
1305 2.62492e-05 
1306 2.02149e-05 
1307 4.51257e-05 
1308 2.77735e-05 
1309 2.80978e-05 
1310 3.41083e-05 
1311 2.79029e-05 
1312 8.1966e-05 
1313 9.23311e-05 
1314 6.97994e-05 
1315 0.00042279 
1316 0.00011459 
1317 0.000311551 
1318 0.000150836 
1319 0.000557326 
1320 0.000558656 
1321 0.00116623 
1322 0.00055815 
1323 0.00451448 
1324 0.0020534 
1325 0.00540387 
1326 0.00871741 
1327 0.201853 
1328 4.42072e-05 
1329 0.0510859 
1330 0.000633523 
1331 0.0241342 
1332 0.510157 
1333 2.94976e-05 
1334 0.000132624 
1335 0.000652525 
1336 0.00142912 
1337 0.00582863 
1338 0.0258717 
1339 0.180557 
1340 0.1443 
1341 0.0352139 
1342 0.121994 
1343 0.0195055 
1344 0.0456014 
1345 0.191789 
1346 0.0248128 
1347 0.263177 
1348 0.00165645 
1349 0.0155904 
1350 0.0303364 
1351 0.663741 
1352 8.93835e-05 
1353 0.000972841 
1354 0.0239391 
1355 0.151508 
1356 0.0278078 
1357 0.385693 
1358 0.00129757 
1359 0.0344965 
1360 0.134433 
1361 0.0667006 
1362 0.153773 
1363 0.0140827 
1364 0.0560577 
1365 0.0143724 
1366 0.0347195 
1367 0.347826 
1368 0.00913134 
1369 0.0118606 
1370 0.0224187 
1371 0.439796 
1372 0.0128129 
1373 0.0212859 
1374 0.259513 
1375 0.015676 
1376 0.0306074 
1377 0.0622527 
1378 0.343718 
1379 0.00159496 
1380 0.00659107 
1381 0.0179978 
1382 0.0748959 
1383 0.0277984 
1384 2.12291 
1385 0.000163932 
1386 0.00167636 
1387 0.0169053 
1388 0.0382071 
1389 0.0324649 
1390 0.158103 
1391 0.0131363 
1392 0.0372963 
1393 0.084114 
1394 0.0210895 
1395 1.17783 
1396 0.00170619 
1397 0.0074673 
1398 0.00783768 
1399 0.00909226 
1400 0.0127539 
1401 0.0336539 
1402 0.24212 
1403 0.000671527 
1404 0.0094596 
1405 0.0133365 
1406 0.0383313 
1407 0.171753 
1408 0.0106081 
1409 0.0181201 
1410 0.119694 
1411 0.0205063 
1412 0.397909 
1413 0.0105809 
1414 0.0142881 
1415 0.0291083 
1416 1.69276 
1417 0.000118034 
1418 0.00252488 
1419 0.0107334 
1420 0.0117988 
1421 0.0153637 
1422 0.0368321 
1423 0.124371 
1424 0.0196274 
1425 0.160338 
1426 0.0154246 
1427 0.0419818 
1428 0.104273 
1429 0.0194891 
1430 0.148662 
1431 0.0176042 
1432 0.0818359 
1433 0.027008 
1434 2.10969 
1435 0.000125735 
1436 0.00133447 
1437 0.00616961 
1438 0.0289431 
1439 0.27114 
1440 0.0147982 
1441 0.0311982 
1442 0.302047 
1443 0.0140043 
1444 0.025829 
1445 1.22775 
1446 0.000853619 
1447 0.00485546 
1448 0.0585548 
1449 0.0197648 
1450 0.17846 
1451 0.0151575 
1452 0.045481 
1453 0.0695223 
1454 0.0271276 
1455 1.34506 
1456 0.000975048 
1457 0.0151661 
1458 0.022223 
1459 0.665166 
1460 0.00170619 
1461 0.00795841 
1462 0.00898318 
1463 0.0115735 
1464 0.0209512 
1465 0.199159 
1466 0.0167319 
1467 0.0643517 
1468 0.0324232 
1469 0.55373 
1470 0.00878637 
1471 0.0103796 
1472 0.0154939 
1473 0.0568788 
1474 0.0428489 
1475 0.0632583 
1476 0.0365752 
1477 0.10894 
1478 0.0193204 
1479 0.256043 
1480 0.0103758 
1481 0.0147874 
1482 0.0480091 
1483 0.0637102 
1484 0.0270294 
1485 1.46636 
1486 0.000614522 
1487 0.00975742 
1488 0.0108906 
1489 0.0140836 
1490 0.0365813 
1491 0.135174 
1492 0.0158146 
1493 0.0587305 
1494 0.0352511 
1495 0.119425 
1496 0.018345 
1497 0.143453 
1498 0.0153271 
1499 0.0459268 
1500 0.0637899 
1501 0.0280779 
1502 0.723252 
1503 0.0105518 
1504 0.0121669 
1505 0.0221944 
1506 0.953709 
1507 0.00105417 
1508 0.0102074 
1509 0.0125592 
1510 0.0238239 
1511 2.13202 
1512 0.000795565 
1513 0.0244269 
1514 0.135534 
1515 0.0259765 
1516 0.0859925 
1517 0.112694 
1518 0.0405138 
1519 0.72171 
1520 0.0163765 
1521 0.0268227 
1522 0.535949 
1523 0.0330994 
1524 0.0576782 
1525 0.267334 
1526 0.0160495 
1527 0.039794 
1528 0.219504 
1529 0.0124631 
1530 0.024039 
1531 0.98498 
1532 0.0435685 
1533 0.0198888 
1534 0.0778795 
1535 0.0391744 
1536 0.152227 
1537 0.0186048 
1538 0.0815738 
1539 0.0304223 
1540 0.898965 
1541 0.00765885 
1542 0.00891798 
1543 0.0121684 
1544 0.0263363 
1545 0.689528 
1546 0.0626925 
1547 0.0176637 
1548 0.0572863 
1549 0.0462236 
1550 0.0584524 
1551 0.0405193 
1552 0.0773736 
1553 0.0292131 
1554 0.173505 
1555 0.0133874 
1556 0.0323063 
1557 0.188926 
1558 0.01278 
1559 0.0276993 
1560 0.571685 
1561 0.00972389 
1562 0.0123356 
1563 0.0253745 
1564 1.51538 
1565 0.000999125 
1566 0.00938394 
1567 0.011525 
1568 0.0207114 
1569 0.541602 
1570 0.0230048 
1571 0.0823734 
1572 0.0207941 
1573 0.346176 
1574 0.0275496 
1575 0.0365636 
1576 0.169499 
1577 0.0123827 
1578 0.0255219 
1579 1.7769 
1580 0.00186196 
1581 0.0328167 
1582 0.0212445 
1583 0.552344 
1584 0.0223544 
1585 0.171618 
1586 0.0485918 
1587 0.0116115 
1588 0.0219702 
1589 0.327429 
1590 0.0163931 
1591 0.0371271 
1592 0.189502 
1593 0.0162535 
1594 0.0491369 
1595 0.0747655 
1596 0.0278683 
1597 1.22782 
1598 0.00805263 
1599 0.00905465 
1600 0.011865 
1601 0.0249033 
1602 1.86287 
1603 0.00109237 
1604 0.0175198 
1605 0.0360742 
1606 0.0686605 
1607 0.0303966 
1608 0.362852 
1609 0.011176 
1610 0.0163711 
1611 0.0756129 
1612 0.0263503 
1613 0.887419 
1614 0.0115287 
1615 0.0146387 
1616 0.0376852 
1617 0.0993521 
1618 0.01792 
1619 0.139669 
1620 0.0156481 
1621 0.056622 
1622 0.0346592 
1623 0.110668 
1624 0.017965 
1625 0.127454 
1626 0.0131091 
1627 0.034718 
1628 0.124159 
1629 0.0145512 
1630 0.0531758 
1631 0.0363888 
1632 0.104915 
1633 0.0160353 
1634 0.0857717 
1635 0.0194625 
1636 0.348115 
1637 0.00971634 
1638 0.0134022 
1639 0.0376534 
1640 0.0918945 
1641 0.0178549 
1642 0.167955 
1643 0.0123792 
1644 0.0279837 
1645 0.481307 
1646 0.0093277 
1647 0.0119567 
1648 0.0248293 
1649 1.91095 
1650 0.0211256 
1651 0.103656 
1652 0.0168288 
1653 0.10325 
1654 0.0171777 
1655 0.114717 
1656 0.0160095 
1657 0.0748363 
1658 0.0241156 
1659 2.35414 
1660 0.0338371 
1661 0.0216494 
1662 0.294153 
1663 0.0167791 
1664 0.0420485 
1665 0.109508 
1666 0.0218456 
1667 0.298017 
1668 0.017071 
1669 0.03564 
1670 0.312302 
1671 0.0147297 
1672 0.026899 
1673 2.19556 
1674 0.0316882 
1675 0.0259474 
1676 0.221925 
1677 0.0303783 
1678 0.121974 
1679 0.0233302 
1680 0.40768 
1681 0.0758454 
1682 0.123881 
1683 0.0247315 
1684 0.387504 
1685 0.0638559 
1686 0.0509186 
1687 0.0126171 
1688 0.024658 
1689 0.936509 
1690 0.0173788 
1691 0.029051 
1692 0.770646 
1693 0.0268162 
1694 0.112501 
1695 0.0373602 
1696 0.0406802 
1697 0.0761615 
1698 0.0227498 
1699 1.99489 
1700 0.0114126 
1701 0.014735 
1702 0.0398489 
1703 0.0808705 
1704 0.0195059 
1705 0.240291 
1706 0.0140634 
1707 0.0339562 
1708 0.115756 
1709 0.017939 
1710 0.142812 
1711 0.0151411 
1712 0.048816 
1713 0.0451938 
1714 0.0505921 
1715 0.0420593 
1716 0.0606906 
1717 0.0312493 
1718 0.195537 
1719 0.0137969 
1720 0.0318091 
1721 0.178267 
1722 0.0141864 
1723 0.0360839 
1724 0.100124 
1725 0.0188844 
1726 0.216595 
1727 0.0132379 
1728 0.0266609 
1729 0.762715 
1730 0.0109659 
1731 0.0133788 
1732 0.0279562 
1733 0.462769 
1734 0.0114627 
1735 0.0155799 
1736 0.0576826 
1737 0.0332292 
1738 0.142176 
1739 0.0154577 
1740 0.0556304 
1741 0.0345952 
1742 0.12124 
1743 0.0165748 
1744 0.0825158 
1745 0.0219318 
1746 1.30092 
1747 0.0107109 
1748 0.0124563 
1749 0.0211164 
1750 0.736841 
1751 0.0110841 
1752 0.0138806 
1753 0.0327083 
1754 0.14869 
1755 0.0151648 
1756 0.050586 
1757 0.0405157 
1758 0.0693145 
1759 0.0256595 
1760 1.18791 
1761 0.0106603 
1762 0.0124567 
1763 0.0214185 
1764 0.893912 
1765 0.0108392 
1766 0.0132255 
1767 0.0271755 
1768 0.540877 
1769 3.49867e-05 
1770 1.87208e-05 
1771 1.66447e-05 
1772 2.22655e-05 
1773 2.49743e-05 
1774 2.16694e-05 
1775 7.06971e-05 
1776 0.000103444 
1777 0.00011356 
1778 0.000101316 
1779 0.000138197 
1780 0.000269061 
1781 0.000256801 
1782 0.000602778 
1783 0.000633523 
1784 0.00218153 
1785 0.0056179 
1786 0.00926912 
1787 0.00519815 
1788 0.0208926 
1789 0.062793 
1790 0.0558481 
1791 0.0455698 
1792 0.0498444 
1793 0.0413961 
1794 0.0670236 
1795 0.026345 
1796 0.759808 
1797 0.0126085 
1798 0.0159766 
1799 0.0516913 
1800 0.0444679 
1801 0.0447097 
1802 0.0601192 
1803 0.0281671 
1804 0.481853 
1805 0.0126405 
1806 0.0165723 
1807 0.0665683 
1808 0.0308136 
1809 0.163278 
1810 0.017119 
1811 0.0861579 
1812 0.0207788 
1813 0.483468 
1814 0.0136615 
1815 0.0229754 
1816 2.43389 
1817 0.00103773 
1818 0.0136127 
1819 0.0228401 
1820 1.68224 
1821 0.0183841 
1822 0.0545323 
1823 0.0469842 
1824 0.0477421 
1825 0.0404636 
1826 0.0706251 
1827 0.0248271 
1828 1.7453 
1829 0.0122007 
1830 0.0146288 
1831 0.0330927 
1832 0.147711 
1833 0.0155695 
1834 0.0465494 
1835 0.0532235 
1836 0.0339892 
1837 0.137323 
1838 0.0162513 
1839 0.0599017 
1840 0.0344777 
1841 0.0984376 
1842 0.0215935 
1843 1.15432 
1844 0.0121375 
1845 0.0141117 
1846 0.02771 
1847 0.486254 
1848 0.0127225 
1849 0.0172895 
1850 0.0903088 
1851 0.0228694 
1852 2.3664 
1853 0.000232624 
1854 0.00331363 
1855 0.00769449 
1856 0.0141946 
1857 0.0310912 
1858 0.200568 
1859 0.0156959 
1860 0.0468055 
1861 0.0446985 
1862 0.0502313 
1863 0.0422576 
1864 0.0562742 
1865 0.0358068 
1866 0.0903841 
1867 0.0222094 
1868 1.68748 
1869 0.0121305 
1870 0.014276 
1871 0.0297019 
1872 0.30255 
1873 0.013314 
1874 0.0212216 
1875 0.679774 
1876 0.0130317 
1877 0.0190272 
1878 0.217176 
1879 0.0143089 
1880 0.0300304 
1881 0.259125 
1882 0.0138393 
1883 0.0253055 
1884 1.34703 
1885 0.00569839 
1886 0.0121988 
1887 0.0154656 
1888 0.0466225 
1889 0.0538687 
1890 0.034626 
1891 0.120048 
1892 0.0174727 
1893 0.0988474 
1894 0.0211224 
1895 0.804373 
1896 0.0122612 
1897 0.0149879 
1898 0.0381328 
1899 0.0862058 
1900 0.0209262 
1901 0.562914 
1902 0.0131948 
1903 0.020288 
1904 0.457421 
1905 0.0127122 
1906 0.017587 
1907 0.104045 
1908 0.0205549 
1909 0.548337 
1910 0.0124194 
1911 0.0161985 
1912 0.0608345 
1913 0.0332134 
1914 0.118584 
1915 0.0190659 
1916 0.22448 
1917 0.0141155 
1918 0.0284603 
1919 0.387594 
1920 0.012983 
1921 0.0191054 
1922 0.206895 
1923 0.0155231 
1924 0.0462517 
1925 0.0444095 
1926 0.0565838 
1927 0.0319588 
1928 0.176072 
1929 0.0150725 
1930 0.0394932 
1931 0.0765167 
1932 0.0230944 
1933 2.14157 
1934 0.0193718 
1935 0.265179 
1936 0.00242912 
1937 0.0151602 
1938 0.0391712 
1939 0.0746553 
1940 0.0232597 
1941 2.11487 
1942 0.0527156 
1943 0.0390454 
1944 0.063749 
1945 0.0302667 
1946 0.197058 
1947 0.0150983 
1948 0.0401892 
1949 0.0695487 
1950 0.025785 
1951 0.992258 
1952 0.0121734 
1953 0.014694 
1954 0.0346472 
1955 0.126869 
1956 0.0166754 
1957 0.0718728 
1958 0.0276818 
1959 0.349985 
1960 0.0139168 
1961 0.0262217 
1962 0.618767 
1963 0.0130526 
1964 0.0193305 
1965 0.259221 
1966 0.0137695 
1967 0.0251681 
1968 1.42068 
1969 0.0120811 
1970 0.0141972 
1971 0.0290141 
1972 0.321424 
1973 0.0132938 
1974 0.0214083 
1975 0.783064 
1976 0.0128283 
1977 0.0181327 
1978 0.139659 
1979 0.016302 
1980 0.0627012 
1981 0.0317747 
1982 0.146282 
1983 0.0172583 
1984 0.094342 
1985 0.0198476 
1986 0.307951 
1987 0.0141493 
1988 0.0282782 
1989 0.30204 
1990 0.0141358 
1991 0.0284724 
1992 0.290893 
1993 0.014271 
1994 0.0296277 
1995 0.215883 
1996 0.0151966 
1997 0.0416576 
1998 0.0564694 
1999 0.0363208 
2000 0.0836443 
2001 0.0237348 
2002 2.11649 
2003 0.0183776 
2004 0.157941 
2005 0.015609 
2006 0.0484035 
2007 0.0468844 
2008 0.0436591 
2009 0.0582225 
2010 0.0309762 
2011 0.206413 
2012 0.0144958 
2013 0.0322773 
2014 0.164535 
2015 0.0153854 
2016 0.044782 
2017 0.0548975 
2018 0.0335889 
2019 0.135949 
2020 0.016497 
2021 0.0675828 
2022 0.0289294 
2023 0.256587 
2024 0.0146389 
2025 0.0336735 
2026 0.1117 
2027 0.0195367 
2028 0.290406 
2029 0.0135135 
2030 0.0231262 
2031 2.15998 
2032 0.0216474 
2033 1.16239 
2034 0.00506661 
2035 0.0130308 
2036 0.0185969 
2037 0.159782 
2038 0.0171798 
2039 0.0871966 
2040 0.0205767 
2041 0.48135 
2042 0.0150735 
2043 0.0298334 
2044 0.134556 
2045 0.0175732 
2046 0.107818 
2047 0.0185445 
2048 0.155965 
2049 0.0165744 
2050 0.0714446 
2051 0.0258465 
2052 1.20951 
2053 0.0156614 
2054 0.0268376 
2055 0.165144 
2056 0.017257 
2057 0.0684593 
2058 0.0326249 
2059 0.167876 
2060 0.0165287 
2061 0.0685249 
2062 0.0254571 
2063 1.07906 
2064 0.0117414 
2065 0.013958 
2066 0.028432 
2067 0.476991 
2068 0.0144398 
2069 0.0238293 
2070 1.13878 
2071 0.0492277 
2072 0.0222195 
2073 0.259832 
2074 0.0766735 
2075 0.0573497 
2076 0.0332445 
2077 0.094651 
2078 0.0209197 
2079 0.577633 
2080 0.0218399 
2081 0.255717 
2082 0.104734 
2083 0.0498772 
2084 0.0167634 
2085 0.0301216 
2086 0.0351041 
2087 0.113839 
2088 0.0187907 
2089 0.207827 
2090 0.0146398 
2091 0.0337204 
2092 0.126239 
2093 0.0171609 
2094 0.0886273 
2095 0.0216926 
2096 1.58521 
2097 0.0143239 
2098 0.0255533 
2099 0.136658 
2100 0.0199596 
2101 0.241057 
2102 0.015178 
2103 0.0403484 
2104 0.130707 
2105 0.0162372 
2106 0.0781223 
2107 0.0222886 
2108 1.66784 
2109 0.011669 
2110 0.0170558 
2111 0.0635877 
2112 0.0402909 
2113 0.104241 
2114 0.0178819 
2115 0.148482 
2116 0.0152453 
2117 0.054846 
2118 0.0348249 
2119 0.110122 
2120 0.0173767 
2121 0.119919 
2122 0.0172506 
2123 0.116021 
2124 0.0169091 
2125 0.0981988 
2126 0.0193463 
2127 0.332655 
2128 0.0125156 
2129 0.0196824 
2130 0.382588 
2131 0.0125368 
2132 0.0198539 
2133 0.456893 
2134 0.0122396 
2135 0.017433 
2136 0.121744 
2137 0.0173466 
2138 0.118665 
2139 0.0170748 
2140 0.102243 
2141 0.0189899 
2142 0.275587 
2143 0.0143514 
2144 0.0298415 
2145 0.14034 
2146 0.0151339 
2147 0.0522498 
2148 0.0397462 
2149 0.0652183 
2150 0.0275451 
2151 0.35454 
2152 0.0125911 
2153 0.0205365 
2154 0.700374 
2155 0.0116166 
2156 0.0147707 
2157 0.0426404 
2158 0.054541 
2159 0.0331009 
2160 0.125306 
2161 0.0164135 
2162 0.079599 
2163 0.0225409 
2164 2.33274 
2165 0.0140119 
2166 0.0332488 
2167 0.122588 
2168 0.0165497 
2169 0.0849135 
2170 0.0213256 
2171 1.19651 
2172 0.0113559 
2173 0.0136489 
2174 0.0292012 
2175 0.246409 
2176 0.0131018 
2177 0.0247158 
2178 1.27199 
2179 0.0113214 
2180 0.0136779 
2181 0.0291634 
2182 0.247423 
2183 0.0131855 
2184 0.024983 
2185 1.10268 
2186 0.0113961 
2187 0.013796 
2188 0.0306657 
2189 0.180526 
2190 0.0143374 
2191 0.0368505 
2192 0.0822813 
2193 0.0213108 
2194 1.11837 
2195 0.0114506 
2196 0.0141297 
2197 0.0347917 
2198 0.0986125 
2199 0.0190454 
2200 0.277183 
2201 0.0129191 
2202 0.0228117 
2203 2.37168 
2204 0.0414467 
2205 0.0558694 
2206 0.033391 
2207 0.115879 
2208 0.0173005 
2209 0.117841 
2210 0.0169821 
2211 0.102268 
2212 0.0185572 
2213 0.213724 
2214 0.013725 
2215 0.0297633 
2216 0.214712 
2217 0.0136886 
2218 0.0295506 
2219 0.226228 
2220 0.0134708 
2221 0.0276432 
2222 0.368031 
2223 0.012361 
2224 0.0189607 
2225 0.259921 
2226 0.0131091 
2227 0.0246764 
2228 1.23542 
2229 0.0115446 
2230 0.014228 
2231 0.035532 
2232 0.0880743 
2233 0.0205466 
2234 0.666274 
2235 0.0116187 
2236 0.0150672 
2237 0.0484542 
2238 0.0424717 
2239 0.0542576 
2240 0.0343022 
2241 0.104326 
2242 0.0182832 
2243 0.185277 
2244 0.0142979 
2245 0.0364584 
2246 0.0841026 
2247 0.021114 
2248 0.994253 
2249 0.0114651 
2250 0.0141008 
2251 0.0345176 
2252 0.102298 
2253 0.0184578 
2254 0.202039 
2255 0.0139636 
2256 0.0323944 
2257 0.134527 
2258 0.0160125 
2259 0.0692288 
2260 0.0252081 
2261 0.952185 
2262 0.0114287 
2263 0.0141363 
2264 0.0347896 
2265 0.0996451 
2266 0.0187259 
2267 0.230708 
2268 0.0134833 
2269 0.0277131 
2270 0.355159 
2271 0.0124699 
2272 0.0196243 
2273 0.38165 
2274 0.0123264 
2275 0.018677 
2276 0.224338 
2277 0.0135958 
2278 0.028737 
2279 0.267281 
2280 0.013009 
2281 0.0239556 
2282 1.83702 
2283 0.0115921 
2284 0.0150475 
2285 0.0475895 
2286 0.0424661 
2287 0.0548825 
2288 0.0334502 
2289 0.117504 
2290 0.0170038 
2291 0.103304 
2292 0.0184224 
2293 0.199475 
2294 0.0138642 
2295 0.0319491 
2296 0.145728 
2297 0.0153514 
2298 0.0543566 
2299 0.0343669 
2300 0.103165 
2301 0.0184514 
2302 0.201606 
2303 0.0139033 
2304 0.0319819 
2305 0.145192 
2306 0.0154222 
2307 0.0552803 
2308 0.0335163 
2309 0.114426 
2310 0.0173859 
2311 0.122768 
2312 0.0166103 
2313 0.087836 
2314 0.0205531 
2315 0.689725 
2316 0.0115533 
2317 0.0147335 
2318 0.0435197 
2319 0.0520278 
2320 0.0362097 
2321 0.0869653 
2322 0.020472 
2323 0.635189 
2324 0.0116655 
2325 0.0154399 
2326 0.0556999 
2327 0.032634 
2328 0.131568 
2329 0.0161447 
2330 0.0723188 
2331 0.0243242 
2332 1.50118 
2333 0.0114023 
2334 0.0140769 
2335 0.0345246 
2336 0.100855 
2337 0.0187525 
2338 0.236549 
2339 0.0133009 
2340 0.0261516 
2341 0.646395 
2342 0.0115534 
2343 0.0149268 
2344 0.0460197 
2345 0.0463721 
2346 0.0443699 
2347 0.0500718 
2348 0.0384474 
2349 0.0723621 
2350 0.0238348 
2351 2.04157 
2352 0.0116041 
2353 0.0152379 
2354 0.051202 
2355 0.0381455 
2356 0.0713472 
2357 0.0247882 
2358 1.15554 
2359 0.0114231 
2360 0.01418 
2361 0.0350034 
2362 0.0949934 
2363 0.0195879 
2364 0.377593 
2365 0.0121641 
2366 0.018233 
2367 0.178841 
2368 0.0145978 
2369 0.0406269 
2370 0.059649 
2371 0.0304717 
2372 0.178997 
2373 0.014559 
2374 0.0404839 
2375 0.0602409 
2376 0.0301085 
2377 0.192291 
2378 0.0142999 
2379 0.0365055 
2380 0.0816986 
2381 0.0219665 
2382 1.86654 
2383 0.0113997 
2384 0.0139804 
2385 0.033113 
2386 0.126133 
2387 0.0162587 
2388 0.0761364 
2389 0.0233871 
2390 2.32936 
2391 0.0141355 
2392 0.035274 
2393 0.0915013 
2394 0.0202025 
2395 0.560165 
2396 0.0116172 
2397 0.0152993 
2398 0.0528299 
2399 0.0366238 
2400 0.0802031 
2401 0.02244 
2402 2.37497 
2403 0.0124039 
2404 0.0198674 
2405 0.423525 
2406 0.0122644 
2407 0.0184885 
2408 0.20916 
2409 0.0135292 
2410 0.0285938 
2411 0.298952 
2412 0.0125627 
2413 0.0206503 
2414 0.699111 
2415 0.0116344 
2416 0.0153914 
2417 0.0543402 
2418 0.0331887 
2419 0.127721 
2420 0.0160445 
2421 0.069823 
2422 0.0256947 
2423 0.717523 
2424 0.0116189 
2425 0.0153016 
2426 0.0532211 
2427 0.0342147 
2428 0.11179 
2429 0.0171481 
2430 0.109352 
2431 0.01809 
2432 0.171933 
2433 0.0143157 
2434 0.0372382 
2435 0.0821775 
2436 0.0210051 
2437 0.877049 
2438 0.0115561 
2439 0.0148596 
2440 0.0447719 
2441 0.0467406 
2442 0.0459978 
2443 0.0442701 
2444 0.0516394 
2445 0.0357921 
2446 0.094349 
2447 0.0189666 
2448 0.255741 
2449 0.013315 
2450 0.0263757 
2451 0.536386 
2452 0.0119837 
2453 0.0168023 
2454 0.096228 
2455 0.0187158 
2456 0.223684 
2457 0.0137576 
2458 0.0306829 
2459 0.168906 
2460 0.0149552 
2461 0.0467295 
2462 0.0427715 
2463 0.0561744 
2464 0.0314363 
2465 0.166941 
2466 0.0143824 
2467 0.0384014 
2468 0.075139 
2469 0.0225936 
2470 2.35497 
2471 0.0148113 
2472 0.0440436 
2473 0.0481876 
2474 0.0436575 
2475 0.0491018 
2476 0.0420671 
2477 0.0535282 
2478 0.0364309 
2479 0.0805496 
2480 0.0225463 
2481 2.53014 
2482 0.0131252 
2483 0.024694 
2484 1.4626 
2485 0.0110758 
2486 0.0127823 
2487 0.0225832 
2488 2.3725 
2489 0.0143925 
2490 0.0379896 
2491 0.0701143 
2492 0.0260243 
2493 0.610543 
2494 0.0119282 
2495 0.0164031 
2496 0.0820803 
2497 0.0207249 
2498 0.713325 
2499 0.0118196 
2500 0.0158063 
2501 0.0641533 
2502 0.026306 
2503 0.665023 
2504 0.000163932 
2505 0.011061 
2506 0.0134042 
2507 0.0276018 
2508 0.485944 
2509 0.0130906 
2510 0.0205548 
2511 0.164215 
2512 0.0289772 
2513 0.124996 
2514 0.0206755 
2515 0.271544 
2516 0.0190207 
2517 0.069789 
2518 0.0616599 
2519 0.0323509 
2520 0.172161 
2521 0.0142284 
2522 0.0356092 
2523 0.0975535 
2524 0.0182999 
2525 0.180627 
2526 0.0147414 
2527 0.0433669 
2528 0.0490768 
2529 0.0429231 
2530 0.0504142 
2531 0.0407312 
2532 0.0572595 
2533 0.0333397 
2534 0.11095 
2535 0.0181924 
2536 0.18226 
2537 0.0138952 
2538 0.032457 
2539 0.146193 
2540 0.0149913 
2541 0.0473324 
2542 0.0458838 
2543 0.0436643 
2544 0.054542 
2545 0.0323862 
2546 0.147696 
2547 0.0149386 
2548 0.0464127 
2549 0.0477258 
2550 0.0404821 
2551 0.0660655 
2552 0.0253711 
2553 1.06623 
2554 0.0110963 
2555 0.0128956 
2556 0.0234052 
2557 2.63285 
2558 0.013447 
2559 0.0278579 
2560 0.399856 
2561 0.0118662 
2562 0.0166751 
2563 0.0891431 
2564 0.0210725 
2565 1.0946 
2566 0.0111068 
2567 0.012952 
2568 0.0232746 
2569 2.67713 
2570 0.0149826 
2571 0.050266 
2572 0.0460091 
2573 0.0458444 
2574 0.0499563 
2575 0.0372131 
2576 0.086047 
2577 0.0198831 
2578 0.411811 
2579 0.0124331 
2580 0.0195639 
2581 0.392364 
2582 0.0118382 
2583 0.0166737 
2584 0.0893532 
2585 0.0210664 
2586 1.09884 
2587 0.0110309 
2588 0.0127055 
2589 0.022003 
2590 1.63015 
2591 0.0115568 
2592 0.0154651 
2593 0.0580169 
2594 0.0298867 
2595 0.248308 
2596 0.0127999 
2597 0.0224379 
2598 2.11811 
2599 0.0129765 
2600 0.023775 
2601 2.08508 
2602 0.0154448 
2603 0.0315994 
2604 0.095328 
2605 0.0232225 
2606 1.55212 
2607 0.0335459 
2608 0.0871352 
2609 0.0237807 
2610 0.55937 
2611 0.0218409 
2612 0.0429749 
2613 0.408379 
2614 0.0548294 
2615 0.0552251 
2616 0.0418905 
2617 0.0440579 
2618 0.0382399 
2619 0.0632607 
2620 0.0281512 
2621 0.272619 
2622 0.0131998 
2623 0.0257233 
2624 0.642968 
2625 0.0119461 
2626 0.0169015 
2627 0.0987396 
2628 0.0184571 
2629 0.192897 
2630 0.0145793 
2631 0.040545 
2632 0.0564992 
2633 0.0346537 
2634 0.0924058 
2635 0.0208073 
2636 0.920086 
2637 0.0111245 
2638 0.0130045 
2639 0.0240001 
2640 2.32848 
2641 0.0110197 
2642 0.0128367 
2643 0.0233498 
2644 2.59011 
2645 0.0277399 
2646 0.120683 
2647 0.0166165 
2648 0.0874101 
2649 0.0215482 
2650 1.56181 
2651 0.010713 
2652 0.0120656 
2653 0.0178007 
2654 0.109186 
2655 0.0217503 
2656 0.912337 
2657 0.0223063 
2658 0.0574595 
2659 0.0749877 
2660 0.0482954 
2661 0.064711 
2662 0.0428267 
2663 0.0646905 
2664 0.0319159 
2665 0.190101 
2666 0.0135346 
2667 0.0284381 
2668 0.397812 
2669 0.0117802 
2670 0.0162485 
2671 0.0751436 
2672 0.0248627 
2673 1.00985 
2674 0.0115963 
2675 0.0152699 
2676 0.0538898 
2677 0.0321478 
2678 0.163155 
2679 0.0141138 
2680 0.0353438 
2681 0.10691 
2682 0.0170551 
2683 0.1037 
2684 0.0192385 
2685 0.328481 
2686 0.012066 
2687 0.0178681 
2688 0.146417 
2689 0.0160915 
2690 0.0729865 
2691 0.0225031 
2692 2.17972 
2693 0.0132796 
2694 0.0264417 
2695 0.505138 
2696 0.0122842 
2697 0.0184921 
2698 0.213396 
2699 0.0133378 
2700 0.0261616 
2701 0.79461 
2702 0.0111177 
2703 0.0131449 
2704 0.0253751 
2705 1.15902 
2706 0.0108015 
2707 0.0121714 
2708 0.0188081 
2709 0.202463 
2710 0.0146896 
2711 0.0423112 
2712 0.058626 
2713 0.0334268 
2714 0.107042 
2715 0.018974 
2716 0.279027 
2717 0.0125288 
2718 0.0203108 
2719 0.521507 
2720 0.0124716 
2721 0.0188628 
2722 0.255772 
2723 0.0133751 
2724 0.0243597 
2725 1.81977 
2726 0.0102755 
2727 0.0112487 
2728 0.015077 
2729 0.0442849 
2730 0.075331 
2731 0.0221096 
2732 1.11889 
2733 0.0177427 
2734 0.041388 
2735 0.0738745 
2736 0.0313822 
2737 0.159468 
2738 0.0157254 
2739 0.0631919 
2740 0.0259785 
2741 0.938147 
2742 0.0113229 
2743 0.0132554 
2744 0.0249894 
2745 1.46659 
2746 0.0110544 
2747 0.0124636 
2748 0.0193217 
2749 0.270676 
2750 0.0155862 
2751 0.0441886 
2752 0.0399831 
2753 0.072567 
2754 0.0224762 
2755 1.86149 
2756 0.017581 
2757 0.0560393 
2758 0.0338369 
2759 0.142246 
2760 0.0148302 
2761 0.0438293 
2762 0.0604017 
2763 0.0275874 
2764 0.506438 
2765 0.0115861 
2766 0.0148919 
2767 0.0451392 
2768 0.0524024 
2769 0.0335574 
2770 0.134159 
2771 0.0151924 
2772 0.0506954 
2773 0.04205 
2774 0.0514776 
2775 0.0408234 
2776 0.0553375 
2777 0.0363412 
2778 0.0778306 
2779 0.0241554 
2780 1.54186 
2781 0.0117895 
2782 0.0160693 
2783 0.0720581 
2784 0.0227048 
2785 2.40864 
2786 0.0164152 
2787 0.0831603 
2788 0.0200066 
2789 0.425686 
2790 0.0124514 
2791 0.019933 
2792 0.507037 
2793 0.0115208 
2794 0.0148688 
2795 0.0445286 
2796 0.0535056 
2797 0.0324625 
2798 0.158133 
2799 0.0142479 
2800 0.0365904 
2801 0.0956955 
2802 0.0181309 
2803 0.162321 
2804 0.0155223 
2805 0.0588992 
2806 0.0283375 
2807 0.379752 
2808 0.0118245 
2809 0.0164174 
2810 0.0797355 
2811 0.0237083 
2812 2.01458 
2813 0.0125802 
2814 0.0208237 
2815 0.955471 
2816 0.0109961 
2817 0.0126729 
2818 0.0215373 
2819 1.14751 
2820 0.0116628 
2821 0.0154293 
2822 0.0559637 
2823 0.0302599 
2824 0.237725 
2825 0.0126543 
2826 0.0219383 
2827 1.48516 
2828 0.0118105 
2829 0.0162026 
2830 0.0759478 
2831 0.0214003 
2832 0.947227 
2833 0.0118463 
2834 0.0164644 
2835 0.0792673 
2836 0.0216025 
2837 0.708229 
2838 0.0149197 
2839 0.0285633 
2840 0.247702 
2841 0.0178778 
2842 0.0497449 
2843 0.080973 
2844 0.0236481 
2845 1.0067 
2846 0.0206189 
2847 0.047598 
2848 0.212523 
2849 0.021933 
2850 0.144737 
2851 0.0320232 
2852 0.334611 
2853 0.0205252 
2854 0.0666087 
2855 0.0699651 
2856 0.0425497 
2857 0.0642269 
2858 0.0256207 
2859 1.14123 
2860 0.0108491 
2861 0.0121662 
2862 0.0186015 
2863 0.183554 
2864 0.015619 
2865 0.057469 
2866 0.0298878 
2867 0.258351 
2868 0.0126031 
2869 0.0210837 
2870 0.857172 
2871 0.012057 
2872 0.0163159 
2873 0.063057 
2874 0.0294488 
2875 0.28142 
2876 0.0123363 
2877 0.0191892 
2878 0.231353 
2879 0.0149235 
2880 0.0426744 
2881 0.0525719 
2882 0.0400453 
2883 0.0579182 
2884 0.0343181 
2885 0.0950821 
2886 0.0206654 
2887 0.852445 
2888 0.0110323 
2889 0.012794 
2890 0.0226603 
2891 2.32886 
2892 0.00480571 
2893 0.0554114 
2894 0.048209 
2895 0.0517669 
2896 0.0410412 
2897 0.0664611 
2898 0.0259812 
2899 0.769709 
2900 0.0119008 
2901 0.0153507 
2902 0.0480804 
2903 0.0485163 
2904 0.0354984 
2905 0.111603 
2906 0.0162803 
2907 0.0750758 
2908 0.0252588 
2909 0.820529 
2910 0.0116084 
2911 0.0156107 
2912 0.0605599 
2913 0.0283626 
2914 0.355853 
2915 0.0119896 
2916 0.0174597 
2917 0.121653 
2918 0.0176363 
2919 0.140372 
2920 0.0149293 
2921 0.0464845 
2922 0.0496064 
2923 0.0370332 
2924 0.0912049 
2925 0.0188275 
2926 0.226436 
2927 0.0139471 
2928 0.0328907 
2929 0.115725 
2930 0.0180998 
2931 0.176808 
2932 0.0137203 
2933 0.030965 
2934 0.204426 
2935 0.0132151 
2936 0.0260211 
2937 0.90869 
2938 0.0109859 
2939 0.0127266 
2940 0.0221556 
2941 1.76722 
2942 0.0118607 
2943 0.0165118 
2944 0.0864602 
2945 0.0194484 
2946 0.309602 
2947 0.0130612 
2948 0.0243585 
2949 1.41622 
2950 0.0116492 
2951 0.0153207 
2952 0.0543095 
2953 0.032042 
2954 0.171459 
2955 0.0138992 
2956 0.0324961 
2957 0.158383 
2958 0.0142477 
2959 0.0366416 
2960 0.0957843 
2961 0.0181182 
2962 0.160426 
2963 0.0156929 
2964 0.0617595 
2965 0.0267683 
2966 0.663993 
2967 0.0111691 
2968 0.0134816 
2969 0.0283507 
2970 0.383796 
2971 0.0117177 
2972 0.0162165 
2973 0.0736857 
2974 0.0255876 
2975 0.722192 
2976 0.0118752 
2977 0.0163417 
2978 0.0806091 
2979 0.0205086 
2980 0.569978 
2981 0.0120025 
2982 0.0173973 
2983 0.12685 
2984 0.0155329 
2985 0.0572497 
2986 0.0347259 
2987 0.0919209 
2988 0.0211333 
2989 1.20161 
2990 0.010886 
2991 0.0122229 
2992 0.0188596 
2993 0.228068 
2994 0.0140275 
2995 0.033548 
2996 0.104803 
2997 0.0193664 
2998 0.35164 
2999 0.0119169 
3000 0.0169777 
3001 0.099061 
3002 0.0200438 
3003 0.542631 
3004 0.0113436 
3005 0.0141472 
3006 0.0357272 
3007 0.105803 
3008 0.0170217 
3009 0.100435 
3010 0.0199078 
3011 0.49533 
3012 0.0113765 
3013 0.0145807 
3014 0.04094 
3015 0.0682769 
3016 0.023901 
3017 2.6856 
3018 0.0111787 
3019 0.0133773 
3020 0.0274242 
3021 0.526746 
3022 0.011324 
3023 0.0143211 
3024 0.0373842 
3025 0.0900396 
3026 0.0188314 
3027 0.222768 
3028 0.0141149 
3029 0.0349301 
3030 0.0894639 
3031 0.0216425 
3032 1.76665 
3033 0.0107597 
3034 0.0119139 
3035 0.0171718 
3036 0.10642 
3037 0.0192295 
3038 0.324194 
3039 0.0119825 
3040 0.0176172 
3041 0.128487 
3042 0.0172858 
3043 0.12008 
3044 0.0159051 
3045 0.0659712 
3046 0.0288333 
3047 0.236726 
3048 0.0139115 
3049 0.0324121 
3050 0.121876 
3051 0.0177778 
3052 0.150949 
3053 0.0144465 
3054 0.0391725 
3055 0.0778706 
3056 0.0210515 
3057 0.794228 
3058 0.0117999 
3059 0.01616 
3060 0.0743231 
3061 0.0219583 
3062 1.48363 
3063 0.011805 
3064 0.0160156 
3065 0.0705732 
3066 0.0230502 
3067 2.72501 
3068 0.33911 
3069 0.0127284 
3070 0.0194817 
3071 0.328531 
3072 0.0149531 
3073 0.0338746 
3074 0.0688664 
3075 0.0280051 
3076 0.300059 
3077 0.0132044 
3078 0.0255703 
3079 0.688547 
3080 0.0117014 
3081 0.0162677 
3082 0.079425 
3083 0.0207799 
3084 0.605437 
3085 0.0114811 
3086 0.0163567 
3087 0.081328 
3088 0.0208657 
3089 0.516202 
3090 0.0119448 
3091 0.0190772 
3092 0.160628 
3093 0.0168766 
3094 0.0537152 
3095 0.0764194 
3096 0.0233944 
3097 1.27974 
3098 0.0525615 
3099 0.0901059 
3100 0.0351325 
3101 0.0195278 
3102 0.361157 
3103 0.0109136 
3104 0.0145527 
3105 0.0411588 
3106 0.0941167 
3107 0.0180641 
3108 0.15083 
3109 0.0161194 
3110 0.074592 
3111 0.0219409 
3112 1.10854 
3113 0.013636 
3114 0.0222721 
3115 0.671084 
3116 0.0270347 
3117 0.143437 
3118 0.0472497 
3119 0.0440148 
3120 0.0375921 
3121 0.0699989 
3122 0.0237184 
3123 2.98203 
3124 0.0146168 
3125 0.0207677 
3126 0.152525 
3127 0.0357255 
3128 0.0608107 
3129 0.0381967 
3130 0.0689663 
3131 0.0287584 
3132 0.260039 
3133 0.0136185 
3134 0.0293315 
3135 0.211708 
3136 0.0143162 
3137 0.0374485 
3138 0.0705329 
3139 0.0270424 
3140 0.39812 
3141 0.0125945 
3142 0.0209275 
3143 1.01768 
3144 0.0109403 
3145 0.0123567 
3146 0.0198879 
3147 0.382768 
3148 0.0126664 
3149 0.0214405 
3150 1.511 
3151 0.0107793 
3152 0.0119621 
3153 0.0173251 
3154 0.113393 
3155 0.0185115 
3156 0.218086 
3157 0.012907 
3158 0.0236586 
3159 2.8934 
3160 0.0109591 
3161 0.0142004 
3162 0.0385799 
3163 0.102075 
3164 0.0173435 
3165 0.113757 
3166 0.0185131 
3167 0.21554 
3168 0.0128878 
3169 0.0237038 
3170 2.96233 
3171 0.0140976 
3172 0.0252583 
3173 0.392119 
3174 0.013117 
3175 0.0229733 
3176 0.234527 
3177 0.0432928 
3178 0.28746 
3179 0.0346563 
3180 0.272723 
3181 0.0208724 
3182 0.123544 
3183 0.0475801 
3184 0.0298531 
3185 0.117307 
3186 0.0182083 
3187 0.18111 
3188 0.0132762 
3189 0.0279606 
3190 0.562423 
3191 0.0121081 
3192 0.0158003 
3193 0.0564384 
3194 0.0324955 
3195 0.109622 
3196 0.0188771 
3197 0.261665 
3198 0.0122974 
3199 0.0198067 
3200 0.354808 
3201 0.0125402 
3202 0.0215509 
3203 1.41315 
3204 0.00960975 
3205 0.010509 
3206 0.0139233 
3207 0.0344168 
3208 0.215599 
3209 0.0134026 
3210 0.0262934 
3211 0.661924 
3212 0.0119304 
3213 0.0167963 
3214 0.0680829 
3215 0.0248586 
3216 1.28011 
3217 0.0161901 
3218 0.040107 
3219 0.0311201 
3220 0.179365 
3221 0.0135028 
3222 0.0289268 
3223 0.363343 
3224 0.0120118 
3225 0.0171787 
3226 0.105562 
3227 0.0191895 
3228 0.307646 
3229 0.0125976 
3230 0.0199093 
3231 0.39754 
3232 0.0144801 
3233 0.0296209 
3234 0.107762 
3235 0.0212777 
3236 0.887439 
3237 0.0122629 
3238 0.0170623 
3239 0.0394048 
3240 0.160558 
3241 0.0159059 
3242 0.0573471 
3243 0.0338745 
3244 0.102937 
3245 0.0197332 
3246 0.43913 
3247 0.0114619 
3248 0.0150475 
3249 0.0477857 
3250 0.0485145 
3251 0.038101 
3252 0.0860239 
3253 0.0194475 
3254 0.297405 
3255 0.0131965 
3256 0.0258307 
3257 0.644405 
3258 0.0120042 
3259 0.0171853 
3260 0.11407 
3261 0.0162942 
3262 0.0750173 
3263 0.025521 
3264 0.752921 
3265 0.0118093 
3266 0.0163591 
3267 0.0806452 
3268 0.0204105 
3269 0.512932 
3270 0.0122502 
3271 0.0185767 
3272 0.222981 
3273 0.0128597 
3274 0.0231708 
3275 2.76967 
3276 0.242784 
3277 0.012963 
3278 0.0276967 
3279 0.643288 
3280 0.016367 
3281 0.0426524 
3282 0.0270577 
3283 0.472257 
3284 0.0107774 
3285 0.0134189 
3286 0.0306989 
3287 0.306115 
3288 0.0127397 
3289 0.0201664 
3290 0.456862 
3291 0.0155056 
3292 0.0387452 
3293 0.0395937 
3294 0.072853 
3295 0.0223206 
3296 1.81435 
3297 0.0124021 
3298 0.0190223 
3299 0.281614 
3300 0.0125992 
3301 0.0205047 
3302 0.501345 
3303 0.0157194 
3304 0.0435319 
3305 0.0322477 
3306 0.157398 
3307 0.0143189 
3308 0.0370297 
3309 0.0939468 
3310 0.0182231 
3311 0.164409 
3312 0.0156206 
3313 0.0602443 
3314 0.0274895 
3315 0.537933 
3316 0.0113235 
3317 0.0141145 
3318 0.034972 
3319 0.118116 
3320 0.0160058 
3321 0.0674681 
3322 0.0285683 
3323 0.254941 
3324 0.0136991 
3325 0.0302339 
3326 0.176776 
3327 0.0152663 
3328 0.0519616 
3329 0.0340146 
3330 0.133237 
3331 0.0151248 
3332 0.0493079 
3333 0.0455127 
3334 0.0432065 
3335 0.0606498 
3336 0.0272559 
3337 0.58764 
3338 0.0111754 
3339 0.0137093 
3340 0.0306041 
3341 0.2324 
3342 0.0126938 
3343 0.0221281 
3344 1.5831 
3345 0.0118878 
3346 0.0166864 
3347 0.0923431 
3348 0.0184296 
3349 0.180144 
3350 0.0151493 
3351 0.0502221 
3352 0.0358849 
3353 0.106915 
3354 0.0168696 
3355 0.0939797 
3356 0.0209815 
3357 1.04075 
3358 0.0109085 
3359 0.0122996 
3360 0.0194163 
3361 0.29197 
3362 0.0132892 
3363 0.0263237 
3364 0.529282 
3365 0.0121275 
3366 0.0181959 
3367 0.182906 
3368 0.0135081 
3369 0.0286692 
3370 0.374699 
3371 0.0117582 
3372 0.0161764 
3373 0.0717522 
3374 0.0267088 
3375 0.456204 
3376 0.0123122 
3377 0.0193828 
3378 0.349739 
3379 0.0118405 
3380 0.0166866 
3381 0.087262 
3382 0.0222862 
3383 2.54279 
3384 0.0107757 
3385 0.0122715 
3386 0.0198828 
3387 0.365607 
3388 0.0122988 
3389 0.0204638 
3390 0.568448 
3391 0.0103759 
3392 0.0127736 
3393 0.025024 
3394 1.5767 
3395 0.0320458 
3396 0.0137716 
3397 0.0299146 
3398 0.270466 
3399 0.0165276 
3400 0.0576568 
3401 0.0312802 
3402 0.170201 
3403 0.013719 
3404 0.0313683 
3405 0.214459 
3406 0.0129272 
3407 0.0237889 
3408 2.36318 
3409 0.0117752 
3410 0.0165178 
3411 0.0569005 
3412 0.050422 
3413 0.0391002 
3414 0.0831042 
3415 0.0199418 
3416 0.385828 
3417 0.0126112 
3418 0.0211986 
3419 1.19641 
3420 0.0106082 
3421 0.0117977 
3422 0.0172459 
3423 0.108961 
3424 0.018996 
3425 0.270857 
3426 0.0119401 
3427 0.0185014 
3428 0.17925 
3429 0.0146588 
3430 0.0449495 
3431 0.0505216 
3432 0.044758 
3433 0.0454072 
3434 0.0542501 
3435 0.0318027 
3436 0.18761 
3437 0.0133819 
3438 0.0275924 
3439 0.528507 
3440 0.0112813 
3441 0.0141126 
3442 0.0349145 
3443 0.12034 
3444 0.0158299 
3445 0.0630045 
3446 0.0311766 
3447 0.150187 
3448 0.0161044 
3449 0.0731546 
3450 0.0222659 
3451 1.71033 
3452 0.0119971 
3453 0.0174748 
3454 0.129751 
3455 0.0152372 
3456 0.0514605 
3457 0.0422031 
3458 0.0511994 
3459 0.0426199 
3460 0.0500023 
3461 0.0446358 
3462 0.0451302 
3463 0.0549409 
3464 0.0312206 
3465 0.207355 
3466 0.0130487 
3467 0.0247442 
3468 1.978 
3469 0.0107647 
3470 0.0118417 
3471 0.0167717 
3472 0.0894395 
3473 0.0219372 
3474 2.09104 
3475 0.0107669 
3476 0.0118684 
3477 0.0169521 
3478 0.0962431 
3479 0.0207271 
3480 0.848302 
3481 0.0109533 
3482 0.0126471 
3483 0.0216732 
3484 1.11891 
3485 0.0118219 
3486 0.0161745 
3487 0.0736425 
3488 0.0220048 
3489 1.33385 
3490 0.0128013 
3491 0.0195836 
3492 0.27295 
3493 0.0150822 
3494 0.029122 
3495 0.19511 
3496 0.0147769 
3497 0.0385836 
3498 0.116925 
3499 0.0160046 
3500 0.067509 
3501 0.0289941 
3502 0.239597 
3503 0.0139105 
3504 0.0324035 
3505 0.121741 
3506 0.0179292 
3507 0.159032 
3508 0.0141153 
3509 0.0349809 
3510 0.120053 
3511 0.0158754 
3512 0.0641971 
3513 0.0303682 
3514 0.173051 
3515 0.0153585 
3516 0.0544182 
3517 0.0316581 
3518 0.192891 
3519 0.0133229 
3520 0.0268729 
3521 0.701025 
3522 0.0110418 
3523 0.0130974 
3524 0.0250831 
3525 1.66626 
3526 0.0107098 
3527 0.0118215 
3528 0.0166391 
3529 0.0848012 
3530 0.0229181 
3531 2.87421 
3532 0.0157893 
3533 0.0614458 
3534 0.0322989 
3535 0.126214 
3536 0.0175456 
3537 0.133201 
3538 0.0151164 
3539 0.0490042 
3540 0.0464319 
3541 0.0416386 
3542 0.0673681 
3543 0.0241748 
3544 2.58563 
3545 0.0109071 
3546 0.012547 
3547 0.0210316 
3548 0.730169 
3549 0.0118704 
3550 0.0165889 
3551 0.0877546 
3552 0.0191632 
3553 0.252226 
3554 0.0137394 
3555 0.0305948 
3556 0.166619 
3557 0.0155629 
3558 0.0586537 
3559 0.028516 
3560 0.396523 
3561 0.0116445 
3562 0.0157319 
3563 0.0606439 
3564 0.0328939 
3565 0.115989 
3566 0.0183997 
3567 0.200418 
3568 0.0132028 
3569 0.0257306 
3570 1.19184 
3571 0.0107883 
3572 0.0120707 
3573 0.0180894 
3574 0.154068 
3575 0.0159903 
3576 0.0691631 
3577 0.023562 
3578 2.88255 
3579 0.013931 
3580 0.0325264 
3581 0.168396 
3582 0.0138028 
3583 0.0317761 
3584 0.191255 
3585 0.0132631 
3586 0.0267249 
3587 0.755438 
3588 0.0109778 
3589 0.0128762 
3590 0.0233748 
3591 2.78798 
3592 0.0275903 
3593 0.540795 
3594 0.0111936 
3595 0.013828 
3596 0.0304744 
3597 0.246051 
3598 0.0129888 
3599 0.0234352 
3600 1.6116 
3601 0.0191541 
3602 0.0246607 
3603 0.0469512 
3604 1.71443 
3605 0.0371888 
3606 0.0971983 
3607 0.0245721 
3608 1.03465 
3609 0.0454555 
3610 0.0153254 
3611 0.0384547 
3612 0.0680481 
3613 0.0207894 
3614 0.576267 
3615 0.012248 
3616 0.0188901 
3617 0.228536 
3618 0.0131583 
3619 0.024962 
3620 0.81489 
3621 0.0228354 
3622 0.114363 
3623 0.115973 
3624 0.0452808 
3625 0.0508479 
3626 0.0370314 
3627 0.0953254 
3628 0.0181395 
3629 0.155913 
3630 0.0160102 
3631 0.0689698 
3632 0.0237044 
3633 2.9286 
3634 0.0118369 
3635 0.0176197 
3636 0.121984 
3637 0.018162 
3638 0.173658 
3639 0.0136229 
3640 0.0296758 
3641 0.332752 
3642 0.0118021 
3643 0.0169163 
3644 0.0943441 
3645 0.0210769 
3646 1.06656 
3647 0.0106124 
3648 0.0119145 
3649 0.0178805 
3650 0.14032 
3651 0.0165126 
3652 0.0855298 
3653 0.0195016 
3654 0.291251 
3655 0.0130912 
3656 0.0256041 
3657 0.824333 
3658 0.0144423 
3659 0.0257704 
3660 0.345579 
3661 0.0150039 
3662 0.0309749 
3663 0.155861 
3664 0.0192982 
3665 0.180801 
3666 0.0162803 
3667 0.0448118 
3668 0.10488 
3669 0.017008 
3670 0.0953569 
3671 0.0211536 
3672 1.21085 
3673 0.0119767 
3674 0.0143911 
3675 0.0276081 
3676 0.293199 
3677 0.013879 
3678 0.0266192 
3679 0.793661 
3680 0.0231904 
3681 0.0892144 
3682 0.0619133 
3683 0.0577766 
3684 0.10796 
3685 0.0535181 
3686 0.122962 
3687 0.0366603 
3688 0.0502237 
3689 0.0359342 
3690 0.110823 
3691 0.016435 
3692 0.0787896 
3693 0.0245165 
3694 1.41483 
3695 0.0120617 
3696 0.0166025 
3697 0.0838692 
3698 0.0202106 
3699 0.4421 
3700 0.0133912 
3701 0.0228147 
3702 1.8367 
3703 0.0452393 
3704 0.0365479 
3705 0.034206 
3706 0.0957954 
3707 0.0187936 
3708 0.202262 
3709 0.0157647 
3710 0.0516879 
3711 0.0343188 
3712 0.120373 
3713 0.0161313 
3714 0.0678669 
3715 0.0285125 
3716 0.261066 
3717 0.0136083 
3718 0.0293321 
3719 0.218846 
3720 0.014257 
3721 0.036502 
3722 0.0782306 
3723 0.024662 
3724 1.25613 
3725 0.0117666 
3726 0.0158884 
3727 0.0660016 
3728 0.0248605 
3729 1.93743 
3730 0.0107156 
3731 0.0117947 
3732 0.0165353 
3733 0.081383 
3734 0.0237545 
3735 2.1701 
3736 0.0136081 
3737 0.0292703 
3738 0.219276 
3739 0.0143209 
3740 0.0368986 
3741 0.0757056 
3742 0.0254736 
3743 0.812426 
3744 0.0117855 
3745 0.0162078 
3746 0.074888 
3747 0.0218451 
3748 1.21728 
3749 0.0116597 
3750 0.0157709 
3751 0.0631637 
3752 0.0261135 
3753 1.02395 
3754 0.0107835 
3755 0.0122751 
3756 0.0190933 
3757 0.240655 
3758 0.0138897 
3759 0.0321665 
3760 0.130372 
3761 0.0172908 
3762 0.117646 
3763 0.0159943 
3764 0.0668944 
3765 0.0290646 
3766 0.234562 
3767 0.0139788 
3768 0.0331835 
3769 0.112675 
3770 0.0187621 
3771 0.23839 
3772 0.012624 
3773 0.0215529 
3774 0.998264 
3775 0.0116473 
3776 0.0157561 
3777 0.0626975 
3778 0.0263282 
3779 0.923711 
3780 0.0109099 
3781 0.0124118 
3782 0.0203227 
3783 0.463452 
3784 0.0123557 
3785 0.0193576 
3786 0.32673 
3787 0.0120472 
3788 0.0176925 
3789 0.127797 
3790 0.0174421 
3791 0.121274 
3792 0.016063 
3793 0.0677138 
3794 0.0283794 
3795 0.273301 
3796 0.0135097 
3797 0.0283963 
3798 0.284117 
3799 0.0133749 
3800 0.0268572 
3801 0.425399 
3802 0.012503 
3803 0.0206867 
3804 0.718502 
3805 0.0109638 
3806 0.0130521 
3807 0.0223969 
3808 0.187538 
3809 0.0384083 
3810 0.392573 
3811 0.0154942 
3812 0.0350258 
3813 0.0721925 
3814 0.0296884 
3815 0.212928 
3816 0.0143815 
3817 0.0373511 
3818 0.0714524 
3819 0.0271683 
3820 0.407509 
3821 0.0125605 
3822 0.020692 
3823 0.776058 
3824 0.0110931 
3825 0.013102 
3826 0.0245967 
3827 2.11484 
3828 0.0122257 
3829 0.0154049 
3830 0.0272272 
3831 0.104439 
3832 0.0568218 
3833 0.0413299 
3834 0.0537102 
3835 0.0399042 
3836 0.0597515 
3837 0.0337255 
3838 0.105792 
3839 0.0195115 
3840 0.364447 
3841 0.0117226 
3842 0.0162303 
3843 0.0721273 
3844 0.0268737 
3845 0.447525 
3846 0.0124006 
3847 0.0197841 
3848 0.427941 
3849 0.0115538 
3850 0.0151922 
3851 0.0500565 
3852 0.0449553 
3853 0.0448624 
3854 0.0566348 
3855 0.0300621 
3856 0.273463 
3857 0.0122794 
3858 0.0193342 
3859 0.268633 
3860 0.0135443 
3861 0.0286462 
3862 0.262249 
3863 0.0135881 
3864 0.0290486 
3865 0.236215 
3866 0.0140043 
3867 0.0331058 
3868 0.115028 
3869 0.0185235 
3870 0.209451 
3871 0.0130113 
3872 0.0243707 
3873 2.47159 
3874 0.0108671 
3875 0.0122411 
3876 0.019108 
3877 0.23986 
3878 0.0139141 
3879 0.0324261 
3880 0.126242 
3881 0.0176051 
3882 0.134957 
3883 0.0150326 
3884 0.0472662 
3885 0.0504518 
3886 0.0360689 
3887 0.108837 
3888 0.0166704 
3889 0.0852385 
3890 0.0228762 
3891 2.88088 
3892 0.0127972 
3893 0.0229314 
3894 2.36675 
3895 0.0167644 
3896 0.0935136 
3897 0.0183216 
3898 0.165938 
3899 0.0156248 
3900 0.0597941 
3901 0.0279301 
3902 0.49587 
3903 0.0112813 
3904 0.0143107 
3905 0.0372247 
3906 0.0965598 
3907 0.0179827 
3908 0.144133 
3909 0.0165186 
3910 0.0846277 
3911 0.0196887 
3912 0.322735 
3913 0.0130355 
3914 0.0241728 
3915 1.73233 
3916 0.0120442 
3917 0.0177455 
3918 0.143205 
3919 0.0146737 
3920 0.0419619 
3921 0.0671682 
3922 0.024296 
3923 2.54925 
3924 0.0110024 
3925 0.0125723 
3926 0.0211513 
3927 0.759772 
3928 0.0121288 
3929 0.0170632 
3930 0.0999116 
3931 0.0181405 
3932 0.147961 
3933 0.0169692 
3934 0.0920805 
3935 0.0194638 
3936 0.271692 
3937 0.0152617 
3938 0.038728 
3939 0.062198 
3940 0.0316011 
3941 0.138157 
3942 0.0168719 
3943 0.0971061 
3944 0.0179503 
3945 0.140912 
3946 0.0168029 
3947 0.093477 
3948 0.0184832 
3949 0.178464 
3950 0.015342 
3951 0.0521659 
3952 0.0340717 
3953 0.13517 
3954 0.01507 
3955 0.0475329 
3956 0.0498834 
3957 0.0368844 
3958 0.0996825 
3959 0.0176138 
3960 0.122505 
3961 0.0179514 
3962 0.157859 
3963 0.014155 
3964 0.0352329 
3965 0.119128 
3966 0.0159288 
3967 0.0646564 
3968 0.0304104 
3969 0.177113 
3970 0.0152528 
3971 0.0519382 
3972 0.0343267 
3973 0.133226 
3974 0.0151321 
3975 0.0488853 
3976 0.047286 
3977 0.0406474 
3978 0.0733502 
3979 0.0222707 
3980 1.58987 
3981 0.011902 
3982 0.0174772 
3983 0.107313 
3984 0.0171108 
3985 0.0984099 
3986 0.0214488 
3987 0.94528 
3988 0.0107158 
3989 0.0122055 
3990 0.0193814 
3991 0.242608 
3992 0.0151352 
3993 0.041162 
3994 0.0593741 
3995 0.0372867 
3996 0.0857178 
3997 0.0239414 
3998 2.72063 
3999 0.0482812 
4000 0.0336494 
4001 0.0842012 
4002 0.0215319 
4003 0.806054 
4004 0.0137921 
4005 0.0205444 
4006 0.424618 
4007 0.0177406 
4008 0.0471879 
4009 0.0393465 
4010 0.056655 
4011 0.0370041 
4012 0.0787356 
4013 0.0256679 
4014 0.962999 
4015 0.0122326 
4016 0.0165539 
4017 0.0729623 
4018 0.0238575 
4019 2.62688 
4020 0.0894277 
4021 0.0337346 
4022 0.0447855 
4023 0.0560563 
4024 0.032373 
4025 0.184414 
4026 0.014384 
4027 0.0327963 
4028 0.178279 
4029 0.0145672 
4030 0.0345148 
4031 0.138565 
4032 0.0158802 
4033 0.0548303 
4034 0.0399955 
4035 0.0649926 
4036 0.0314468 
4037 0.16645 
4038 0.0163823 
4039 0.067137 
4040 0.0259813 
4041 1.37212 
4042 0.0113342 
4043 0.012886 
4044 0.0201733 
4045 0.3334 
4046 0.0137411 
4047 0.0260074 
4048 0.828952 
4049 0.0124006 
4050 0.0171595 
4051 0.0916099 
4052 0.0197861 
4053 0.272892 
4054 0.014192 
4055 0.0307945 
4056 0.187874 
4057 0.0156638 
4058 0.0514177 
4059 0.0375928 
4060 0.0999837 
4061 0.0186846 
4062 0.163284 
4063 0.0164812 
4064 0.0695172 
4065 0.0250736 
4066 2.18823 
4067 0.0114581 
4068 0.0129271 
4069 0.0212596 
4070 0.458714 
4071 0.0138129 
4072 0.0238307 
4073 1.47767 
4074 0.0630762 
4075 0.0394878 
4076 0.0950766 
4077 0.0210123 
4078 0.220714 
4079 0.022094 
4080 0.20786 
4081 0.0307077 
4082 0.912142 
4083 0.0173326 
4084 0.0417364 
4085 0.0342518 
4086 0.0897573 
4087 0.0219784 
4088 1.31284 
4089 0.012787 
4090 0.0163427 
4091 0.0525048 
4092 0.0352491 
4093 0.110514 
4094 0.0199145 
4095 0.277955 
4096 0.0125076 
4097 0.019392 
4098 0.184597 
4099 0.0156793 
4100 0.0503683 
4101 0.0427354 
4102 0.0798112 
4103 0.022572 
4104 0.929669 
4105 0.0118332 
4106 0.0160136 
4107 0.0572067 
4108 0.0339181 
4109 0.197725 
4110 0.0137532 
4111 0.0275495 
4112 1.09846 
4113 0.0110018 
4114 0.0123878 
4115 0.018515 
4116 0.131667 
4117 0.018306 
4118 0.132579 
4119 0.0159996 
4120 0.0550105 
4121 0.0440737 
4122 0.0563969 
4123 0.042325 
4124 0.0627326 
4125 0.035649 
4126 0.112389 
4127 0.0201218 
4128 0.304551 
4129 0.0124891 
4130 0.0188137 
4131 0.147665 
4132 0.017281 
4133 0.0886522 
4134 0.0205839 
4135 0.315365 
4136 0.013569 
4137 0.025829 
4138 1.50453 
4139 0.0120534 
4140 0.0173263 
4141 0.0773191 
4142 0.0233041 
4143 1.50318 
4144 0.0125528 
4145 0.0177912 
4146 0.100878 
4147 0.0192708 
4148 0.173432 
4149 0.0171097 
4150 0.0730517 
4151 0.0246891 
4152 3.00509 
4153 0.0576892 
4154 0.0577818 
4155 0.0554696 
4156 0.063055 
4157 0.0558599 
4158 0.0699202 
4159 0.05296 
4160 0.051375 
4161 0.0426207 
4162 0.0555434 
4163 0.0413364 
4164 0.0657791 
4165 0.0330079 
4166 0.160861 
4167 0.0166217 
4168 0.0696311 
4169 0.0259756 
4170 2.28905 
4171 0.010965 
4172 0.0122488 
4173 0.0177002 
4174 0.0975159 
4175 0.0222477 
4176 1.10157 
4177 0.0109936 
4178 0.0123848 
4179 0.0185299 
4180 0.131947 
4181 0.0183046 
4182 0.131635 
4183 0.0160977 
4184 0.0563527 
4185 0.0423799 
4186 0.0628755 
4187 0.0354446 
4188 0.115201 
4189 0.0198456 
4190 0.264743 
4191 0.012786 
4192 0.0207102 
4193 0.335337 
4194 0.0133971 
4195 0.0245019 
4196 2.77431 
4197 0.106162 
4198 0.0209451 
4199 0.478022 
4200 0.0117417 
4201 0.0151433 
4202 0.0415844 
4203 0.0836343 
4204 0.0216919 
4205 0.558584 
4206 0.0125487 
4207 0.018623 
4208 0.149477 
4209 0.0152538 
4210 0.0432889 
4211 0.0746177 
4212 0.0241327 
4213 2.34532 
4214 0.0162313 
4215 0.057169 
4216 0.0336227 
4217 0.197341 
4218 0.0137414 
4219 0.0275996 
4220 1.08698 
4221 0.0109616 
4222 0.0124212 
4223 0.0185533 
4224 0.133526 
4225 0.0181616 
4226 0.124128 
4227 0.0165569 
4228 0.0658557 
4229 0.0333926 
4230 0.152582 
4231 0.0170414 
4232 0.0807785 
4233 0.0223512 
4234 0.808115 
4235 0.0120772 
4236 0.0165949 
4237 0.0689936 
4238 0.0262174 
4239 2.08192 
4240 0.0109048 
4241 0.0121272 
4242 0.0169022 
4243 0.0732921 
4244 0.0292729 
4245 0.362676 
4246 0.0132008 
4247 0.0231221 
4248 1.97228 
4249 0.0108316 
4250 0.0118881 
4251 0.0162803 
4252 0.0601506 
4253 0.038464 
4254 0.0855247 
4255 0.024954 
4256 2.39325 
4257 0.0176789 
4258 0.101947 
4259 0.0186597 
4260 0.138023 
4261 0.0179573 
4262 0.113889 
4263 0.0174225 
4264 0.087169 
4265 0.0245367 
4266 2.70803 
4267 0.445591 
4268 0.0547452 
4269 0.0197829 
4270 0.0737922 
4271 0.0279527 
4272 0.0905348 
4273 0.0269762 
4274 1.65061 
4275 0.0404779 
4276 0.0138773 
4277 0.0218637 
4278 0.698971 
4279 0.0249384 
4280 0.101788 
4281 0.0555065 
4282 0.055705 
4283 0.074454 
4284 0.0298345 
4285 1.06203 
4286 0.0177502 
4287 0.0388623 
4288 0.0327574 
4289 0.148816 
4290 0.01718 
4291 0.0856641 
4292 0.0211673 
4293 0.415424 
4294 0.0127496 
4295 0.0206784 
4296 0.40114 
4297 0.0114836 
4298 0.015282 
4299 0.0452117 
4300 0.0722013 
4301 0.0250544 
4302 2.86986 
4303 0.0168001 
4304 0.0567686 
4305 0.0359838 
4306 0.0928985 
4307 0.0232189 
4308 2.07297 
4309 0.010965 
4310 0.0121494 
4311 0.0170768 
4312 0.0774783 
4313 0.0275404 
4314 0.659607 
4315 0.0122282 
4316 0.0174468 
4317 0.094496 
4318 0.0195082 
4319 0.192583 
4320 0.0155494 
4321 0.048424 
4322 0.0455391 
4323 0.0668844 
4324 0.0271678 
4325 1.34337 
4326 0.0109542 
4327 0.0122517 
4328 0.0174511 
4329 0.0885565 
4330 0.0241716 
4331 2.79973 
4332 0.0144368 
4333 0.0302118 
4334 0.393634 
4335 0.0119232 
4336 0.016084 
4337 0.0556608 
4338 0.0440049 
4339 0.0570623 
4340 0.0415384 
4341 0.0665706 
4342 0.0330366 
4343 0.162416 
4344 0.0166133 
4345 0.0690432 
4346 0.0262674 
4347 2.06481 
4348 0.0108683 
4349 0.0120204 
4350 0.0166123 
4351 0.0666233 
4352 0.0330214 
4353 0.163341 
4354 0.0165312 
4355 0.067047 
4356 0.0272213 
4357 1.31072 
4358 0.0109236 
4359 0.0121514 
4360 0.0173023 
4361 0.0839941 
4362 0.0254513 
4363 1.88667 
4364 0.01272 
4365 0.0199947 
4366 0.28241 
4367 0.0125555 
4368 0.0195947 
4369 0.200075 
4370 0.0153344 
4371 0.0446776 
4372 0.0547599 
4373 0.0447154 
4374 0.0547475 
4375 0.0448131 
4376 0.0543419 
4377 0.0455614 
4378 0.0521875 
4379 0.0490174 
4380 0.0444692 
4381 0.0708912 
4382 0.0255017 
4383 2.72565 
4384 0.0113567 
4385 0.0136874 
4386 0.0269716 
4387 1.47909 
4388 0.0109206 
4389 0.0120138 
4390 0.0167997 
4391 0.0705345 
4392 0.0307683 
4393 0.25231 
4394 0.0143281 
4395 0.032196 
4396 0.188746 
4397 0.0156258 
4398 0.049164 
4399 0.04437 
4400 0.0711675 
4401 0.0253969 
4402 2.78952 
4403 0.0115691 
4404 0.0145864 
4405 0.0353167 
4406 0.161122 
4407 0.0147408 
4408 0.0368562 
4409 0.13379 
4410 0.0159462 
4411 0.0534721 
4412 0.0469046 
4413 0.0490291 
4414 0.0559411 
4415 0.0349706 
4416 0.168822 
4417 0.0145055 
4418 0.0343805 
4419 0.184518 
4420 0.0140354 
4421 0.0300378 
4422 0.45805 
4423 0.011755 
4424 0.0152232 
4425 0.0427124 
4426 0.0796782 
4427 0.0226094 
4428 0.927333 
4429 0.0120467 
4430 0.0163003 
4431 0.0616178 
4432 0.030365 
4433 0.419495 
4434 0.011869 
4435 0.0157781 
4436 0.0507568 
4437 0.0519262 
4438 0.0398335 
4439 0.0987711 
4440 0.0190795 
4441 0.162174 
4442 0.0165912 
4443 0.0683057 
4444 0.0266372 
4445 1.74317 
4446 0.0109276 
4447 0.0120005 
4448 0.016516 
4449 0.0644514 
4450 0.0345592 
4451 0.130552 
4452 0.0184494 
4453 0.139398 
4454 0.0156314 
4455 0.0484374 
4456 0.0571705 
4457 0.0339824 
4458 0.197705 
4459 0.0137543 
4460 0.0274431 
4461 1.19514 
4462 0.0110106 
4463 0.0122412 
4464 0.0178807 
4465 0.102968 
4466 0.0214429 
4467 0.633819 
4468 0.011355 
4469 0.0136676 
4470 0.0269923 
4471 1.47249 
4472 0.0109178 
4473 0.0120681 
4474 0.0168441 
4475 0.0718892 
4476 0.0300036 
4477 0.302975 
4478 0.0136927 
4479 0.0267436 
4480 0.963513 
4481 0.0120219 
4482 0.0162177 
4483 0.0599985 
4484 0.0315296 
4485 0.315946 
4486 0.0122988 
4487 0.0181557 
4488 0.113211 
4489 0.0201275 
4490 0.301055 
4491 0.0124554 
4492 0.0188371 
4493 0.147306 
4494 0.0173294 
4495 0.0893729 
4496 0.0204814 
4497 0.295419 
4498 0.0137832 
4499 0.0274098 
4500 0.713677 
4501 0.0121728 
4502 0.017057 
4503 0.0810763 
4504 0.0222799 
4505 0.758118 
4506 0.012128 
4507 0.0167734 
4508 0.073174 
4509 0.0247045 
4510 2.80398 
4511 0.121308 
4512 0.0235496 
4513 0.712855 
4514 0.0284457 
4515 0.0387312 
4516 0.393616 
4517 0.0129728 
4518 0.0227112 
4519 0.781044 
4520 0.0149501 
4521 0.0232451 
4522 0.0695118 
4523 0.21208 
4524 0.0270789 
4525 0.139403 
4526 0.0954347 
4527 0.0839812 
4528 0.0319508 
4529 0.032687 
4530 0.242389 
4531 0.0151448 
4532 0.0376966 
4533 0.080254 
4534 0.0271076 
4535 0.839394 
4536 0.0121171 
4537 0.0165278 
4538 0.0649834 
4539 0.0283637 
4540 0.812427 
4541 0.0111756 
4542 0.0128992 
4543 0.0214098 
4544 0.401303 
4545 0.0137376 
4546 0.0260463 
4547 0.80001 
4548 0.0256708 
4549 0.0462873 
4550 1.43356 
4551 0.0162159 
4552 0.0297834 
4553 0.100152 
4554 0.0276489 
4555 0.41136 
4556 0.026495 
4557 0.0854948 
4558 0.0687229 
4559 0.0582579 
4560 0.0353765 
4561 0.170322 
4562 0.0144776 
4563 0.0339431 
4564 0.197459 
4565 0.013753 
4566 0.0275002 
4567 1.16468 
4568 0.011067 
4569 0.0124528 
4570 0.0186457 
4571 0.135913 
4572 0.0180413 
4573 0.115617 
4574 0.0173662 
4575 0.0851339 
4576 0.0249848 
4577 2.15096 
4578 0.021222 
4579 0.152167 
4580 0.0269691 
4581 0.176912 
4582 0.0507747 
4583 0.0601894 
4584 0.0313641 
4585 0.326124 
4586 0.0122826 
4587 0.0179252 
4588 0.104133 
4589 0.0213072 
4590 0.577858 
4591 0.0114456 
4592 0.014068 
4593 0.0300461 
4594 0.462976 
4595 0.0117447 
4596 0.0152759 
4597 0.0430267 
4598 0.0772512 
4599 0.0233045 
4600 1.38605 
4601 0.0120917 
4602 0.0165861 
4603 0.0682662 
4604 0.0267262 
4605 1.64064 
4606 0.0110713 
4607 0.0123107 
4608 0.0177235 
4609 0.0954705 
4610 0.0226128 
4611 1.04131 
4612 0.0124238 
4613 0.0158943 
4614 0.0377868 
4615 0.121846 
4616 0.0167636 
4617 0.0688342 
4618 0.0328827 
4619 0.173253 
4620 0.0161682 
4621 0.0585169 
4622 0.0327052 
4623 0.247345 
4624 0.0129341 
4625 0.0217714 
4626 0.561749 
4627 0.0124601 
4628 0.0184652 
4629 0.139368 
4630 0.0156407 
4631 0.0484654 
4632 0.0579832 
4633 0.0332014 
4634 0.226825 
4635 0.0132502 
4636 0.0236928 
4637 1.76691 
4638 0.0125195 
4639 0.018605 
4640 0.147265 
4641 0.0153126 
4642 0.0438568 
4643 0.0738568 
4644 0.0244543 
4645 2.56082 
4646 0.0344164 
4647 0.132732 
4648 0.0183035 
4649 0.130342 
4650 0.0161575 
4651 0.0571468 
4652 0.0416708 
4653 0.0663592 
4654 0.0332857 
4655 0.15738 
4656 0.0168745 
4657 0.0753921 
4658 0.0239186 
4659 2.00186 
4660 0.0131432 
4661 0.0225994 
4662 1.34815 
4663 0.0109489 
4664 0.0121011 
4665 0.0171853 
4666 0.0801527 
4667 0.026694 
4668 0.998914 
4669 0.0119739 
4670 0.0161266 
4671 0.0581667 
4672 0.0331172 
4673 0.231353 
4674 0.0131813 
4675 0.0232193 
4676 1.32394 
4677 0.0119786 
4678 0.0162351 
4679 0.0599379 
4680 0.0316887 
4681 0.305256 
4682 0.0124219 
4683 0.018636 
4684 0.13506 
4685 0.0181586 
4686 0.122063 
4687 0.0167468 
4688 0.06956 
4689 0.0312641 
4690 0.228401 
4691 0.0147227 
4692 0.0366462 
4693 0.10196 
4694 0.0216637 
4695 0.719072 
4696 0.0112424 
4697 0.0132476 
4698 0.0238984 
4699 1.97021 
4700 0.0130279 
4701 0.0218707 
4702 0.822037 
4703 0.0111811 
4704 0.0129252 
4705 0.0215664 
4706 0.493882 
4707 0.0126397 
4708 0.0196056 
4709 0.230136 
4710 0.0131019 
4711 0.022796 
4712 0.756873 
4713 0.0131952 
4714 0.0213054 
4715 0.164735 
4716 0.0221849 
4717 0.0939449 
4718 0.0781158 
4719 0.0440474 
4720 0.107957 
4721 0.0180302 
4722 0.106666 
4723 0.0211205 
4724 0.514233 
4725 0.011837 
4726 0.0151696 
4727 0.0394174 
4728 0.102051 
4729 0.018686 
4730 0.13681 
4731 0.0180953 
4732 0.11941 
4733 0.0169681 
4734 0.0744684 
4735 0.0288117 
4736 0.42424 
4737 0.0128823 
4738 0.0209407 
4739 0.460282 
4740 0.01161 
4741 0.0149883 
4742 0.0400657 
4743 0.0991012 
4744 0.0190127 
4745 0.156078 
4746 0.0168955 
4747 0.0761452 
4748 0.0237091 
4749 1.72903 
4750 0.0122226 
4751 0.0180828 
4752 0.119695 
4753 0.0166797 
4754 0.0682854 
4755 0.0331326 
4756 0.170002 
4757 0.016395 
4758 0.0627366 
4759 0.0297045 
4760 0.514185 
4761 0.0115629 
4762 0.0145632 
4763 0.0349323 
4764 0.171815 
4765 0.0144324 
4766 0.033538 
4767 0.214195 
4768 0.013455 
4769 0.025133 
4770 2.8663 
4771 0.0134489 
4772 0.0250435 
4773 2.88878 
4774 0.0112611 
4775 0.0151614 
4776 0.0362326 
4777 0.382854 
4778 0.0126248 
4779 0.0179395 
4780 0.0850026 
4781 0.0244953 
4782 0.943061 
4783 0.0454989 
4784 0.226027 
4785 0.0192302 
4786 0.125613 
4787 0.0189908 
4788 0.102545 
4789 0.0282671 
4790 0.357281 
4791 0.0244317 
4792 0.212162 
4793 0.0577239 
4794 0.100676 
4795 0.0640006 
4796 0.041596 
4797 0.143274 
4798 0.014217 
4799 0.0323889 
4800 0.534273 
4801 0.0118398 
4802 0.0144398 
4803 0.0308083 
4804 0.333988 
4805 0.0109689 
4806 0.0139733 
4807 0.0321981 
4808 0.405257 
4809 0.0113334 
4810 0.0140184 
4811 0.0306428 
4812 0.463612 
4813 0.0107893 
4814 0.012702 
4815 0.0218764 
4816 0.413458 
4817 0.0169135 
4818 0.0741452 
4819 0.0213137 
4820 0.314666 
4821 0.0172407 
4822 0.0836255 
4823 0.0194365 
4824 0.146684 
4825 0.0229957 
4826 1.39892 
4827 0.0187532 
4828 0.0310141 
4829 0.0755555 
4830 0.0869111 
4831 0.0326831 
4832 0.0734294 
4833 0.0396361 
4834 0.0574118 
4835 0.0524438 
4836 0.0305483 
4837 0.61399 
4838 0.0105925 
4839 0.0117569 
4840 0.0165783 
4841 0.0662176 
4842 0.0427396 
4843 0.0453107 
4844 0.091165 
4845 0.0168001 
4846 0.0712685 
4847 0.0386678 
4848 0.0588701 
4849 0.0518653 
4850 0.0305698 
4851 0.639158 
4852 0.0105354 
4853 0.0115831 
4854 0.0157944 
4855 0.0525068 
4856 0.0650917 
4857 0.0223483 
4858 0.544642 
4859 0.0164627 
4860 0.0737246 
4861 0.0195295 
4862 0.171284 
4863 0.0203973 
4864 0.528844 
4865 0.0106328 
4866 0.0118752 
4867 0.0172143 
4868 0.0794993 
4869 0.0355818 
4870 0.0749549 
4871 0.0380133 
4872 0.0594938 
4873 0.0534586 
4874 0.0283496 
4875 1.45811 
4876 0.0102227 
4877 0.0106457 
4878 0.0119009 
4879 0.0173611 
4880 0.0824782 
4881 0.0354346 
4882 0.0734471 
4883 0.040208 
4884 0.0493705 
4885 0.0813842 
4886 0.0175631 
4887 0.0874301 
4888 0.0335957 
4889 0.089389 
4890 0.0329099 
4891 0.0979028 
4892 0.0303306 
4893 0.148366 
4894 0.0229982 
4895 2.30541 
4896 0.0103187 
4897 0.0108851 
4898 0.0129875 
4899 0.023586 
4900 0.81762 
4901 0.0328847 
4902 0.093403 
4903 0.0333391 
4904 0.0875232 
4905 0.0356436 
4906 0.0673517 
4907 0.0493312 
4908 0.0302362 
4909 1.00877 
4910 0.0102082 
4911 0.0106166 
4912 0.0120562 
4913 0.0182212 
4914 0.104572 
4915 0.0310788 
4916 0.119854 
4917 0.0280864 
4918 0.226975 
4919 0.0212755 
4920 1.19033 
4921 0.0102185 
4922 0.0105408 
4923 0.0115809 
4924 0.0159578 
4925 0.0535235 
4926 0.0779485 
4927 0.0172521 
4928 0.0775483 
4929 0.0429071 
4930 0.0385226 
4931 0.221609 
4932 0.011324 
4933 0.0148827 
4934 0.039619 
4935 0.197857 
4936 0.0116062 
4937 0.0159754 
4938 0.0536423 
4939 0.0795033 
4940 0.0168396 
4941 0.0685274 
4942 0.0512645 
4943 0.0273879 
4944 2.48512 
4945 0.0101743 
4946 0.0103229 
4947 0.0110014 
4948 0.0135354 
4949 0.0274251 
4950 2.59238 
4951 0.0101722 
4952 0.0102971 
4953 0.0109101 
4954 0.0131767 
4955 0.0248515 
4956 1.17302 
4957 0.0284831 
4958 2.35147 
4959 0.0105331 
4960 0.0109216 
4961 0.0122043 
4962 0.0166451 
4963 0.0544853 
4964 0.055426 
4965 0.0236112 
4966 0.669451 
4967 0.0560488 
4968 0.021017 
4969 0.22141 
4970 0.028166 
4971 0.19362 
4972 0.0264259 
4973 0.312699 
4974 0.0271072 
4975 0.25762 
4976 0.0269695 
4977 0.242157 
4978 0.0284051 
4979 0.174214 
4980 0.0304233 
4981 0.103288 
4982 0.0392522 
4983 0.0438869 
4984 0.170568 
4985 0.011603 
4986 0.0161443 
4987 0.0546392 
4988 0.0933816 
4989 0.0143853 
4990 0.0341992 
4991 0.629318 
4992 0.0103078 
4993 0.010747 
4994 0.012518 
4995 0.0207833 
4996 0.211675 
4997 0.0275812 
4998 0.21576 
4999 0.0273384 
5000 0.23037 
