1 0 0
2 1 0
3 1 0
4 2 0
5 8 0
6 2 0
7 3 0
8 4 0
9 2 0
10 3 0
11 3 0
12 4 0
13 5 0
14 13 0
15 2 0
16 3 0
17 5 0
18 1 0
19 2 0
20 3 0
21 7 0
22 2 0
23 3 0
24 4 0
25 5 0
26 10 0
27 2 0
28 3 0
29 3 0
30 4 0
31 4 0
32 5 0
33 6 0
34 7 0
35 8 0
36 16 0
37 2 0
38 3 0
39 5 0
40 1 0
41 2 0
42 3 0
43 4 0
44 5 0
45 5 0
46 6 0
47 7 0
48 7 0
49 8 0
50 9 0
51 11 0
52 2 0
53 2 0
54 3 0
55 4 0
56 5 0
57 8 0
58 9 0
59 11 0
60 2 0
61 3 0
62 3 0
63 4 0
64 5 0
65 6 0
66 7 0
67 8 0
68 9 0
69 12 0
70 2 0
71 5 0
72 5 0
73 7 0
74 8 0
75 9 0
76 10 0
77 17 0
78 1 0
79 2 0
80 3 0
81 4 0
82 5 0
83 6 0
84 7 0
85 8 0
86 10 0
87 12 0
88 17 0
89 2 0
90 3 0
91 3 0
92 4 0
93 5 0
94 6 0
95 7 0
96 8 0
97 10 0
98 11 0
99 19 0
100 2 0
101 2 0
102 3 0
103 3 0
104 4 0
105 6 0
106 7 0
107 8 0
108 9 0
109 10 0
110 11 0
111 13 0
112 18 0
113 5 0
114 1 0
115 2 0
116 3 0
117 4 0
118 5 0
119 6 0
120 7 0
121 7 0
122 8 0
123 9 0
124 11 0
125 14 0
126 16 0
127 23 0
128 2 0
129 3 0
130 4 0
131 5 0
132 6 0
133 8 0
134 9 0
135 11 0
136 12 0
137 13 0
138 14 0
139 16 0
140 2 0
141 2 0
142 3 0
143 4 0
144 5 0
145 6 0
146 7 0
147 8 0
148 9 0
149 10 0
150 11 0
151 12 0
152 17 0
153 2 0
154 3 0
155 3 0
156 4 0
157 5 0
158 6 0
159 7 0
160 9 0
161 10 0
162 11 0
163 12 0
164 14 0
165 16 0
166 17 0
167 25 0
168 2 0
169 3 0
170 4 0
171 5 0
172 7 0
173 8 0
174 10 0
175 11 0
176 14 0
177 15 0
178 21 0
179 2 0
180 2 0
181 3 0
182 3 0
183 4 0
184 5 0
185 6 0
186 7 0
187 8 0
188 9 0
189 11 0
190 12 0
191 15 0
192 17 0
193 2 0
194 3 0
195 4 0
196 5 0
197 6 0
198 6 0
199 7 0
200 8 0
201 9 0
202 11 0
203 14 0
204 15 0
205 19 0
206 2 0
207 2 0
208 3 0
209 5 0
210 7 0
211 9 0
212 13 0
213 15 0
214 16 0
215 18 0
216 20 0
217 21 0
218 2 0
219 3 0
220 4 0
221 5 0
222 6 0
223 7 0
224 8 0
225 9 0
226 10 0
227 11 0
228 13 0
229 14 0
230 18 0
231 19 0
232 24 0
233 2 0
234 3 0
235 8 0
236 1 0
237 2 0
238 10 0
239 1 0
240 2 0
241 3 0
242 4 0
243 5 0
244 6 0
245 7 0
246 8 0
247 9 0
248 11 0
249 12 0
250 13 0
251 14 0
252 16 0
253 17 0
254 18 0
255 20 0
256 23 0
257 3 0
258 12 0
259 16 0
260 19 0
261 19 0
262 24 0
263 31 0
264 12 0
265 1 0
266 7 0
267 2 0
268 3 0
269 4 0
270 5 0
271 6 0
272 7 0
273 9 0
274 10 0
275 11 0
276 14 0
277 7 0
278 8 0
279 12 0
280 14 0
281 15 0
282 16 0
283 18 0
284 19 0
285 21 0
286 23 0
287 24 0
288 27 0
289 28 0
290 33 0
291 4 0
292 9 0
293 18 0
294 26 0
295 29 0
296 35 0
297 37 0
298 10 0
299 3 0
300 3 0
301 5 0
302 10 0
303 13 0
304 15 0
305 17 0
306 21 0
307 24 0
308 27 0
309 28 0
310 31 0
311 32 0
312 33 0
313 34 0
314 35 0
315 41 0
316 1 0
317 2 0
318 3 0
319 4 0
320 5 0
321 8 0
322 11 0
323 13 0
324 16 0
325 20 0
326 26 0
327 29 0
328 32 0
329 38 0
330 39 0
331 40 0
332 2 0
333 2 0
334 3 0
335 4 0
336 5 0
337 6 0
338 7 0
339 8 0
340 9 0
341 10 0
342 11 0
343 12 0
344 13 0
345 15 0
346 16 0
347 17 0
348 18 0
349 19 0
350 20 0
351 21 0
352 23 0
353 25 0
354 26 0
355 27 0
356 28 0
357 30 0
358 32 0
359 33 0
360 34 0
361 34 0
362 35 0
363 36 0
364 38 0
365 39 0
366 40 0
367 41 0
368 41 0
369 42 0
370 43 0
371 38 0
372 2 0
373 3 0
374 9 0
375 17 0
376 25 0
377 29 0
378 34 0
379 37 0
380 39 0
381 40 0
382 41 0
383 42 0
384 43 0
385 44 0
386 42 0
387 2 0
388 2 0
389 3 0
390 5 0
391 8 0
392 11 0
393 12 0
394 19 0
395 23 0
396 24 0
397 29 0
398 32 0
399 34 0
400 36 0
401 37 0
402 39 0
403 40 0
404 42 0
405 42 0
406 43 0
407 44 0
408 45 0
409 43 0
410 46 0
411 46 0
412 34 0
413 2 0
414 3 0
415 4 0
416 5 0
417 9 0
418 11 0
419 16 0
420 21 0
421 22 0
422 24 0
423 26 0
424 29 0
425 34 0
426 36 0
427 37 0
428 41 0
429 41 0
430 43 0
431 46 0
432 47 0
433 30 0
434 6 0
435 11 0
436 19 0
437 31 0
438 39 0
439 42 0
440 44 0
441 45 0
442 46 0
443 46 0
444 47 0
445 47 0
446 2 0
447 3 0
448 4 0
449 6 0
450 8 0
451 10 0
452 13 0
453 17 0
454 26 0
455 27 0
456 34 0
457 36 0
458 38 0
459 41 0
460 43 0
461 43 0
462 45 0
463 46 0
464 47 0
465 46 0
466 1 0
467 2 0
468 3 0
469 3 0
470 5 0
471 19 0
472 34 0
473 37 0
474 43 0
475 44 0
476 45 0
477 46 0
478 47 0
479 47 0
480 48 0
481 19 0
482 39 0
483 45 0
484 46 0
485 47 0
486 48 0
487 48 0
488 49 0
489 50 0
490 49 0
491 2 0
492 3 0
493 4 0
494 5 0
495 6 0
496 9 0
497 10 0
498 14 0
499 17 0
500 19 0
501 21 0
502 23 0
503 24 0
504 26 0
505 29 0
506 36 0
507 36 0
508 37 0
509 39 0
510 40 0
511 41 0
512 44 0
513 45 0
514 47 0
515 48 0
516 49 0
517 50 0
518 50 0
519 50 0
520 50 0
521 1 0
522 2 0
523 3 0
524 5 0
525 8 0
526 13 0
527 18 0
528 20 0
529 23 0
530 28 0
531 31 0
532 34 0
533 39 0
534 41 0
535 43 0
536 44 0
537 45 0
538 46 0
539 48 0
540 49 0
541 50 0
542 50 0
543 50 0
544 50 0
545 48 0
546 2 0
547 12 0
548 19 0
549 29 0
550 41 0
551 44 0
552 47 0
553 50 0
554 50 0
555 50 0
556 44 0
557 49 0
558 51 0
559 50 0
560 50 0
561 51 0
562 51 0
563 2 0
564 3 0
565 4 0
566 5 0
567 7 0
568 9 0
569 10 0
570 11 0
571 12 0
572 13 0
573 14 0
574 16 0
575 20 0
576 22 0
577 25 0
578 26 0
579 28 0
580 31 0
581 34 0
582 36 0
583 39 0
584 41 0
585 42 0
586 43 0
587 44 0
588 46 0
589 49 0
590 50 0
591 51 0
592 51 0
593 51 0
594 51 0
595 52 0
596 51 0
597 52 0
598 51 0
599 53 0
600 52 0
601 53 0
602 16 0
603 42 0
604 50 0
605 52 0
606 54 0
607 54 0
608 54 0
609 54 0
610 54 0
611 53 0
612 53 0
613 54 0
614 54 0
615 54 0
616 54 0
617 55 0
618 13 0
619 16 0
620 20 0
621 32 0
622 38 0
623 42 0
624 47 0
625 50 0
626 52 0
627 54 0
628 55 0
629 23 0
630 37 0
631 48 0
632 54 0
633 54 0
634 54 0
635 53 0
636 53 0
637 54 0
638 55 0
639 55 0
640 55 0
641 55 0
642 56 0
643 56 0
644 56 0
645 56 0
646 56 0
647 56 0
648 2 0
649 3 0
650 4 0
651 5 0
652 6 0
653 7 0
654 9 0
655 10 0
656 11 0
657 15 0
658 20 0
659 25 0
660 32 0
661 33 0
662 36 0
663 39 0
664 41 0
665 44 0
666 45 0
667 47 0
668 49 0
669 52 0
670 53 0
671 54 0
672 55 0
673 56 0
674 30 0
675 43 0
676 52 0
677 55 0
678 57 0
679 57 0
680 57 0
681 46 0
682 57 0
683 57 0
684 57 0
685 56 0
686 56 0
687 56 0
688 56 0
689 56 0
690 56 0
691 56 0
692 56 0
693 56 0
694 56 0
695 56 0
696 56 0
697 56 0
698 56 0
699 56 0
700 56 0
701 56 0
702 56 0
703 56 0
704 56 0
705 56 0
706 56 0
707 56 0
708 56 0
709 56 0
710 56 0
711 56 0
712 56 0
713 56 0
714 56 0
715 56 0
716 56 0
717 56 0
718 56 0
719 56 0
720 56 0
721 37 0
722 50 0
723 54 0
724 56 0
725 56 0
726 56 0
727 56 0
728 56 0
729 56 0
730 56 0
731 56 0
732 56 0
733 56 0
734 56 0
735 56 0
736 56 0
737 56 0
738 43 0
739 54 0
740 56 0
741 56 0
742 56 0
743 2 0
744 3 0
745 5 0
746 7 0
747 10 0
748 12 0
749 14 0
750 15 0
751 17 0
752 20 0
753 21 0
754 26 0
755 31 0
756 35 0
757 38 0
758 39 0
759 40 0
760 42 0
761 44 0
762 47 0
763 48 0
764 49 0
765 51 0
766 52 0
767 54 0
768 56 0
769 56 0
770 55 0
771 56 0
772 56 0
773 47 0
774 51 0
775 54 0
776 56 0
777 56 0
778 56 0
779 56 0
780 50 0
781 55 0
782 56 0
783 56 0
784 56 0
785 56 0
786 55 0
787 56 0
788 56 0
789 56 0
790 56 0
791 56 0
792 56 0
793 56 0
794 56 0
795 56 0
796 56 0
797 56 0
798 55 0
799 56 0
800 56 0
801 56 0
802 55 0
803 56 0
804 56 0
805 56 0
806 52 0
807 56 0
808 56 0
809 56 0
810 55 0
811 55 0
812 55 0
813 55 0
814 55 0
815 55 0
816 55 0
817 55 0
818 55 0
819 55 0
820 55 0
821 55 0
822 55 0
823 55 0
824 51 0
825 55 0
826 54 0
827 54 0
828 54 0
829 55 0
830 55 0
831 55 0
832 55 0
833 55 0
834 55 0
835 55 0
836 54 0
837 52 0
838 55 0
839 54 0
840 54 0
841 54 0
842 54 0
843 54 0
844 54 0
845 54 0
846 53 0
847 54 0
848 54 0
849 54 0
850 35 0
851 53 0
852 54 0
853 54 0
854 54 0
855 53 0
856 53 0
857 53 0
858 53 0
859 53 0
860 53 0
861 44 0
862 52 0
863 53 0
864 53 0
865 53 0
866 53 0
867 53 0
868 53 0
869 53 0
870 53 0
871 53 0
872 53 0
873 53 0
874 53 0
875 53 0
876 53 0
877 53 0
878 53 0
879 53 0
880 53 0
881 53 0
882 53 0
883 53 0
884 53 0
885 53 0
886 53 0
887 53 0
888 53 0
889 53 0
890 53 0
891 53 0
892 53 0
893 53 0
894 53 0
895 53 0
896 53 0
897 54 0
898 54 0
899 54 0
900 54 0
901 54 0
902 54 0
903 54 0
904 54 0
905 54 0
906 54 0
907 2 0
908 3 0
909 5 0
910 6 0
911 8 0
912 10 0
913 12 0
914 17 0
915 19 0
916 21 0
917 23 0
918 26 0
919 27 0
920 31 0
921 33 0
922 34 0
923 37 0
924 37 0
925 39 0
926 41 0
927 45 0
928 46 0
929 47 0
930 48 0
931 50 0
932 51 0
933 53 0
934 54 0
935 52 0
936 54 0
937 54 0
938 54 0
939 54 0
940 54 0
941 53 0
942 54 0
943 54 0
944 54 0
945 54 0
946 54 0
947 54 0
948 54 0
949 39 0
950 51 0
951 54 0
952 54 0
953 54 0
954 54 0
955 54 0
956 54 0
957 54 0
958 54 0
959 54 0
960 54 0
961 54 0
962 54 0
963 54 0
964 54 0
965 54 0
966 54 0
967 54 0
968 54 0
969 54 0
970 54 0
971 54 0
972 54 0
973 54 0
974 55 0
975 55 0
976 55 0
977 50 0
978 56 0
979 56 0
980 55 0
981 56 0
982 56 0
983 56 0
984 56 0
985 56 0
986 27 0
987 47 0
988 55 0
989 56 0
990 56 0
991 56 0
992 56 0
993 56 0
994 56 0
995 56 0
996 56 0
997 56 0
998 57 0
999 56 0
1000 57 0
1001 57 0
1002 57 0
1003 57 0
1004 57 0
1005 57 0
1006 58 0
1007 58 0
1008 57 0
1009 58 0
1010 58 0
1011 57 0
1012 57 0
1013 57 0
1014 57 0
1015 57 0
1016 57 0
1017 57 0
1018 57 0
1019 57 0
1020 58 0
1021 58 0
1022 58 0
1023 58 0
1024 58 0
1025 58 0
1026 58 0
1027 58 0
1028 58 0
1029 58 0
1030 58 0
1031 58 0
1032 59 0
1033 58 0
1034 59 0
1035 59 0
1036 59 0
1037 59 0
1038 59 0
1039 59 0
1040 59 0
1041 59 0
1042 49 0
1043 58 0
1044 58 0
1045 59 0
1046 59 0
1047 59 0
1048 59 0
1049 59 0
1050 59 0
1051 58 0
1052 59 0
1053 59 0
1054 59 0
1055 59 0
1056 59 0
1057 59 0
1058 59 0
1059 59 0
1060 59 0
1061 59 0
1062 51 0
1063 57 0
1064 58 0
1065 59 0
1066 59 0
1067 59 0
1068 59 0
1069 59 0
1070 59 0
1071 59 0
1072 59 0
1073 59 0
1074 59 0
1075 59 0
1076 59 0
1077 59 0
1078 59 0
1079 59 0
1080 59 0
1081 59 0
1082 59 0
1083 59 0
1084 59 0
1085 59 0
1086 59 0
1087 59 0
1088 59 0
1089 59 0
1090 59 0
1091 59 0
1092 59 0
1093 59 0
1094 59 0
1095 59 0
1096 58 0
1097 59 0
1098 59 0
1099 59 0
1100 58 0
1101 58 0
1102 58 0
1103 59 0
1104 59 0
1105 58 0
1106 58 0
1107 59 0
1108 58 0
1109 58 0
1110 58 0
1111 57 0
1112 58 0
1113 58 0
1114 58 0
1115 58 0
1116 58 0
1117 58 0
1118 58 0
1119 58 0
1120 58 0
1121 58 0
1122 58 0
1123 58 0
1124 58 0
1125 58 0
1126 58 0
1127 58 0
1128 58 0
1129 58 0
1130 58 0
1131 58 0
1132 58 0
1133 58 0
1134 58 0
1135 55 0
1136 58 0
1137 58 0
1138 58 0
1139 57 0
1140 57 0
1141 57 0
1142 57 0
1143 57 0
1144 57 0
1145 57 0
1146 57 0
1147 57 0
1148 57 0
1149 57 0
1150 57 0
1151 56 0
1152 57 0
1153 57 0
1154 56 0
1155 57 0
1156 57 0
1157 57 0
1158 58 0
1159 58 0
1160 58 0
1161 58 0
1162 58 0
1163 58 0
1164 58 0
1165 59 0
1166 59 0
1167 59 0
1168 58 0
1169 58 0
1170 58 0
1171 58 0
1172 58 0
1173 58 0
1174 58 0
1175 56 0
1176 58 0
1177 58 0
1178 58 0
1179 57 0
1180 57 0
1181 57 0
1182 56 0
1183 57 0
1184 58 0
1185 58 0
1186 58 0
1187 58 0
1188 57 0
1189 58 0
1190 57 0
1191 58 0
1192 58 0
1193 58 0
1194 56 0
1195 58 0
1196 56 0
1197 57 0
1198 57 0
1199 2 0
1200 3 0
1201 4 0
1202 5 0
1203 15 0
1204 31 0
1205 38 0
1206 43 0
1207 48 0
1208 50 0
1209 54 0
1210 56 0
1211 57 0
1212 57 0
1213 55 0
1214 57 0
1215 57 0
1216 56 0
1217 56 0
1218 57 0
1219 58 0
1220 58 0
1221 58 0
1222 59 0
1223 59 0
1224 59 0
1225 57 0
1226 59 0
1227 59 0
1228 59 0
1229 60 0
1230 60 0
1231 57 0
1232 60 0
1233 60 0
1234 60 0
1235 60 0
1236 58 0
1237 2 0
1238 3 0
1239 8 0
1240 12 0
1241 17 0
1242 23 0
1243 28 0
1244 34 0
1245 38 0
1246 41 0
1247 48 0
1248 51 0
1249 53 0
1250 54 0
1251 56 0
1252 58 0
1253 59 0
1254 56 0
1255 60 0
1256 62 0
1257 59 0
1258 61 0
1259 62 0
1260 63 0
1261 64 0
1262 65 0
1263 66 0
1264 67 0
1265 65 0
1266 66 0
1267 65 0
1268 65 0
1269 62 0
1270 63 0
1271 63 0
1272 63 0
1273 63 0
1274 63 0
1275 64 0
1276 63 0
1277 64 0
1278 64 0
1279 64 0
1280 65 0
1281 47 0
1282 58 0
1283 63 0
1284 64 0
1285 64 0
1286 65 0
1287 65 0
1288 65 0
1289 65 0
1290 65 0
1291 64 0
1292 64 0
1293 65 0
1294 65 0
1295 65 0
1296 65 0
1297 65 0
1298 6 0
1299 8 0
1300 10 0
1301 11 0
1302 13 0
1303 15 0
1304 20 0
1305 24 0
1306 26 0
1307 30 0
1308 32 0
1309 36 0
1310 37 0
1311 40 0
1312 43 0
1313 46 0
1314 47 0
1315 46 0
1316 50 0
1317 52 0
1318 54 0
1319 55 0
1320 56 0
1321 58 0
1322 59 0
1323 60 0
1324 63 0
1325 64 0
1326 65 0
1327 59 0
1328 66 0
1329 64 0
1330 65 0
1331 66 0
1332 42 0
1333 61 0
1334 63 0
1335 64 0
1336 64 0
1337 65 0
1338 65 0
1339 66 0
1340 66 0
1341 66 0
1342 66 0
1343 65 0
1344 66 0
1345 67 0
1346 67 0
1347 66 0
1348 67 0
1349 67 0
1350 67 0
1351 61 0
1352 65 0
1353 66 0
1354 66 0
1355 66 0
1356 68 0
1357 66 0
1358 68 0
1359 67 0
1360 68 0
1361 68 0
1362 66 0
1363 68 0
1364 68 0
1365 67 0
1366 67 0
1367 67 0
1368 67 0
1369 67 0
1370 67 0
1371 67 0
1372 67 0
1373 67 0
1374 67 0
1375 66 0
1376 66 0
1377 67 0
1378 66 0
1379 66 0
1380 67 0
1381 67 0
1382 67 0
1383 67 0
1384 49 0
1385 63 0
1386 66 0
1387 67 0
1388 66 0
1389 66 0
1390 66 0
1391 66 0
1392 66 0
1393 66 0
1394 66 0
1395 65 0
1396 65 0
1397 67 0
1398 67 0
1399 66 0
1400 66 0
1401 66 0
1402 66 0
1403 67 0
1404 67 0
1405 67 0
1406 67 0
1407 67 0
1408 67 0
1409 67 0
1410 67 0
1411 67 0
1412 68 0
1413 68 0
1414 68 0
1415 68 0
1416 57 0
1417 66 0
1418 67 0
1419 67 0
1420 68 0
1421 68 0
1422 68 0
1423 68 0
1424 68 0
1425 68 0
1426 68 0
1427 68 0
1428 68 0
1429 68 0
1430 69 0
1431 69 0
1432 69 0
1433 69 0
1434 54 0
1435 67 0
1436 67 0
1437 69 0
1438 69 0
1439 69 0
1440 68 0
1441 68 0
1442 69 0
1443 69 0
1444 69 0
1445 65 0
1446 67 0
1447 68 0
1448 68 0
1449 68 0
1450 69 0
1451 68 0
1452 68 0
1453 68 0
1454 68 0
1455 64 0
1456 67 0
1457 68 0
1458 68 0
1459 68 0
1460 69 0
1461 69 0
1462 69 0
1463 69 0
1464 69 0
1465 68 0
1466 68 0
1467 68 0
1468 68 0
1469 68 0
1470 68 0
1471 68 0
1472 68 0
1473 68 0
1474 68 0
1475 68 0
1476 68 0
1477 68 0
1478 68 0
1479 68 0
1480 68 0
1481 68 0
1482 68 0
1483 68 0
1484 68 0
1485 64 0
1486 67 0
1487 67 0
1488 68 0
1489 68 0
1490 68 0
1491 68 0
1492 68 0
1493 68 0
1494 68 0
1495 68 0
1496 68 0
1497 68 0
1498 68 0
1499 68 0
1500 68 0
1501 68 0
1502 68 0
1503 68 0
1504 68 0
1505 68 0
1506 66 0
1507 68 0
1508 68 0
1509 68 0
1510 68 0
1511 62 0
1512 68 0
1513 68 0
1514 68 0
1515 68 0
1516 68 0
1517 68 0
1518 68 0
1519 68 0
1520 68 0
1521 68 0
1522 69 0
1523 69 0
1524 69 0
1525 69 0
1526 69 0
1527 69 0
1528 68 0
1529 68 0
1530 68 0
1531 69 0
1532 69 0
1533 69 0
1534 69 0
1535 69 0
1536 69 0
1537 69 0
1538 69 0
1539 69 0
1540 69 0
1541 69 0
1542 69 0
1543 69 0
1544 69 0
1545 70 0
1546 70 0
1547 70 0
1548 70 0
1549 70 0
1550 70 0
1551 70 0
1552 70 0
1553 70 0
1554 70 0
1555 70 0
1556 70 0
1557 70 0
1558 70 0
1559 70 0
1560 70 0
1561 70 0
1562 70 0
1563 70 0
1564 67 0
1565 69 0
1566 69 0
1567 69 0
1568 69 0
1569 68 0
1570 70 0
1571 70 0
1572 70 0
1573 70 0
1574 70 0
1575 70 0
1576 70 0
1577 70 0
1578 70 0
1579 68 0
1580 69 0
1581 70 0
1582 70 0
1583 70 0
1584 70 0
1585 70 0
1586 70 0
1587 70 0
1588 70 0
1589 70 0
1590 70 0
1591 70 0
1592 70 0
1593 70 0
1594 70 0
1595 70 0
1596 70 0
1597 69 0
1598 69 0
1599 69 0
1600 69 0
1601 69 0
1602 67 0
1603 68 0
1604 69 0
1605 69 0
1606 69 0
1607 69 0
1608 69 0
1609 69 0
1610 69 0
1611 69 0
1612 69 0
1613 69 0
1614 69 0
1615 69 0
1616 69 0
1617 69 0
1618 69 0
1619 69 0
1620 69 0
1621 69 0
1622 69 0
1623 69 0
1624 69 0
1625 69 0
1626 69 0
1627 69 0
1628 69 0
1629 69 0
1630 69 0
1631 69 0
1632 69 0
1633 69 0
1634 69 0
1635 69 0
1636 69 0
1637 69 0
1638 69 0
1639 69 0
1640 69 0
1641 69 0
1642 69 0
1643 69 0
1644 69 0
1645 69 0
1646 69 0
1647 69 0
1648 69 0
1649 68 0
1650 69 0
1651 69 0
1652 69 0
1653 69 0
1654 69 0
1655 69 0
1656 69 0
1657 69 0
1658 69 0
1659 68 0
1660 69 0
1661 69 0
1662 69 0
1663 69 0
1664 69 0
1665 69 0
1666 69 0
1667 69 0
1668 69 0
1669 69 0
1670 69 0
1671 69 0
1672 69 0
1673 69 0
1674 69 0
1675 69 0
1676 69 0
1677 69 0
1678 69 0
1679 69 0
1680 69 0
1681 69 0
1682 69 0
1683 69 0
1684 70 0
1685 69 0
1686 70 0
1687 70 0
1688 70 0
1689 70 0
1690 70 0
1691 70 0
1692 70 0
1693 69 0
1694 70 0
1695 70 0
1696 70 0
1697 70 0
1698 70 0
1699 70 0
1700 70 0
1701 70 0
1702 70 0
1703 70 0
1704 70 0
1705 70 0
1706 70 0
1707 70 0
1708 70 0
1709 70 0
1710 70 0
1711 70 0
1712 70 0
1713 70 0
1714 70 0
1715 70 0
1716 70 0
1717 70 0
1718 70 0
1719 70 0
1720 70 0
1721 70 0
1722 70 0
1723 70 0
1724 70 0
1725 70 0
1726 70 0
1727 70 0
1728 70 0
1729 70 0
1730 70 0
1731 70 0
1732 70 0
1733 70 0
1734 70 0
1735 70 0
1736 70 0
1737 70 0
1738 70 0
1739 70 0
1740 70 0
1741 70 0
1742 70 0
1743 70 0
1744 70 0
1745 70 0
1746 70 0
1747 70 0
1748 70 0
1749 70 0
1750 70 0
1751 70 0
1752 70 0
1753 70 0
1754 70 0
1755 70 0
1756 70 0
1757 70 0
1758 70 0
1759 70 0
1760 71 0
1761 70 0
1762 70 0
1763 70 0
1764 70 0
1765 70 0
1766 70 0
1767 70 0
1768 70 0
1769 5 0
1770 8 0
1771 16 0
1772 19 0
1773 23 0
1774 32 0
1775 35 0
1776 38 0
1777 43 0
1778 46 0
1779 48 0
1780 54 0
1781 56 0
1782 58 0
1783 60 0
1784 61 0
1785 64 0
1786 66 0
1787 67 0
1788 70 0
1789 70 0
1790 70 0
1791 70 0
1792 70 0
1793 70 0
1794 70 0
1795 70 0
1796 70 0
1797 70 0
1798 70 0
1799 70 0
1800 70 0
1801 70 0
1802 70 0
1803 70 0
1804 70 0
1805 70 0
1806 70 0
1807 70 0
1808 70 0
1809 70 0
1810 70 0
1811 70 0
1812 70 0
1813 70 0
1814 70 0
1815 70 0
1816 67 0
1817 70 0
1818 70 0
1819 70 0
1820 71 0
1821 71 0
1822 71 0
1823 70 0
1824 70 0
1825 70 0
1826 70 0
1827 70 0
1828 70 0
1829 70 0
1830 70 0
1831 70 0
1832 70 0
1833 70 0
1834 70 0
1835 70 0
1836 70 0
1837 70 0
1838 70 0
1839 70 0
1840 70 0
1841 70 0
1842 70 0
1843 71 0
1844 71 0
1845 70 0
1846 70 0
1847 71 0
1848 70 0
1849 70 0
1850 70 0
1851 70 0
1852 69 0
1853 69 0
1854 70 0
1855 71 0
1856 71 0
1857 70 0
1858 71 0
1859 70 0
1860 70 0
1861 70 0
1862 70 0
1863 70 0
1864 70 0
1865 70 0
1866 70 0
1867 70 0
1868 71 0
1869 71 0
1870 70 0
1871 70 0
1872 71 0
1873 70 0
1874 70 0
1875 70 0
1876 70 0
1877 70 0
1878 71 0
1879 70 0
1880 70 0
1881 71 0
1882 70 0
1883 70 0
1884 70 0
1885 71 0
1886 70 0
1887 70 0
1888 70 0
1889 70 0
1890 70 0
1891 70 0
1892 70 0
1893 70 0
1894 70 0
1895 71 0
1896 71 0
1897 70 0
1898 70 0
1899 70 0
1900 70 0
1901 70 0
1902 70 0
1903 70 0
1904 71 0
1905 70 0
1906 70 0
1907 70 0
1908 70 0
1909 71 0
1910 70 0
1911 70 0
1912 70 0
1913 70 0
1914 70 0
1915 70 0
1916 70 0
1917 70 0
1918 70 0
1919 71 0
1920 70 0
1921 70 0
1922 70 0
1923 70 0
1924 70 0
1925 70 0
1926 70 0
1927 70 0
1928 70 0
1929 70 0
1930 70 0
1931 70 0
1932 70 0
1933 70 0
1934 70 0
1935 69 0
1936 70 0
1937 70 0
1938 70 0
1939 70 0
1940 70 0
1941 70 0
1942 70 0
1943 70 0
1944 70 0
1945 70 0
1946 70 0
1947 70 0
1948 70 0
1949 70 0
1950 70 0
1951 70 0
1952 70 0
1953 70 0
1954 70 0
1955 70 0
1956 70 0
1957 70 0
1958 70 0
1959 70 0
1960 70 0
1961 70 0
1962 70 0
1963 70 0
1964 70 0
1965 70 0
1966 70 0
1967 70 0
1968 70 0
1969 70 0
1970 70 0
1971 70 0
1972 70 0
1973 70 0
1974 70 0
1975 70 0
1976 70 0
1977 70 0
1978 70 0
1979 70 0
1980 70 0
1981 70 0
1982 70 0
1983 70 0
1984 70 0
1985 70 0
1986 70 0
1987 70 0
1988 70 0
1989 70 0
1990 70 0
1991 70 0
1992 70 0
1993 70 0
1994 70 0
1995 70 0
1996 70 0
1997 70 0
1998 70 0
1999 70 0
2000 70 0
2001 70 0
2002 70 0
2003 70 0
2004 70 0
2005 70 0
2006 70 0
2007 70 0
2008 70 0
2009 70 0
2010 70 0
2011 70 0
2012 70 0
2013 70 0
2014 70 0
2015 70 0
2016 70 0
2017 70 0
2018 70 0
2019 70 0
2020 70 0
2021 70 0
2022 70 0
2023 70 0
2024 70 0
2025 70 0
2026 70 0
2027 70 0
2028 70 0
2029 70 0
2030 70 0
2031 70 0
2032 70 0
2033 69 0
2034 70 0
2035 70 0
2036 70 0
2037 70 0
2038 70 0
2039 70 0
2040 70 0
2041 70 0
2042 70 0
2043 70 0
2044 70 0
2045 70 0
2046 70 0
2047 70 0
2048 70 0
2049 70 0
2050 70 0
2051 70 0
2052 70 0
2053 70 0
2054 70 0
2055 70 0
2056 70 0
2057 70 0
2058 70 0
2059 70 0
2060 70 0
2061 70 0
2062 70 0
2063 70 0
2064 70 0
2065 70 0
2066 70 0
2067 70 0
2068 70 0
2069 70 0
2070 70 0
2071 70 0
2072 70 0
2073 70 0
2074 70 0
2075 70 0
2076 70 0
2077 70 0
2078 70 0
2079 70 0
2080 70 0
2081 70 0
2082 70 0
2083 70 0
2084 70 0
2085 70 0
2086 70 0
2087 70 0
2088 70 0
2089 70 0
2090 70 0
2091 70 0
2092 70 0
2093 70 0
2094 70 0
2095 69 0
2096 70 0
2097 70 0
2098 70 0
2099 69 0
2100 69 0
2101 70 0
2102 70 0
2103 69 0
2104 69 0
2105 69 0
2106 69 0
2107 69 0
2108 69 0
2109 69 0
2110 69 0
2111 69 0
2112 69 0
2113 69 0
2114 69 0
2115 69 0
2116 69 0
2117 69 0
2118 69 0
2119 69 0
2120 69 0
2121 69 0
2122 69 0
2123 69 0
2124 69 0
2125 69 0
2126 69 0
2127 69 0
2128 69 0
2129 69 0
2130 69 0
2131 69 0
2132 69 0
2133 69 0
2134 69 0
2135 69 0
2136 69 0
2137 69 0
2138 69 0
2139 69 0
2140 69 0
2141 69 0
2142 69 0
2143 69 0
2144 69 0
2145 69 0
2146 69 0
2147 69 0
2148 69 0
2149 69 0
2150 69 0
2151 69 0
2152 69 0
2153 69 0
2154 69 0
2155 69 0
2156 69 0
2157 69 0
2158 69 0
2159 69 0
2160 69 0
2161 69 0
2162 69 0
2163 69 0
2164 69 0
2165 69 0
2166 69 0
2167 69 0
2168 69 0
2169 69 0
2170 69 0
2171 69 0
2172 69 0
2173 69 0
2174 69 0
2175 69 0
2176 69 0
2177 69 0
2178 69 0
2179 69 0
2180 69 0
2181 69 0
2182 69 0
2183 69 0
2184 69 0
2185 69 0
2186 69 0
2187 69 0
2188 69 0
2189 69 0
2190 69 0
2191 69 0
2192 69 0
2193 69 0
2194 69 0
2195 69 0
2196 69 0
2197 69 0
2198 69 0
2199 69 0
2200 69 0
2201 69 0
2202 69 0
2203 69 0
2204 69 0
2205 69 0
2206 69 0
2207 69 0
2208 69 0
2209 69 0
2210 69 0
2211 69 0
2212 69 0
2213 69 0
2214 69 0
2215 69 0
2216 69 0
2217 69 0
2218 69 0
2219 69 0
2220 69 0
2221 69 0
2222 69 0
2223 69 0
2224 69 0
2225 69 0
2226 69 0
2227 69 0
2228 69 0
2229 69 0
2230 69 0
2231 69 0
2232 69 0
2233 69 0
2234 69 0
2235 69 0
2236 69 0
2237 69 0
2238 69 0
2239 69 0
2240 69 0
2241 69 0
2242 69 0
2243 69 0
2244 69 0
2245 69 0
2246 69 0
2247 69 0
2248 69 0
2249 69 0
2250 69 0
2251 69 0
2252 69 0
2253 69 0
2254 69 0
2255 69 0
2256 69 0
2257 69 0
2258 69 0
2259 69 0
2260 69 0
2261 69 0
2262 69 0
2263 69 0
2264 69 0
2265 69 0
2266 69 0
2267 69 0
2268 69 0
2269 69 0
2270 69 0
2271 69 0
2272 69 0
2273 69 0
2274 69 0
2275 69 0
2276 69 0
2277 69 0
2278 69 0
2279 69 0
2280 69 0
2281 69 0
2282 69 0
2283 69 0
2284 69 0
2285 69 0
2286 69 0
2287 69 0
2288 69 0
2289 69 0
2290 69 0
2291 69 0
2292 69 0
2293 69 0
2294 69 0
2295 69 0
2296 69 0
2297 69 0
2298 69 0
2299 69 0
2300 69 0
2301 69 0
2302 69 0
2303 69 0
2304 69 0
2305 69 0
2306 69 0
2307 69 0
2308 69 0
2309 69 0
2310 69 0
2311 69 0
2312 69 0
2313 69 0
2314 69 0
2315 69 0
2316 69 0
2317 69 0
2318 69 0
2319 69 0
2320 69 0
2321 69 0
2322 69 0
2323 69 0
2324 69 0
2325 69 0
2326 69 0
2327 69 0
2328 69 0
2329 69 0
2330 69 0
2331 69 0
2332 69 0
2333 69 0
2334 69 0
2335 69 0
2336 69 0
2337 69 0
2338 69 0
2339 69 0
2340 69 0
2341 69 0
2342 69 0
2343 69 0
2344 69 0
2345 69 0
2346 69 0
2347 69 0
2348 69 0
2349 69 0
2350 69 0
2351 69 0
2352 69 0
2353 69 0
2354 69 0
2355 69 0
2356 69 0
2357 69 0
2358 69 0
2359 69 0
2360 69 0
2361 69 0
2362 69 0
2363 69 0
2364 69 0
2365 69 0
2366 69 0
2367 69 0
2368 69 0
2369 69 0
2370 69 0
2371 69 0
2372 69 0
2373 69 0
2374 69 0
2375 69 0
2376 69 0
2377 69 0
2378 69 0
2379 69 0
2380 69 0
2381 69 0
2382 69 0
2383 69 0
2384 69 0
2385 69 0
2386 69 0
2387 69 0
2388 69 0
2389 69 0
2390 69 0
2391 69 0
2392 69 0
2393 69 0
2394 69 0
2395 69 0
2396 69 0
2397 69 0
2398 69 0
2399 69 0
2400 69 0
2401 69 0
2402 69 0
2403 69 0
2404 69 0
2405 69 0
2406 69 0
2407 69 0
2408 69 0
2409 69 0
2410 69 0
2411 69 0
2412 69 0
2413 69 0
2414 69 0
2415 69 0
2416 69 0
2417 69 0
2418 69 0
2419 69 0
2420 69 0
2421 69 0
2422 69 0
2423 69 0
2424 69 0
2425 69 0
2426 69 0
2427 69 0
2428 69 0
2429 69 0
2430 69 0
2431 69 0
2432 69 0
2433 69 0
2434 69 0
2435 69 0
2436 69 0
2437 69 0
2438 69 0
2439 69 0
2440 69 0
2441 69 0
2442 69 0
2443 69 0
2444 69 0
2445 69 0
2446 69 0
2447 69 0
2448 69 0
2449 69 0
2450 69 0
2451 69 0
2452 69 0
2453 69 0
2454 69 0
2455 69 0
2456 69 0
2457 69 0
2458 69 0
2459 69 0
2460 69 0
2461 69 0
2462 69 0
2463 69 0
2464 69 0
2465 69 0
2466 69 0
2467 69 0
2468 69 0
2469 69 0
2470 69 0
2471 69 0
2472 69 0
2473 69 0
2474 69 0
2475 69 0
2476 69 0
2477 69 0
2478 69 0
2479 69 0
2480 69 0
2481 69 0
2482 69 0
2483 69 0
2484 69 0
2485 69 0
2486 69 0
2487 69 0
2488 69 0
2489 69 0
2490 69 0
2491 69 0
2492 69 0
2493 69 0
2494 69 0
2495 69 0
2496 69 0
2497 69 0
2498 69 0
2499 69 0
2500 69 0
2501 69 0
2502 69 0
2503 68 0
2504 69 0
2505 69 0
2506 69 0
2507 69 0
2508 69 0
2509 69 0
2510 69 0
2511 69 0
2512 69 0
2513 69 0
2514 69 0
2515 69 0
2516 69 0
2517 69 0
2518 69 0
2519 69 0
2520 69 0
2521 69 0
2522 69 0
2523 69 0
2524 69 0
2525 69 0
2526 69 0
2527 69 0
2528 69 0
2529 69 0
2530 69 0
2531 69 0
2532 69 0
2533 69 0
2534 69 0
2535 69 0
2536 69 0
2537 69 0
2538 69 0
2539 69 0
2540 69 0
2541 69 0
2542 69 0
2543 69 0
2544 69 0
2545 69 0
2546 69 0
2547 69 0
2548 69 0
2549 69 0
2550 69 0
2551 69 0
2552 69 0
2553 69 0
2554 69 0
2555 69 0
2556 69 0
2557 69 0
2558 69 0
2559 69 0
2560 69 0
2561 69 0
2562 69 0
2563 69 0
2564 69 0
2565 69 0
2566 69 0
2567 69 0
2568 69 0
2569 69 0
2570 69 0
2571 69 0
2572 69 0
2573 69 0
2574 69 0
2575 69 0
2576 69 0
2577 69 0
2578 69 0
2579 69 0
2580 69 0
2581 69 0
2582 69 0
2583 69 0
2584 69 0
2585 69 0
2586 69 0
2587 69 0
2588 69 0
2589 69 0
2590 69 0
2591 69 0
2592 69 0
2593 69 0
2594 69 0
2595 69 0
2596 69 0
2597 69 0
2598 69 0
2599 69 0
2600 69 0
2601 69 0
2602 69 0
2603 69 0
2604 69 0
2605 69 0
2606 69 0
2607 69 0
2608 69 0
2609 69 0
2610 69 0
2611 69 0
2612 69 0
2613 69 0
2614 69 0
2615 69 0
2616 69 0
2617 69 0
2618 69 0
2619 69 0
2620 69 0
2621 69 0
2622 69 0
2623 69 0
2624 69 0
2625 69 0
2626 69 0
2627 69 0
2628 69 0
2629 69 0
2630 69 0
2631 69 0
2632 69 0
2633 69 0
2634 69 0
2635 69 0
2636 69 0
2637 69 0
2638 69 0
2639 69 0
2640 69 0
2641 69 0
2642 69 0
2643 69 0
2644 69 0
2645 69 0
2646 69 0
2647 69 0
2648 69 0
2649 69 0
2650 69 0
2651 69 0
2652 69 0
2653 69 0
2654 69 0
2655 69 0
2656 69 0
2657 69 0
2658 69 0
2659 69 0
2660 69 0
2661 69 0
2662 69 0
2663 69 0
2664 69 0
2665 69 0
2666 69 0
2667 69 0
2668 69 0
2669 69 0
2670 69 0
2671 69 0
2672 69 0
2673 69 0
2674 69 0
2675 69 0
2676 69 0
2677 69 0
2678 69 0
2679 69 0
2680 69 0
2681 69 0
2682 69 0
2683 69 0
2684 69 0
2685 69 0
2686 69 0
2687 69 0
2688 69 0
2689 69 0
2690 69 0
2691 69 0
2692 69 0
2693 69 0
2694 69 0
2695 69 0
2696 69 0
2697 69 0
2698 69 0
2699 69 0
2700 69 0
2701 69 0
2702 69 0
2703 69 0
2704 69 0
2705 69 0
2706 69 0
2707 69 0
2708 69 0
2709 69 0
2710 69 0
2711 69 0
2712 69 0
2713 69 0
2714 69 0
2715 69 0
2716 69 0
2717 69 0
2718 69 0
2719 69 0
2720 69 0
2721 69 0
2722 69 0
2723 69 0
2724 69 0
2725 69 0
2726 69 0
2727 69 0
2728 69 0
2729 69 0
2730 69 0
2731 69 0
2732 69 0
2733 69 0
2734 69 0
2735 69 0
2736 69 0
2737 69 0
2738 69 0
2739 69 0
2740 69 0
2741 69 0
2742 69 0
2743 69 0
2744 69 0
2745 69 0
2746 69 0
2747 69 0
2748 69 0
2749 69 0
2750 69 0
2751 69 0
2752 69 0
2753 69 0
2754 69 0
2755 69 0
2756 69 0
2757 69 0
2758 69 0
2759 69 0
2760 69 0
2761 69 0
2762 69 0
2763 69 0
2764 69 0
2765 69 0
2766 69 0
2767 69 0
2768 69 0
2769 69 0
2770 69 0
2771 69 0
2772 69 0
2773 69 0
2774 69 0
2775 69 0
2776 69 0
2777 69 0
2778 69 0
2779 69 0
2780 69 0
2781 69 0
2782 69 0
2783 69 0
2784 69 0
2785 69 0
2786 69 0
2787 69 0
2788 69 0
2789 69 0
2790 69 0
2791 69 0
2792 69 0
2793 69 0
2794 69 0
2795 69 0
2796 69 0
2797 69 0
2798 69 0
2799 69 0
2800 69 0
2801 69 0
2802 69 0
2803 69 0
2804 69 0
2805 69 0
2806 69 0
2807 69 0
2808 69 0
2809 69 0
2810 69 0
2811 69 0
2812 69 0
2813 69 0
2814 69 0
2815 69 0
2816 69 0
2817 69 0
2818 69 0
2819 69 0
2820 69 0
2821 69 0
2822 69 0
2823 69 0
2824 69 0
2825 69 0
2826 69 0
2827 69 0
2828 69 0
2829 69 0
2830 69 0
2831 69 0
2832 69 0
2833 69 0
2834 69 0
2835 69 0
2836 69 0
2837 69 0
2838 69 0
2839 69 0
2840 69 0
2841 69 0
2842 69 0
2843 69 0
2844 69 0
2845 69 0
2846 69 0
2847 69 0
2848 69 0
2849 69 0
2850 69 0
2851 69 0
2852 69 0
2853 69 0
2854 69 0
2855 69 0
2856 69 0
2857 69 0
2858 69 0
2859 69 0
2860 69 0
2861 69 0
2862 69 0
2863 69 0
2864 69 0
2865 69 0
2866 69 0
2867 69 0
2868 69 0
2869 69 0
2870 69 0
2871 69 0
2872 69 0
2873 69 0
2874 69 0
2875 69 0
2876 69 0
2877 69 0
2878 69 0
2879 69 0
2880 69 0
2881 69 0
2882 69 0
2883 69 0
2884 69 0
2885 69 0
2886 69 0
2887 69 0
2888 69 0
2889 69 0
2890 69 0
2891 68 0
2892 69 0
2893 69 0
2894 69 0
2895 69 0
2896 69 0
2897 69 0
2898 69 0
2899 69 0
2900 69 0
2901 69 0
2902 69 0
2903 69 0
2904 69 0
2905 69 0
2906 69 0
2907 69 0
2908 69 0
2909 69 0
2910 69 0
2911 69 0
2912 69 0
2913 69 0
2914 69 0
2915 69 0
2916 69 0
2917 69 0
2918 69 0
2919 69 0
2920 69 0
2921 69 0
2922 69 0
2923 69 0
2924 69 0
2925 69 0
2926 69 0
2927 69 0
2928 69 0
2929 69 0
2930 69 0
2931 69 0
2932 69 0
2933 69 0
2934 69 0
2935 69 0
2936 69 0
2937 69 0
2938 69 0
2939 69 0
2940 69 0
2941 69 0
2942 69 0
2943 69 0
2944 69 0
2945 69 0
2946 69 0
2947 69 0
2948 69 0
2949 69 0
2950 69 0
2951 69 0
2952 69 0
2953 69 0
2954 69 0
2955 69 0
2956 69 0
2957 69 0
2958 69 0
2959 69 0
2960 69 0
2961 69 0
2962 69 0
2963 69 0
2964 69 0
2965 69 0
2966 69 0
2967 69 0
2968 69 0
2969 69 0
2970 69 0
2971 69 0
2972 69 0
2973 69 0
2974 69 0
2975 69 0
2976 69 0
2977 69 0
2978 69 0
2979 69 0
2980 69 0
2981 69 0
2982 69 0
2983 69 0
2984 69 0
2985 69 0
2986 69 0
2987 69 0
2988 69 0
2989 69 0
2990 69 0
2991 69 0
2992 69 0
2993 69 0
2994 69 0
2995 69 0
2996 69 0
2997 69 0
2998 69 0
2999 69 0
3000 69 0
3001 69 0
3002 69 0
3003 69 0
3004 69 0
3005 69 0
3006 69 0
3007 69 0
3008 69 0
3009 69 0
3010 69 0
3011 69 0
3012 69 0
3013 69 0
3014 69 0
3015 69 0
3016 69 0
3017 69 0
3018 69 0
3019 69 0
3020 69 0
3021 69 0
3022 69 0
3023 69 0
3024 69 0
3025 69 0
3026 69 0
3027 69 0
3028 69 0
3029 69 0
3030 69 0
3031 69 0
3032 69 0
3033 69 0
3034 69 0
3035 69 0
3036 69 0
3037 69 0
3038 69 0
3039 69 0
3040 69 0
3041 69 0
3042 69 0
3043 69 0
3044 69 0
3045 69 0
3046 69 0
3047 69 0
3048 69 0
3049 69 0
3050 69 0
3051 69 0
3052 69 0
3053 69 0
3054 69 0
3055 69 0
3056 69 0
3057 69 0
3058 69 0
3059 69 0
3060 69 0
3061 69 0
3062 69 0
3063 69 0
3064 69 0
3065 69 0
3066 69 0
3067 69 0
3068 69 0
3069 69 0
3070 69 0
3071 69 0
3072 69 0
3073 69 0
3074 69 0
3075 69 0
3076 69 0
3077 69 0
3078 69 0
3079 69 0
3080 69 0
3081 69 0
3082 69 0
3083 69 0
3084 69 0
3085 69 0
3086 69 0
3087 69 0
3088 69 0
3089 69 0
3090 69 0
3091 69 0
3092 69 0
3093 69 0
3094 69 0
3095 69 0
3096 69 0
3097 69 0
3098 69 0
3099 69 0
3100 69 0
3101 69 0
3102 69 0
3103 69 0
3104 69 0
3105 69 0
3106 69 0
3107 69 0
3108 69 0
3109 69 0
3110 69 0
3111 69 0
3112 69 0
3113 69 0
3114 69 0
3115 69 0
3116 69 0
3117 69 0
3118 69 0
3119 69 0
3120 69 0
3121 69 0
3122 69 0
3123 69 0
3124 69 0
3125 69 0
3126 69 0
3127 69 0
3128 69 0
3129 69 0
3130 69 0
3131 69 0
3132 69 0
3133 69 0
3134 69 0
3135 69 0
3136 69 0
3137 69 0
3138 69 0
3139 69 0
3140 69 0
3141 69 0
3142 69 0
3143 69 0
3144 69 0
3145 69 0
3146 69 0
3147 69 0
3148 69 0
3149 69 0
3150 69 0
3151 69 0
3152 69 0
3153 69 0
3154 69 0
3155 69 0
3156 69 0
3157 69 0
3158 69 0
3159 69 0
3160 69 0
3161 69 0
3162 69 0
3163 69 0
3164 69 0
3165 69 0
3166 69 0
3167 69 0
3168 69 0
3169 69 0
3170 69 0
3171 69 0
3172 69 0
3173 69 0
3174 69 0
3175 69 0
3176 69 0
3177 69 0
3178 69 0
3179 69 0
3180 69 0
3181 69 0
3182 69 0
3183 69 0
3184 69 0
3185 69 0
3186 69 0
3187 69 0
3188 69 0
3189 69 0
3190 69 0
3191 69 0
3192 69 0
3193 69 0
3194 69 0
3195 69 0
3196 69 0
3197 69 0
3198 69 0
3199 69 0
3200 69 0
3201 69 0
3202 69 0
3203 69 0
3204 69 0
3205 69 0
3206 69 0
3207 69 0
3208 69 0
3209 69 0
3210 69 0
3211 69 0
3212 69 0
3213 69 0
3214 69 0
3215 69 0
3216 69 0
3217 69 0
3218 69 0
3219 69 0
3220 69 0
3221 69 0
3222 69 0
3223 69 0
3224 69 0
3225 69 0
3226 69 0
3227 69 0
3228 69 0
3229 69 0
3230 69 0
3231 69 0
3232 69 0
3233 69 0
3234 69 0
3235 69 0
3236 69 0
3237 69 0
3238 69 0
3239 69 0
3240 69 0
3241 69 0
3242 69 0
3243 69 0
3244 69 0
3245 69 0
3246 69 0
3247 69 0
3248 69 0
3249 69 0
3250 69 0
3251 69 0
3252 69 0
3253 69 0
3254 69 0
3255 69 0
3256 69 0
3257 69 0
3258 69 0
3259 69 0
3260 69 0
3261 69 0
3262 69 0
3263 69 0
3264 69 0
3265 69 0
3266 69 0
3267 69 0
3268 69 0
3269 69 0
3270 69 0
3271 69 0
3272 69 0
3273 69 0
3274 69 0
3275 69 0
3276 69 0
3277 69 0
3278 69 0
3279 69 0
3280 69 0
3281 69 0
3282 69 0
3283 69 0
3284 69 0
3285 69 0
3286 69 0
3287 69 0
3288 69 0
3289 69 0
3290 69 0
3291 69 0
3292 69 0
3293 69 0
3294 69 0
3295 69 0
3296 69 0
3297 69 0
3298 69 0
3299 69 0
3300 69 0
3301 69 0
3302 69 0
3303 69 0
3304 69 0
3305 69 0
3306 69 0
3307 69 0
3308 69 0
3309 69 0
3310 69 0
3311 69 0
3312 69 0
3313 69 0
3314 69 0
3315 69 0
3316 69 0
3317 69 0
3318 69 0
3319 69 0
3320 69 0
3321 69 0
3322 69 0
3323 69 0
3324 69 0
3325 69 0
3326 69 0
3327 69 0
3328 69 0
3329 69 0
3330 69 0
3331 69 0
3332 69 0
3333 69 0
3334 69 0
3335 69 0
3336 69 0
3337 69 0
3338 69 0
3339 69 0
3340 69 0
3341 69 0
3342 69 0
3343 69 0
3344 69 0
3345 69 0
3346 69 0
3347 69 0
3348 69 0
3349 69 0
3350 69 0
3351 69 0
3352 69 0
3353 69 0
3354 69 0
3355 69 0
3356 69 0
3357 69 0
3358 69 0
3359 69 0
3360 69 0
3361 69 0
3362 69 0
3363 69 0
3364 69 0
3365 69 0
3366 69 0
3367 69 0
3368 69 0
3369 69 0
3370 69 0
3371 69 0
3372 69 0
3373 69 0
3374 69 0
3375 69 0
3376 69 0
3377 69 0
3378 69 0
3379 69 0
3380 69 0
3381 69 0
3382 69 0
3383 69 0
3384 69 0
3385 69 0
3386 69 0
3387 69 0
3388 69 0
3389 69 0
3390 69 0
3391 69 0
3392 69 0
3393 69 0
3394 69 0
3395 69 0
3396 69 0
3397 69 0
3398 69 0
3399 69 0
3400 69 0
3401 69 0
3402 69 0
3403 69 0
3404 69 0
3405 69 0
3406 69 0
3407 69 0
3408 69 0
3409 69 0
3410 69 0
3411 69 0
3412 69 0
3413 69 0
3414 69 0
3415 69 0
3416 69 0
3417 69 0
3418 69 0
3419 69 0
3420 69 0
3421 69 0
3422 69 0
3423 69 0
3424 69 0
3425 69 0
3426 69 0
3427 69 0
3428 69 0
3429 69 0
3430 69 0
3431 69 0
3432 69 0
3433 69 0
3434 69 0
3435 69 0
3436 69 0
3437 69 0
3438 69 0
3439 69 0
3440 69 0
3441 69 0
3442 69 0
3443 69 0
3444 69 0
3445 69 0
3446 69 0
3447 69 0
3448 69 0
3449 69 0
3450 69 0
3451 69 0
3452 69 0
3453 69 0
3454 69 0
3455 69 0
3456 69 0
3457 69 0
3458 69 0
3459 69 0
3460 69 0
3461 69 0
3462 69 0
3463 69 0
3464 69 0
3465 69 0
3466 69 0
3467 69 0
3468 69 0
3469 69 0
3470 69 0
3471 69 0
3472 69 0
3473 69 0
3474 69 0
3475 69 0
3476 69 0
3477 69 0
3478 69 0
3479 69 0
3480 69 0
3481 69 0
3482 69 0
3483 69 0
3484 69 0
3485 69 0
3486 69 0
3487 69 0
3488 69 0
3489 69 0
3490 69 0
3491 69 0
3492 69 0
3493 69 0
3494 69 0
3495 69 0
3496 69 0
3497 69 0
3498 69 0
3499 69 0
3500 69 0
3501 69 0
3502 69 0
3503 69 0
3504 69 0
3505 69 0
3506 69 0
3507 69 0
3508 69 0
3509 69 0
3510 69 0
3511 69 0
3512 69 0
3513 69 0
3514 69 0
3515 69 0
3516 69 0
3517 69 0
3518 69 0
3519 69 0
3520 69 0
3521 69 0
3522 69 0
3523 69 0
3524 69 0
3525 69 0
3526 69 0
3527 69 0
3528 69 0
3529 69 0
3530 69 0
3531 69 0
3532 69 0
3533 69 0
3534 69 0
3535 69 0
3536 69 0
3537 69 0
3538 69 0
3539 69 0
3540 69 0
3541 69 0
3542 69 0
3543 69 0
3544 69 0
3545 69 0
3546 69 0
3547 69 0
3548 69 0
3549 69 0
3550 69 0
3551 69 0
3552 69 0
3553 69 0
3554 69 0
3555 69 0
3556 69 0
3557 69 0
3558 69 0
3559 69 0
3560 69 0
3561 69 0
3562 69 0
3563 69 0
3564 69 0
3565 69 0
3566 69 0
3567 69 0
3568 69 0
3569 69 0
3570 69 0
3571 69 0
3572 69 0
3573 69 0
3574 69 0
3575 69 0
3576 69 0
3577 69 0
3578 69 0
3579 69 0
3580 69 0
3581 69 0
3582 69 0
3583 69 0
3584 69 0
3585 69 0
3586 69 0
3587 69 0
3588 69 0
3589 69 0
3590 69 0
3591 69 0
3592 69 0
3593 69 0
3594 69 0
3595 69 0
3596 69 0
3597 69 0
3598 69 0
3599 69 0
3600 69 0
3601 69 0
3602 69 0
3603 69 0
3604 69 0
3605 69 0
3606 69 0
3607 69 0
3608 69 0
3609 69 0
3610 69 0
3611 69 0
3612 69 0
3613 69 0
3614 69 0
3615 69 0
3616 69 0
3617 69 0
3618 69 0
3619 69 0
3620 69 0
3621 69 0
3622 69 0
3623 69 0
3624 69 0
3625 69 0
3626 69 0
3627 69 0
3628 69 0
3629 69 0
3630 69 0
3631 69 0
3632 69 0
3633 69 0
3634 69 0
3635 69 0
3636 69 0
3637 69 0
3638 69 0
3639 69 0
3640 69 0
3641 69 0
3642 69 0
3643 69 0
3644 69 0
3645 69 0
3646 69 0
3647 69 0
3648 69 0
3649 69 0
3650 69 0
3651 69 0
3652 69 0
3653 69 0
3654 69 0
3655 69 0
3656 69 0
3657 69 0
3658 69 0
3659 69 0
3660 69 0
3661 69 0
3662 69 0
3663 69 0
3664 69 0
3665 69 0
3666 69 0
3667 69 0
3668 69 0
3669 69 0
3670 69 0
3671 69 0
3672 69 0
3673 69 0
3674 69 0
3675 69 0
3676 69 0
3677 69 0
3678 69 0
3679 69 0
3680 69 0
3681 69 0
3682 69 0
3683 69 0
3684 69 0
3685 69 0
3686 69 0
3687 69 0
3688 69 0
3689 69 0
3690 69 0
3691 69 0
3692 69 0
3693 69 0
3694 69 0
3695 69 0
3696 69 0
3697 69 0
3698 69 0
3699 69 0
3700 69 0
3701 69 0
3702 69 0
3703 69 0
3704 69 0
3705 69 0
3706 69 0
3707 69 0
3708 69 0
3709 69 0
3710 69 0
3711 69 0
3712 69 0
3713 69 0
3714 69 0
3715 69 0
3716 69 0
3717 69 0
3718 69 0
3719 69 0
3720 69 0
3721 69 0
3722 69 0
3723 69 0
3724 69 0
3725 69 0
3726 69 0
3727 69 0
3728 69 0
3729 69 0
3730 69 0
3731 69 0
3732 69 0
3733 69 0
3734 69 0
3735 69 0
3736 69 0
3737 69 0
3738 69 0
3739 69 0
3740 69 0
3741 69 0
3742 69 0
3743 69 0
3744 69 0
3745 69 0
3746 69 0
3747 69 0
3748 69 0
3749 69 0
3750 69 0
3751 69 0
3752 69 0
3753 69 0
3754 69 0
3755 69 0
3756 69 0
3757 69 0
3758 69 0
3759 69 0
3760 69 0
3761 69 0
3762 69 0
3763 69 0
3764 69 0
3765 69 0
3766 69 0
3767 69 0
3768 69 0
3769 69 0
3770 69 0
3771 69 0
3772 69 0
3773 69 0
3774 69 0
3775 69 0
3776 69 0
3777 69 0
3778 69 0
3779 69 0
3780 69 0
3781 69 0
3782 69 0
3783 69 0
3784 69 0
3785 69 0
3786 69 0
3787 69 0
3788 69 0
3789 69 0
3790 69 0
3791 69 0
3792 69 0
3793 69 0
3794 69 0
3795 69 0
3796 69 0
3797 69 0
3798 69 0
3799 69 0
3800 69 0
3801 69 0
3802 69 0
3803 69 0
3804 69 0
3805 69 0
3806 69 0
3807 69 0
3808 69 0
3809 69 0
3810 69 0
3811 69 0
3812 69 0
3813 69 0
3814 69 0
3815 69 0
3816 69 0
3817 69 0
3818 69 0
3819 69 0
3820 69 0
3821 69 0
3822 69 0
3823 69 0
3824 69 0
3825 69 0
3826 69 0
3827 69 0
3828 69 0
3829 69 0
3830 69 0
3831 69 0
3832 69 0
3833 69 0
3834 69 0
3835 69 0
3836 69 0
3837 69 0
3838 69 0
3839 69 0
3840 69 0
3841 69 0
3842 69 0
3843 69 0
3844 69 0
3845 69 0
3846 69 0
3847 69 0
3848 69 0
3849 69 0
3850 69 0
3851 69 0
3852 69 0
3853 69 0
3854 69 0
3855 69 0
3856 69 0
3857 69 0
3858 69 0
3859 69 0
3860 69 0
3861 69 0
3862 69 0
3863 69 0
3864 69 0
3865 69 0
3866 69 0
3867 69 0
3868 69 0
3869 69 0
3870 69 0
3871 69 0
3872 69 0
3873 69 0
3874 69 0
3875 69 0
3876 69 0
3877 69 0
3878 69 0
3879 69 0
3880 69 0
3881 69 0
3882 69 0
3883 69 0
3884 69 0
3885 69 0
3886 69 0
3887 69 0
3888 69 0
3889 69 0
3890 69 0
3891 69 0
3892 69 0
3893 69 0
3894 69 0
3895 69 0
3896 69 0
3897 69 0
3898 69 0
3899 69 0
3900 69 0
3901 69 0
3902 69 0
3903 69 0
3904 69 0
3905 69 0
3906 69 0
3907 69 0
3908 69 0
3909 69 0
3910 69 0
3911 69 0
3912 69 0
3913 69 0
3914 69 0
3915 69 0
3916 69 0
3917 69 0
3918 69 0
3919 69 0
3920 69 0
3921 69 0
3922 69 0
3923 69 0
3924 69 0
3925 69 0
3926 69 0
3927 69 0
3928 69 0
3929 69 0
3930 69 0
3931 69 0
3932 69 0
3933 69 0
3934 69 0
3935 69 0
3936 69 0
3937 69 0
3938 69 0
3939 69 0
3940 69 0
3941 69 0
3942 69 0
3943 69 0
3944 69 0
3945 69 0
3946 69 0
3947 69 0
3948 69 0
3949 69 0
3950 69 0
3951 69 0
3952 69 0
3953 69 0
3954 69 0
3955 69 0
3956 69 0
3957 69 0
3958 69 0
3959 69 0
3960 69 0
3961 69 0
3962 69 0
3963 69 0
3964 69 0
3965 69 0
3966 69 0
3967 69 0
3968 69 0
3969 69 0
3970 69 0
3971 69 0
3972 69 0
3973 70 0
3974 69 0
3975 69 0
3976 70 0
3977 69 0
3978 70 0
3979 69 0
3980 69 0
3981 70 0
3982 70 0
3983 70 0
3984 70 0
3985 70 0
3986 70 0
3987 70 0
3988 69 0
3989 69 0
3990 69 0
3991 70 0
3992 70 0
3993 70 0
3994 70 0
3995 70 0
3996 70 0
3997 70 0
3998 70 0
3999 70 0
4000 70 0
4001 70 0
4002 70 0
4003 70 0
4004 70 0
4005 70 0
4006 70 0
4007 70 0
4008 70 0
4009 70 0
4010 70 0
4011 70 0
4012 70 0
4013 70 0
4014 70 0
4015 70 0
4016 70 0
4017 70 0
4018 70 0
4019 70 0
4020 70 0
4021 70 0
4022 70 0
4023 70 0
4024 70 0
4025 70 0
4026 70 0
4027 70 0
4028 70 0
4029 70 0
4030 70 0
4031 70 0
4032 70 0
4033 70 0
4034 70 0
4035 70 0
4036 70 0
4037 70 0
4038 70 0
4039 70 0
4040 70 0
4041 70 0
4042 70 0
4043 70 0
4044 70 0
4045 70 0
4046 70 0
4047 70 0
4048 71 0
4049 70 0
4050 70 0
4051 70 0
4052 70 0
4053 70 0
4054 70 0
4055 70 0
4056 70 0
4057 70 0
4058 70 0
4059 70 0
4060 70 0
4061 70 0
4062 71 0
4063 70 0
4064 70 0
4065 70 0
4066 70 0
4067 70 0
4068 71 0
4069 71 0
4070 71 0
4071 70 0
4072 70 0
4073 71 0
4074 71 0
4075 71 0
4076 71 0
4077 71 0
4078 71 0
4079 71 0
4080 71 0
4081 70 0
4082 71 0
4083 71 0
4084 71 0
4085 71 0
4086 71 0
4087 71 0
4088 70 0
4089 70 0
4090 70 0
4091 70 0
4092 71 0
4093 71 0
4094 71 0
4095 71 0
4096 71 0
4097 71 0
4098 71 0
4099 71 0
4100 71 0
4101 71 0
4102 71 0
4103 71 0
4104 71 0
4105 71 0
4106 71 0
4107 71 0
4108 71 0
4109 71 0
4110 71 0
4111 71 0
4112 71 0
4113 71 0
4114 71 0
4115 71 0
4116 71 0
4117 71 0
4118 71 0
4119 71 0
4120 71 0
4121 71 0
4122 71 0
4123 71 0
4124 71 0
4125 71 0
4126 71 0
4127 71 0
4128 71 0
4129 71 0
4130 71 0
4131 71 0
4132 71 0
4133 71 0
4134 71 0
4135 71 0
4136 71 0
4137 71 0
4138 71 0
4139 70 0
4140 71 0
4141 71 0
4142 71 0
4143 71 0
4144 71 0
4145 71 0
4146 71 0
4147 71 0
4148 71 0
4149 71 0
4150 71 0
4151 71 0
4152 71 0
4153 70 0
4154 71 0
4155 71 0
4156 71 0
4157 71 0
4158 71 0
4159 71 0
4160 71 0
4161 71 0
4162 71 0
4163 71 0
4164 71 0
4165 71 0
4166 71 0
4167 71 0
4168 71 0
4169 71 0
4170 71 0
4171 71 0
4172 71 0
4173 71 0
4174 71 0
4175 71 0
4176 71 0
4177 71 0
4178 71 0
4179 71 0
4180 71 0
4181 71 0
4182 71 0
4183 71 0
4184 71 0
4185 71 0
4186 71 0
4187 71 0
4188 71 0
4189 71 0
4190 71 0
4191 71 0
4192 71 0
4193 71 0
4194 71 0
4195 71 0
4196 71 0
4197 71 0
4198 71 0
4199 71 0
4200 71 0
4201 71 0
4202 71 0
4203 71 0
4204 71 0
4205 71 0
4206 71 0
4207 71 0
4208 71 0
4209 71 0
4210 71 0
4211 71 0
4212 71 0
4213 71 0
4214 71 0
4215 71 0
4216 71 0
4217 71 0
4218 71 0
4219 71 0
4220 71 0
4221 71 0
4222 71 0
4223 71 0
4224 71 0
4225 71 0
4226 71 0
4227 71 0
4228 71 0
4229 71 0
4230 71 0
4231 71 0
4232 71 0
4233 71 0
4234 71 0
4235 71 0
4236 71 0
4237 71 0
4238 71 0
4239 71 0
4240 71 0
4241 71 0
4242 71 0
4243 71 0
4244 71 0
4245 71 0
4246 71 0
4247 71 0
4248 71 0
4249 71 0
4250 71 0
4251 71 0
4252 71 0
4253 71 0
4254 71 0
4255 71 0
4256 71 0
4257 71 0
4258 71 0
4259 71 0
4260 71 0
4261 71 0
4262 71 0
4263 71 0
4264 71 0
4265 71 0
4266 71 0
4267 71 0
4268 71 0
4269 71 0
4270 71 0
4271 71 0
4272 71 0
4273 71 0
4274 71 0
4275 71 0
4276 71 0
4277 71 0
4278 71 0
4279 71 0
4280 71 0
4281 71 0
4282 71 0
4283 71 0
4284 71 0
4285 71 0
4286 71 0
4287 71 0
4288 71 0
4289 71 0
4290 71 0
4291 71 0
4292 71 0
4293 71 0
4294 71 0
4295 71 0
4296 71 0
4297 71 0
4298 71 0
4299 71 0
4300 71 0
4301 71 0
4302 71 0
4303 71 0
4304 71 0
4305 71 0
4306 71 0
4307 71 0
4308 71 0
4309 71 0
4310 71 0
4311 71 0
4312 71 0
4313 71 0
4314 71 0
4315 71 0
4316 71 0
4317 71 0
4318 71 0
4319 71 0
4320 71 0
4321 71 0
4322 71 0
4323 71 0
4324 71 0
4325 71 0
4326 71 0
4327 71 0
4328 71 0
4329 71 0
4330 71 0
4331 71 0
4332 71 0
4333 71 0
4334 71 0
4335 71 0
4336 71 0
4337 71 0
4338 71 0
4339 71 0
4340 71 0
4341 71 0
4342 71 0
4343 71 0
4344 71 0
4345 71 0
4346 71 0
4347 71 0
4348 71 0
4349 71 0
4350 71 0
4351 71 0
4352 71 0
4353 71 0
4354 71 0
4355 71 0
4356 71 0
4357 71 0
4358 71 0
4359 71 0
4360 71 0
4361 71 0
4362 71 0
4363 71 0
4364 71 0
4365 71 0
4366 71 0
4367 71 0
4368 71 0
4369 71 0
4370 71 0
4371 71 0
4372 71 0
4373 71 0
4374 71 0
4375 71 0
4376 71 0
4377 71 0
4378 71 0
4379 71 0
4380 71 0
4381 71 0
4382 71 0
4383 71 0
4384 71 0
4385 71 0
4386 71 0
4387 71 0
4388 71 0
4389 71 0
4390 71 0
4391 71 0
4392 71 0
4393 71 0
4394 71 0
4395 71 0
4396 71 0
4397 71 0
4398 71 0
4399 71 0
4400 71 0
4401 71 0
4402 71 0
4403 71 0
4404 71 0
4405 71 0
4406 71 0
4407 71 0
4408 71 0
4409 71 0
4410 71 0
4411 71 0
4412 71 0
4413 71 0
4414 71 0
4415 71 0
4416 71 0
4417 71 0
4418 71 0
4419 71 0
4420 71 0
4421 71 0
4422 71 0
4423 71 0
4424 71 0
4425 71 0
4426 71 0
4427 71 0
4428 71 0
4429 71 0
4430 71 0
4431 71 0
4432 71 0
4433 71 0
4434 71 0
4435 71 0
4436 71 0
4437 71 0
4438 71 0
4439 71 0
4440 71 0
4441 71 0
4442 71 0
4443 71 0
4444 71 0
4445 71 0
4446 71 0
4447 71 0
4448 71 0
4449 71 0
4450 71 0
4451 71 0
4452 71 0
4453 71 0
4454 71 0
4455 71 0
4456 71 0
4457 71 0
4458 71 0
4459 71 0
4460 71 0
4461 71 0
4462 71 0
4463 71 0
4464 71 0
4465 71 0
4466 71 0
4467 71 0
4468 71 0
4469 71 0
4470 71 0
4471 71 0
4472 71 0
4473 71 0
4474 71 0
4475 71 0
4476 71 0
4477 71 0
4478 71 0
4479 71 0
4480 71 0
4481 71 0
4482 71 0
4483 71 0
4484 71 0
4485 71 0
4486 71 0
4487 71 0
4488 71 0
4489 71 0
4490 71 0
4491 71 0
4492 71 0
4493 71 0
4494 71 0
4495 71 0
4496 71 0
4497 71 0
4498 71 0
4499 71 0
4500 71 0
4501 71 0
4502 71 0
4503 71 0
4504 71 0
4505 71 0
4506 71 0
4507 71 0
4508 71 0
4509 71 0
4510 71 0
4511 71 0
4512 71 0
4513 71 0
4514 71 0
4515 71 0
4516 71 0
4517 71 0
4518 71 0
4519 71 0
4520 71 0
4521 71 0
4522 71 0
4523 71 0
4524 71 0
4525 71 0
4526 71 0
4527 71 0
4528 71 0
4529 71 0
4530 71 0
4531 71 0
4532 71 0
4533 71 0
4534 71 0
4535 71 0
4536 71 0
4537 71 0
4538 71 0
4539 71 0
4540 71 0
4541 71 0
4542 71 0
4543 71 0
4544 71 0
4545 71 0
4546 71 0
4547 71 0
4548 71 0
4549 71 0
4550 71 0
4551 71 0
4552 71 0
4553 71 0
4554 71 0
4555 71 0
4556 71 0
4557 71 0
4558 71 0
4559 71 0
4560 71 0
4561 71 0
4562 71 0
4563 71 0
4564 71 0
4565 71 0
4566 71 0
4567 71 0
4568 71 0
4569 71 0
4570 71 0
4571 71 0
4572 71 0
4573 71 0
4574 71 0
4575 71 0
4576 71 0
4577 71 0
4578 71 0
4579 71 0
4580 71 0
4581 71 0
4582 71 0
4583 71 0
4584 71 0
4585 71 0
4586 71 0
4587 71 0
4588 71 0
4589 71 0
4590 71 0
4591 71 0
4592 71 0
4593 71 0
4594 71 0
4595 71 0
4596 71 0
4597 71 0
4598 71 0
4599 71 0
4600 71 0
4601 71 0
4602 71 0
4603 71 0
4604 71 0
4605 71 0
4606 71 0
4607 71 0
4608 71 0
4609 71 0
4610 71 0
4611 71 0
4612 71 0
4613 71 0
4614 71 0
4615 71 0
4616 71 0
4617 71 0
4618 71 0
4619 71 0
4620 71 0
4621 71 0
4622 71 0
4623 71 0
4624 71 0
4625 71 0
4626 71 0
4627 71 0
4628 71 0
4629 71 0
4630 71 0
4631 71 0
4632 71 0
4633 71 0
4634 71 0
4635 71 0
4636 71 0
4637 71 0
4638 71 0
4639 71 0
4640 71 0
4641 71 0
4642 71 0
4643 71 0
4644 71 0
4645 71 0
4646 71 0
4647 71 0
4648 71 0
4649 71 0
4650 71 0
4651 71 0
4652 71 0
4653 71 0
4654 71 0
4655 71 0
4656 71 0
4657 71 0
4658 71 0
4659 71 0
4660 71 0
4661 71 0
4662 71 0
4663 71 0
4664 71 0
4665 71 0
4666 71 0
4667 71 0
4668 71 0
4669 71 0
4670 71 0
4671 71 0
4672 71 0
4673 71 0
4674 71 0
4675 71 0
4676 71 0
4677 71 0
4678 71 0
4679 71 0
4680 71 0
4681 71 0
4682 71 0
4683 71 0
4684 71 0
4685 71 0
4686 71 0
4687 71 0
4688 71 0
4689 71 0
4690 71 0
4691 71 0
4692 71 0
4693 71 0
4694 71 0
4695 71 0
4696 71 0
4697 71 0
4698 71 0
4699 71 0
4700 71 0
4701 71 0
4702 71 0
4703 71 0
4704 71 0
4705 71 0
4706 71 0
4707 71 0
4708 71 0
4709 71 0
4710 71 0
4711 71 0
4712 71 0
4713 71 0
4714 71 0
4715 71 0
4716 71 0
4717 71 0
4718 71 0
4719 71 0
4720 71 0
4721 71 0
4722 71 0
4723 71 0
4724 71 0
4725 71 0
4726 71 0
4727 71 0
4728 71 0
4729 71 0
4730 71 0
4731 71 0
4732 71 0
4733 71 0
4734 71 0
4735 71 0
4736 71 0
4737 71 0
4738 71 0
4739 71 0
4740 71 0
4741 71 0
4742 71 0
4743 71 0
4744 71 0
4745 71 0
4746 71 0
4747 71 0
4748 71 0
4749 71 0
4750 71 0
4751 71 0
4752 71 0
4753 71 0
4754 71 0
4755 71 0
4756 71 0
4757 71 0
4758 71 0
4759 71 0
4760 71 0
4761 71 0
4762 71 0
4763 71 0
4764 71 0
4765 71 0
4766 71 0
4767 71 0
4768 71 0
4769 71 0
4770 71 0
4771 71 0
4772 71 0
4773 71 0
4774 71 0
4775 71 0
4776 71 0
4777 71 0
4778 71 0
4779 71 0
4780 71 0
4781 71 0
4782 71 0
4783 71 0
4784 71 0
4785 71 0
4786 71 0
4787 71 0
4788 71 0
4789 71 0
4790 71 0
4791 71 0
4792 71 0
4793 71 0
4794 71 0
4795 71 0
4796 71 0
4797 71 0
4798 71 0
4799 71 0
4800 70 0
4801 70 0
4802 70 0
4803 70 0
4804 70 0
4805 70 0
4806 70 0
4807 70 0
4808 70 0
4809 70 0
4810 70 0
4811 70 0
4812 70 0
4813 70 0
4814 70 0
4815 70 0
4816 70 0
4817 70 0
4818 70 0
4819 70 0
4820 70 0
4821 70 0
4822 70 0
4823 70 0
4824 70 0
4825 70 0
4826 70 0
4827 70 0
4828 70 0
4829 70 0
4830 70 0
4831 70 0
4832 70 0
4833 70 0
4834 70 0
4835 70 0
4836 70 0
4837 70 0
4838 70 0
4839 70 0
4840 70 0
4841 70 0
4842 70 0
4843 70 0
4844 70 0
4845 70 0
4846 70 0
4847 70 0
4848 70 0
4849 70 0
4850 70 0
4851 70 0
4852 70 0
4853 70 0
4854 70 0
4855 70 0
4856 70 0
4857 70 0
4858 70 0
4859 70 0
4860 70 0
4861 70 0
4862 70 0
4863 70 0
4864 70 0
4865 70 0
4866 70 0
4867 70 0
4868 70 0
4869 70 0
4870 70 0
4871 70 0
4872 70 0
4873 70 0
4874 70 0
4875 70 0
4876 70 0
4877 70 0
4878 70 0
4879 70 0
4880 70 0
4881 70 0
4882 70 0
4883 70 0
4884 70 0
4885 70 0
4886 70 0
4887 70 0
4888 70 0
4889 70 0
4890 70 0
4891 70 0
4892 70 0
4893 70 0
4894 70 0
4895 70 0
4896 70 0
4897 70 0
4898 70 0
4899 70 0
4900 70 0
4901 70 0
4902 70 0
4903 70 0
4904 70 0
4905 70 0
4906 70 0
4907 70 0
4908 70 0
4909 70 0
4910 70 0
4911 70 0
4912 70 0
4913 70 0
4914 70 0
4915 70 0
4916 70 0
4917 70 0
4918 70 0
4919 70 0
4920 70 0
4921 70 0
4922 70 0
4923 70 0
4924 70 0
4925 70 0
4926 70 0
4927 70 0
4928 70 0
4929 70 0
4930 70 0
4931 70 0
4932 70 0
4933 70 0
4934 70 0
4935 70 0
4936 70 0
4937 70 0
4938 70 0
4939 70 0
4940 70 0
4941 70 0
4942 70 0
4943 70 0
4944 70 0
4945 70 0
4946 70 0
4947 70 0
4948 70 0
4949 70 0
4950 70 0
4951 70 0
4952 70 0
4953 70 0
4954 70 0
4955 70 0
4956 70 0
4957 70 0
4958 70 0
4959 70 0
4960 70 0
4961 70 0
4962 70 0
4963 70 0
4964 70 0
4965 70 0
4966 70 0
4967 70 0
4968 70 0
4969 70 0
4970 70 0
4971 70 0
4972 70 0
4973 70 0
4974 70 0
4975 70 0
4976 70 0
4977 70 0
4978 70 0
4979 70 0
4980 70 0
4981 70 0
4982 70 0
4983 70 0
4984 70 0
4985 70 0
4986 70 0
4987 70 0
4988 70 0
4989 70 0
4990 70 0
4991 70 0
4992 70 0
4993 70 0
4994 70 0
4995 70 0
4996 70 0
4997 70 0
4998 70 0
4999 70 0
5000 70 0
