1 0.5000015 
2 0.5 
3 0.4999996 
4 0.4999996 
5 0.4949835 
6 0.4999999 
7 0.4999891 
8 0.4999462 
9 0.5 
10 0.5 
11 0.5 
12 0.4999998 
13 0.4999781 
14 0.4933974 
15 0.4999849 
16 0.4999648 
17 0.4998716 
18 0.5 
19 0.4999998 
20 0.4999995 
21 0.4999167 
22 0.4999999 
23 0.4999997 
24 0.4999997 
25 0.4999994 
26 0.4982018 
27 0.5 
28 0.4999987 
29 0.4999987 
30 0.4999987 
31 0.4999974 
32 0.4999974 
33 0.4999933 
34 0.4999931 
35 0.4999915 
36 0.4972056 
37 0.5 
38 0.499997 
39 0.499945 
40 0.5 
41 0.4999998 
42 0.4999998 
43 0.4999998 
44 0.4999996 
45 0.4999996 
46 0.4999996 
47 0.4999996 
48 0.4999994 
49 0.4999994 
50 0.499998 
51 0.4995519 
52 0.4999996 
53 0.4999995 
54 0.4999995 
55 0.4999995 
56 0.4999995 
57 0.4999861 
58 0.4999859 
59 0.4997245 
60 0.4999999 
61 0.4999998 
62 0.4999998 
63 0.4999997 
64 0.4999997 
65 0.4999997 
66 0.4999997 
67 0.4999997 
68 0.4999997 
69 0.4998258 
70 0.4999998 
71 0.4999847 
72 0.4999846 
73 0.4999846 
74 0.4999844 
75 0.4999844 
76 0.4999844 
77 0.498423 
78 0.4999994 
79 0.4999994 
80 0.4999977 
81 0.4999976 
82 0.4999976 
83 0.4999971 
84 0.499997 
85 0.499997 
86 0.4999784 
87 0.4999782 
88 0.4996947 
89 0.5 
90 0.4999999 
91 0.4999999 
92 0.4999999 
93 0.4999998 
94 0.4999998 
95 0.4999998 
96 0.4999997 
97 0.4999918 
98 0.4999918 
99 0.4987323 
100 0.5 
101 0.4999999 
102 0.4999999 
103 0.4999995 
104 0.4999995 
105 0.4999918 
106 0.4999911 
107 0.4999911 
108 0.4999911 
109 0.4999901 
110 0.4999899 
111 0.4999767 
112 0.4996022 
113 0.4999397 
114 0.5 
115 0.4999997 
116 0.4999997 
117 0.4999997 
118 0.4999997 
119 0.4999997 
120 0.4999997 
121 0.4999996 
122 0.4999996 
123 0.4999993 
124 0.4999993 
125 0.4999864 
126 0.4999723 
127 0.4977531 
128 0.4999997 
129 0.4999965 
130 0.4999944 
131 0.4999944 
132 0.4999931 
133 0.4999914 
134 0.4999913 
135 0.499991 
136 0.4999904 
137 0.4999898 
138 0.4999879 
139 0.4998118 
140 0.5 
141 0.5 
142 0.4999997 
143 0.4999997 
144 0.4999997 
145 0.4999997 
146 0.4999997 
147 0.4999996 
148 0.4999996 
149 0.4999996 
150 0.4999995 
151 0.4999995 
152 0.4999014 
153 0.5 
154 0.4999999 
155 0.4999999 
156 0.4999997 
157 0.4999997 
158 0.4999997 
159 0.4999996 
160 0.4999977 
161 0.4999977 
162 0.4999977 
163 0.4999976 
164 0.4999975 
165 0.4999975 
166 0.4999973 
167 0.497453 
168 0.4999948 
169 0.4999946 
170 0.4999943 
171 0.4999934 
172 0.4999882 
173 0.4999879 
174 0.4999709 
175 0.4999706 
176 0.4999664 
177 0.499966 
178 0.4995016 
179 0.5 
180 0.5 
181 0.4999997 
182 0.4999996 
183 0.4999996 
184 0.4999993 
185 0.4999993 
186 0.4999993 
187 0.4999993 
188 0.4999993 
189 0.4999993 
190 0.4999991 
191 0.4999909 
192 0.4999283 
193 0.4999998 
194 0.4999998 
195 0.4999998 
196 0.4999997 
197 0.4999997 
198 0.4999997 
199 0.4999997 
200 0.4999997 
201 0.4999997 
202 0.4999997 
203 0.499997 
204 0.499997 
205 0.4998828 
206 0.4999999 
207 0.4999999 
208 0.4999999 
209 0.4999873 
210 0.4999873 
211 0.4999873 
212 0.4999872 
213 0.4999871 
214 0.4999871 
215 0.4999871 
216 0.4999871 
217 0.4999327 
218 0.5 
219 0.4999998 
220 0.4999998 
221 0.4999998 
222 0.4999998 
223 0.4999998 
224 0.4999998 
225 0.4999998 
226 0.4999998 
227 0.4999998 
228 0.4999981 
229 0.499998 
230 0.499998 
231 0.4999698 
232 0.4988126 
233 0.4999999 
234 0.4999998 
235 0.4997571 
236 0.5 
237 0.4999997 
238 0.4998861 
239 0.5 
240 0.4999997 
241 0.4999997 
242 0.4999997 
243 0.4999997 
244 0.4999996 
245 0.4999995 
246 0.4999995 
247 0.4999995 
248 0.4999955 
249 0.4999955 
250 0.4999953 
251 0.4999953 
252 0.4999557 
253 0.4999556 
254 0.4999556 
255 0.4999556 
256 0.4998615 
257 0.4999674 
258 0.4999674 
259 0.4999672 
260 0.4999672 
261 0.4999672 
262 0.499967 
263 0.4971846 
264 0.4993542 
265 0.4999997 
266 0.4998652 
267 0.4999997 
268 0.4999994 
269 0.4999994 
270 0.4999994 
271 0.4999992 
272 0.4999992 
273 0.4999657 
274 0.4999656 
275 0.4999654 
276 0.4999304 
277 0.4999778 
278 0.4999777 
279 0.4999777 
280 0.4999776 
281 0.4999776 
282 0.4999765 
283 0.4999759 
284 0.4999754 
285 0.4999739 
286 0.4999731 
287 0.4999731 
288 0.4999716 
289 0.4999715 
290 0.4997887 
291 0.4999642 
292 0.4999642 
293 0.4999638 
294 0.4999637 
295 0.4999637 
296 0.4999632 
297 0.4992871 
298 0.4997352 
299 0.4999411 
300 0.4999698 
301 0.4999695 
302 0.4999693 
303 0.4999693 
304 0.499969 
305 0.4999689 
306 0.4999689 
307 0.4999689 
308 0.4999689 
309 0.4999689 
310 0.4999689 
311 0.4999684 
312 0.4999683 
313 0.4999674 
314 0.4999673 
315 0.4997706 
316 0.5 
317 0.4999998 
318 0.4999987 
319 0.4999986 
320 0.4999986 
321 0.4999911 
322 0.499991 
323 0.4999909 
324 0.4999909 
325 0.4999909 
326 0.4999909 
327 0.4999909 
328 0.4999909 
329 0.4999604 
330 0.4999586 
331 0.4997354 
332 0.5 
333 0.4999998 
334 0.4999998 
335 0.4999998 
336 0.4999997 
337 0.4999996 
338 0.4999996 
339 0.4999996 
340 0.4999995 
341 0.4999995 
342 0.4999995 
343 0.4999995 
344 0.4999995 
345 0.4999995 
346 0.4999995 
347 0.4999995 
348 0.4999995 
349 0.4999995 
350 0.4999994 
351 0.4999994 
352 0.4999994 
353 0.4999994 
354 0.4999994 
355 0.4999994 
356 0.4999994 
357 0.4999994 
358 0.4999994 
359 0.4999994 
360 0.4999994 
361 0.4999994 
362 0.4999994 
363 0.4999994 
364 0.4999994 
365 0.4999993 
366 0.4999993 
367 0.4999977 
368 0.4999958 
369 0.4999958 
370 0.4999958 
371 0.4999331 
372 0.5 
373 0.4999999 
374 0.4999963 
375 0.4999963 
376 0.4999963 
377 0.4999963 
378 0.4999963 
379 0.4999963 
380 0.4999963 
381 0.4999963 
382 0.4999963 
383 0.4999963 
384 0.4999963 
385 0.4999962 
386 0.4997918 
387 0.4999999 
388 0.4999998 
389 0.4999998 
390 0.499997 
391 0.4999939 
392 0.4999939 
393 0.4999939 
394 0.4999939 
395 0.4999938 
396 0.4999938 
397 0.4999938 
398 0.4999938 
399 0.4999938 
400 0.4999938 
401 0.4999936 
402 0.4999936 
403 0.4999936 
404 0.4999936 
405 0.4999936 
406 0.4999936 
407 0.4999936 
408 0.4999935 
409 0.4999816 
410 0.4999816 
411 0.4999806 
412 0.4998363 
413 0.5 
414 0.4999996 
415 0.4999996 
416 0.4999996 
417 0.4999951 
418 0.4999951 
419 0.4999951 
420 0.499995 
421 0.499995 
422 0.4999949 
423 0.4999949 
424 0.4999949 
425 0.4999949 
426 0.4999949 
427 0.4999949 
428 0.4999949 
429 0.4999949 
430 0.4999949 
431 0.4999949 
432 0.4999949 
433 0.4997954 
434 0.4999733 
435 0.4999733 
436 0.4999733 
437 0.4999733 
438 0.4999732 
439 0.4999732 
440 0.4999732 
441 0.4999732 
442 0.4999732 
443 0.4999668 
444 0.4999666 
445 0.499877 
446 0.4999999 
447 0.4999998 
448 0.4999998 
449 0.4999979 
450 0.4999939 
451 0.4999938 
452 0.4999938 
453 0.4999938 
454 0.4999938 
455 0.4999938 
456 0.4999938 
457 0.4999938 
458 0.4999938 
459 0.4999938 
460 0.4999938 
461 0.4999938 
462 0.4999938 
463 0.4999938 
464 0.4999938 
465 0.4999426 
466 0.5 
467 0.4999998 
468 0.4999998 
469 0.4999998 
470 0.4999996 
471 0.4999931 
472 0.4999931 
473 0.4999931 
474 0.4999931 
475 0.4999931 
476 0.4999931 
477 0.499993 
478 0.499993 
479 0.4999514 
480 0.4999291 
481 0.4999675 
482 0.4999675 
483 0.4999674 
484 0.4999674 
485 0.4999674 
486 0.4999674 
487 0.499956 
488 0.4999556 
489 0.499954 
490 0.4998951 
491 0.4999999 
492 0.4999999 
493 0.4999998 
494 0.4999998 
495 0.4999998 
496 0.4999976 
497 0.4999975 
498 0.4999975 
499 0.4999975 
500 0.4999975 
501 0.4999975 
502 0.4999975 
503 0.4999975 
504 0.4999975 
505 0.4999975 
506 0.4999975 
507 0.4999975 
508 0.4999975 
509 0.4999975 
510 0.4999975 
511 0.4999975 
512 0.4999975 
513 0.4999975 
514 0.4999975 
515 0.4999975 
516 0.4999975 
517 0.4999974 
518 0.4999857 
519 0.4999557 
520 0.4999427 
521 0.5 
522 0.4999997 
523 0.4999997 
524 0.4999987 
525 0.4999977 
526 0.4999977 
527 0.4999977 
528 0.4999977 
529 0.4999977 
530 0.4999977 
531 0.4999977 
532 0.4999977 
533 0.4999977 
534 0.4999977 
535 0.4999977 
536 0.4999977 
537 0.4999977 
538 0.4999977 
539 0.4999977 
540 0.4999977 
541 0.4999976 
542 0.4999841 
543 0.499975 
544 0.4999669 
545 0.499942 
546 0.5 
547 0.4999897 
548 0.4999896 
549 0.4999896 
550 0.4999896 
551 0.4999896 
552 0.4999896 
553 0.4999896 
554 0.4999824 
555 0.4999772 
556 0.4999636 
557 0.4999636 
558 0.4999636 
559 0.4999596 
560 0.4999538 
561 0.4999501 
562 0.4999465 
563 0.5 
564 0.5 
565 0.5 
566 0.5 
567 0.4999992 
568 0.4999992 
569 0.4999992 
570 0.4999992 
571 0.4999992 
572 0.4999991 
573 0.4999991 
574 0.4999991 
575 0.4999991 
576 0.4999991 
577 0.4999991 
578 0.4999991 
579 0.4999991 
580 0.4999991 
581 0.4999991 
582 0.4999991 
583 0.4999991 
584 0.4999991 
585 0.4999991 
586 0.4999991 
587 0.4999991 
588 0.4999991 
589 0.4999991 
590 0.4999991 
591 0.4999991 
592 0.4999967 
593 0.4999931 
594 0.4999911 
595 0.4999911 
596 0.4999872 
597 0.4999867 
598 0.4999864 
599 0.4999864 
600 0.4999842 
601 0.4999842 
602 0.4999814 
603 0.4999814 
604 0.4999814 
605 0.4999814 
606 0.4999813 
607 0.4999785 
608 0.4999759 
609 0.4999731 
610 0.4999711 
611 0.4999624 
612 0.4999623 
613 0.4999596 
614 0.499957 
615 0.4999549 
616 0.4999515 
617 0.4999496 
618 0.4999934 
619 0.4999934 
620 0.4999934 
621 0.4999933 
622 0.4999933 
623 0.4999933 
624 0.4999933 
625 0.4999933 
626 0.4999933 
627 0.4999933 
628 0.4999933 
629 0.4999763 
630 0.4999763 
631 0.4999763 
632 0.4999763 
633 0.4999749 
634 0.4999735 
635 0.4999714 
636 0.4999698 
637 0.4999696 
638 0.4999706 
639 0.4999628 
640 0.4999615 
641 0.4999602 
642 0.4999591 
643 0.4999576 
644 0.4999564 
645 0.4999525 
646 0.4999508 
647 0.4999498 
648 0.5 
649 0.5 
650 0.5 
651 0.4999999 
652 0.4999999 
653 0.4999999 
654 0.4999997 
655 0.4999997 
656 0.4999997 
657 0.4999997 
658 0.4999989 
659 0.4999989 
660 0.4999989 
661 0.4999989 
662 0.4999989 
663 0.4999989 
664 0.4999989 
665 0.4999989 
666 0.4999989 
667 0.4999989 
668 0.4999989 
669 0.4999989 
670 0.4999989 
671 0.4999989 
672 0.4999989 
673 0.4999989 
674 0.4999987 
675 0.4999987 
676 0.4999987 
677 0.4999987 
678 0.4999987 
679 0.4999969 
680 0.499996 
681 0.499992 
682 0.499992 
683 0.4999911 
684 0.4999904 
685 0.4999872 
686 0.4999871 
687 0.499985 
688 0.4999838 
689 0.4999814 
690 0.4999798 
691 0.4999783 
692 0.499977 
693 0.4999758 
694 0.4999746 
695 0.4999736 
696 0.4999723 
697 0.4999715 
698 0.4999703 
699 0.4999696 
700 0.499969 
701 0.4999662 
702 0.4999656 
703 0.499965 
704 0.4999627 
705 0.4999621 
706 0.4999614 
707 0.4999607 
708 0.4999599 
709 0.4999593 
710 0.4999578 
711 0.4999573 
712 0.4999566 
713 0.4999559 
714 0.4999553 
715 0.4999542 
716 0.4999538 
717 0.4999513 
718 0.4999507 
719 0.4999502 
720 0.4999483 
721 0.4999664 
722 0.4999664 
723 0.4999664 
724 0.4999664 
725 0.4999659 
726 0.4999653 
727 0.4999647 
728 0.499964 
729 0.4999635 
730 0.4999626 
731 0.4999622 
732 0.4999587 
733 0.4999581 
734 0.4999577 
735 0.4999561 
736 0.4999556 
737 0.4999553 
738 0.4999527 
739 0.4999527 
740 0.4999522 
741 0.4999503 
742 0.4999496 
743 0.5 
744 0.5 
745 0.4999977 
746 0.4999977 
747 0.4999977 
748 0.4999977 
749 0.4999977 
750 0.4999977 
751 0.4999977 
752 0.4999977 
753 0.4999977 
754 0.4999977 
755 0.4999977 
756 0.4999977 
757 0.4999977 
758 0.4999977 
759 0.4999976 
760 0.4999976 
761 0.4999976 
762 0.4999976 
763 0.4999976 
764 0.4999976 
765 0.4999976 
766 0.4999976 
767 0.4999976 
768 0.4999976 
769 0.4999973 
770 0.4999965 
771 0.4999965 
772 0.4999961 
773 0.499993 
774 0.499993 
775 0.499993 
776 0.499993 
777 0.4999924 
778 0.4999921 
779 0.4999918 
780 0.4999921 
781 0.4999921 
782 0.4999921 
783 0.4999917 
784 0.4999913 
785 0.4999909 
786 0.49999 
787 0.49999 
788 0.4999896 
789 0.4999892 
790 0.4999888 
791 0.4999886 
792 0.4999878 
793 0.4999876 
794 0.4999868 
795 0.4999866 
796 0.499986 
797 0.4999857 
798 0.4999842 
799 0.4999842 
800 0.4999839 
801 0.4999837 
802 0.4999824 
803 0.4999824 
804 0.4999822 
805 0.4999819 
806 0.4999801 
807 0.4999801 
808 0.4999786 
809 0.4999781 
810 0.4999775 
811 0.4999773 
812 0.4999761 
813 0.4999759 
814 0.4999756 
815 0.4999744 
816 0.4999741 
817 0.4999738 
818 0.4999731 
819 0.499973 
820 0.4999724 
821 0.4999722 
822 0.4999717 
823 0.4999715 
824 0.4999688 
825 0.4999688 
826 0.499968 
827 0.4999676 
828 0.4999674 
829 0.499967 
830 0.4999668 
831 0.4999664 
832 0.4999662 
833 0.4999656 
834 0.4999654 
835 0.4999651 
836 0.4999649 
837 0.4999651 
838 0.4999651 
839 0.4999645 
840 0.4999643 
841 0.4999641 
842 0.4999636 
843 0.4999634 
844 0.4999631 
845 0.4999629 
846 0.4999617 
847 0.4999617 
848 0.4999614 
849 0.4999613 
850 0.4999648 
851 0.4999648 
852 0.4999648 
853 0.4999632 
854 0.4999625 
855 0.4999622 
856 0.499962 
857 0.4999618 
858 0.4999616 
859 0.4999613 
860 0.4999612 
861 0.4999609 
862 0.4999609 
863 0.4999608 
864 0.4999595 
865 0.499959 
866 0.4999588 
867 0.4999586 
868 0.4999582 
869 0.4999581 
870 0.4999573 
871 0.4999571 
872 0.4999569 
873 0.4999559 
874 0.4999556 
875 0.4999555 
876 0.4999553 
877 0.4999551 
878 0.4999549 
879 0.4999547 
880 0.4999546 
881 0.4999542 
882 0.4999541 
883 0.4999536 
884 0.4999534 
885 0.4999533 
886 0.4999528 
887 0.4999527 
888 0.4999525 
889 0.4999523 
890 0.4999521 
891 0.4999518 
892 0.4999517 
893 0.499951 
894 0.4999508 
895 0.4999507 
896 0.4999526 
897 0.4999526 
898 0.4999524 
899 0.4999522 
900 0.4999519 
901 0.4999517 
902 0.4999514 
903 0.4999513 
904 0.4999503 
905 0.4999501 
906 0.49995 
907 0.5 
908 0.5 
909 0.4999996 
910 0.4999996 
911 0.4999996 
912 0.4999996 
913 0.4999996 
914 0.4999987 
915 0.4999987 
916 0.4999987 
917 0.4999987 
918 0.4999987 
919 0.4999987 
920 0.4999987 
921 0.4999987 
922 0.4999987 
923 0.4999987 
924 0.4999987 
925 0.4999987 
926 0.4999987 
927 0.4999987 
928 0.4999987 
929 0.4999987 
930 0.4999987 
931 0.4999987 
932 0.4999987 
933 0.4999987 
934 0.4999987 
935 0.4999983 
936 0.4999983 
937 0.4999981 
938 0.499998 
939 0.4999977 
940 0.4999976 
941 0.499997 
942 0.499997 
943 0.4999969 
944 0.4999966 
945 0.4999965 
946 0.4999959 
947 0.4999958 
948 0.4999957 
949 0.4999952 
950 0.4999952 
951 0.4999952 
952 0.4999948 
953 0.4999946 
954 0.4999944 
955 0.499994 
956 0.4999938 
957 0.4999934 
958 0.4999931 
959 0.499993 
960 0.4999929 
961 0.4999927 
962 0.4999926 
963 0.499992 
964 0.4999918 
965 0.4999917 
966 0.4999912 
967 0.4999911 
968 0.499991 
969 0.4999903 
970 0.4999901 
971 0.49999 
972 0.4999897 
973 0.4999897 
974 0.4999893 
975 0.4999892 
976 0.4999891 
977 0.4999914 
978 0.4999914 
979 0.4999911 
980 0.499991 
981 0.4999905 
982 0.4999903 
983 0.4999902 
984 0.49999 
985 0.4999899 
986 0.4999912 
987 0.4999912 
988 0.4999912 
989 0.4999912 
990 0.4999911 
991 0.4999909 
992 0.4999909 
993 0.4999908 
994 0.4999905 
995 0.4999902 
996 0.4999901 
997 0.4999901 
998 0.49999 
999 0.4999895 
1000 0.4999895 
1001 0.4999894 
1002 0.4999894 
1003 0.4999891 
1004 0.499989 
1005 0.4999889 
1006 0.4999889 
1007 0.4999882 
1008 0.4999881 
1009 0.4999878 
1010 0.4999876 
1011 0.4999875 
1012 0.4999873 
1013 0.4999872 
1014 0.499987 
1015 0.4999869 
1016 0.4999865 
1017 0.4999864 
1018 0.4999863 
1019 0.4999858 
1020 0.4999855 
1021 0.4999854 
1022 0.4999853 
1023 0.4999851 
1024 0.499985 
1025 0.4999848 
1026 0.4999848 
1027 0.4999846 
1028 0.4999846 
1029 0.4999843 
1030 0.4999842 
1031 0.4999842 
1032 0.4999843 
1033 0.4999842 
1034 0.4999841 
1035 0.4999837 
1036 0.4999833 
1037 0.4999832 
1038 0.4999832 
1039 0.4999829 
1040 0.4999829 
1041 0.4999828 
1042 0.4999826 
1043 0.4999826 
1044 0.4999826 
1045 0.4999825 
1046 0.4999822 
1047 0.4999821 
1048 0.4999821 
1049 0.499982 
1050 0.499982 
1051 0.4999815 
1052 0.4999815 
1053 0.4999813 
1054 0.4999813 
1055 0.4999812 
1056 0.4999811 
1057 0.4999809 
1058 0.4999808 
1059 0.4999808 
1060 0.4999807 
1061 0.4999807 
1062 0.4999832 
1063 0.4999832 
1064 0.4999832 
1065 0.4999831 
1066 0.4999831 
1067 0.4999831 
1068 0.4999829 
1069 0.4999829 
1070 0.4999828 
1071 0.4999827 
1072 0.4999826 
1073 0.4999826 
1074 0.4999826 
1075 0.4999823 
1076 0.4999821 
1077 0.4999821 
1078 0.499982 
1079 0.4999819 
1080 0.4999818 
1081 0.4999817 
1082 0.4999817 
1083 0.4999817 
1084 0.4999816 
1085 0.4999815 
1086 0.4999815 
1087 0.4999815 
1088 0.4999815 
1089 0.4999814 
1090 0.4999812 
1091 0.4999812 
1092 0.4999811 
1093 0.4999811 
1094 0.4999811 
1095 0.4999811 
1096 0.4999809 
1097 0.4999809 
1098 0.4999807 
1099 0.4999807 
1100 0.4999806 
1101 0.4999805 
1102 0.4999804 
1103 0.4999804 
1104 0.4999804 
1105 0.4999803 
1106 0.4999803 
1107 0.4999803 
1108 0.4999802 
1109 0.49998 
1110 0.49998 
1111 0.4999799 
1112 0.4999799 
1113 0.4999798 
1114 0.4999798 
1115 0.4999797 
1116 0.4999796 
1117 0.4999796 
1118 0.4999795 
1119 0.4999795 
1120 0.4999795 
1121 0.4999795 
1122 0.4999795 
1123 0.4999794 
1124 0.4999794 
1125 0.4999794 
1126 0.4999794 
1127 0.4999794 
1128 0.4999794 
1129 0.4999793 
1130 0.4999793 
1131 0.4999792 
1132 0.4999792 
1133 0.4999791 
1134 0.4999791 
1135 0.4999791 
1136 0.4999791 
1137 0.499979 
1138 0.499979 
1139 0.4999788 
1140 0.4999787 
1141 0.4999786 
1142 0.4999785 
1143 0.4999784 
1144 0.4999784 
1145 0.4999782 
1146 0.4999781 
1147 0.499978 
1148 0.4999777 
1149 0.4999773 
1150 0.4999772 
1151 0.4999762 
1152 0.4999762 
1153 0.4999758 
1154 0.4999753 
1155 0.4999753 
1156 0.4999746 
1157 0.4999743 
1158 0.499974 
1159 0.4999739 
1160 0.4999736 
1161 0.4999735 
1162 0.4999733 
1163 0.4999732 
1164 0.4999727 
1165 0.4999725 
1166 0.4999721 
1167 0.4999718 
1168 0.4999717 
1169 0.4999711 
1170 0.4999707 
1171 0.4999706 
1172 0.4999701 
1173 0.4999698 
1174 0.4999696 
1175 0.4999679 
1176 0.4999679 
1177 0.4999676 
1178 0.4999671 
1179 0.4999667 
1180 0.4999665 
1181 0.4999662 
1182 0.4999638 
1183 0.4999638 
1184 0.499964 
1185 0.4999635 
1186 0.499963 
1187 0.4999626 
1188 0.4999621 
1189 0.4999619 
1190 0.4999615 
1191 0.4999607 
1192 0.49996 
1193 0.4999597 
1194 0.4999559 
1195 0.4999559 
1196 0.4999518 
1197 0.4999518 
1198 0.4999494 
1199 0.5 
1200 0.5 
1201 0.5 
1202 0.5 
1203 0.4999881 
1204 0.4999881 
1205 0.4999881 
1206 0.4999881 
1207 0.4999881 
1208 0.4999881 
1209 0.4999881 
1210 0.4999881 
1211 0.4999877 
1212 0.4999859 
1213 0.4999851 
1214 0.4999851 
1215 0.4999841 
1216 0.499984 
1217 0.499984 
1218 0.499984 
1219 0.4999822 
1220 0.4999798 
1221 0.4999779 
1222 0.4999751 
1223 0.499974 
1224 0.4999721 
1225 0.4999711 
1226 0.4999711 
1227 0.4999698 
1228 0.4999646 
1229 0.4999647 
1230 0.4999623 
1231 0.4999585 
1232 0.4999585 
1233 0.4999567 
1234 0.4999533 
1235 0.4999505 
1236 0.4999469 
1237 0.5 
1238 0.5 
1239 0.4999949 
1240 0.4999949 
1241 0.4999949 
1242 0.4999949 
1243 0.4999949 
1244 0.4999948 
1245 0.4999948 
1246 0.4999948 
1247 0.4999948 
1248 0.4999948 
1249 0.4999948 
1250 0.4999948 
1251 0.4999948 
1252 0.4999948 
1253 0.4999947 
1254 0.4999904 
1255 0.4999904 
1256 0.49999 
1257 0.4999847 
1258 0.4999847 
1259 0.4999847 
1260 0.4999843 
1261 0.4999808 
1262 0.4999799 
1263 0.4999784 
1264 0.499979 
1265 0.499975 
1266 0.499975 
1267 0.499975 
1268 0.499974 
1269 0.4999714 
1270 0.4999704 
1271 0.4999686 
1272 0.4999673 
1273 0.4999665 
1274 0.4999668 
1275 0.4999667 
1276 0.499966 
1277 0.4999661 
1278 0.4999658 
1279 0.4999658 
1280 0.4999658 
1281 0.4999603 
1282 0.4999603 
1283 0.4999603 
1284 0.4999602 
1285 0.4999601 
1286 0.4999602 
1287 0.4999579 
1288 0.4999567 
1289 0.4999558 
1290 0.4999554 
1291 0.4999531 
1292 0.4999531 
1293 0.4999528 
1294 0.4999521 
1295 0.4999504 
1296 0.49995 
1297 0.4999496 
1298 0.4999981 
1299 0.4999981 
1300 0.4999981 
1301 0.4999981 
1302 0.499998 
1303 0.499998 
1304 0.499998 
1305 0.499998 
1306 0.499998 
1307 0.499998 
1308 0.499998 
1309 0.499998 
1310 0.499998 
1311 0.499998 
1312 0.499998 
1313 0.499998 
1314 0.499998 
1315 0.499998 
1316 0.499998 
1317 0.499998 
1318 0.499998 
1319 0.499998 
1320 0.499998 
1321 0.499998 
1322 0.499998 
1323 0.499998 
1324 0.499998 
1325 0.499998 
1326 0.499998 
1327 0.4999973 
1328 0.4999973 
1329 0.4999965 
1330 0.4999965 
1331 0.4999963 
1332 0.4999944 
1333 0.4999944 
1334 0.4999944 
1335 0.4999944 
1336 0.4999944 
1337 0.4999943 
1338 0.4999939 
1339 0.4999938 
1340 0.4999927 
1341 0.4999918 
1342 0.4999912 
1343 0.4999908 
1344 0.4999907 
1345 0.4999894 
1346 0.499989 
1347 0.499989 
1348 0.499989 
1349 0.4999887 
1350 0.4999884 
1351 0.4999875 
1352 0.4999875 
1353 0.4999875 
1354 0.4999874 
1355 0.4999871 
1356 0.499987 
1357 0.4999858 
1358 0.4999858 
1359 0.4999853 
1360 0.4999848 
1361 0.4999845 
1362 0.499984 
1363 0.4999839 
1364 0.4999835 
1365 0.4999834 
1366 0.4999833 
1367 0.4999822 
1368 0.4999821 
1369 0.499982 
1370 0.4999819 
1371 0.4999807 
1372 0.4999805 
1373 0.4999804 
1374 0.4999797 
1375 0.4999794 
1376 0.4999793 
1377 0.4999793 
1378 0.4999784 
1379 0.4999784 
1380 0.4999784 
1381 0.4999782 
1382 0.499978 
1383 0.4999778 
1384 0.4999785 
1385 0.4999785 
1386 0.4999785 
1387 0.4999777 
1388 0.4999773 
1389 0.4999772 
1390 0.4999768 
1391 0.4999768 
1392 0.4999767 
1393 0.4999765 
1394 0.4999764 
1395 0.4999754 
1396 0.4999754 
1397 0.4999751 
1398 0.499975 
1399 0.4999749 
1400 0.4999748 
1401 0.4999747 
1402 0.4999743 
1403 0.4999743 
1404 0.4999742 
1405 0.4999741 
1406 0.499974 
1407 0.4999736 
1408 0.4999736 
1409 0.4999735 
1410 0.4999732 
1411 0.4999731 
1412 0.4999725 
1413 0.4999723 
1414 0.4999722 
1415 0.4999721 
1416 0.4999733 
1417 0.4999733 
1418 0.4999732 
1419 0.4999727 
1420 0.4999725 
1421 0.4999724 
1422 0.4999723 
1423 0.499972 
1424 0.499972 
1425 0.4999717 
1426 0.4999716 
1427 0.4999715 
1428 0.4999713 
1429 0.4999712 
1430 0.499971 
1431 0.4999709 
1432 0.4999707 
1433 0.4999707 
1434 0.4999706 
1435 0.4999706 
1436 0.4999706 
1437 0.4999705 
1438 0.4999704 
1439 0.49997 
1440 0.4999699 
1441 0.4999699 
1442 0.4999694 
1443 0.4999693 
1444 0.4999693 
1445 0.4999692 
1446 0.4999692 
1447 0.4999692 
1448 0.4999688 
1449 0.4999688 
1450 0.4999686 
1451 0.4999685 
1452 0.4999684 
1453 0.4999683 
1454 0.4999683 
1455 0.4999676 
1456 0.4999676 
1457 0.4999673 
1458 0.4999673 
1459 0.4999669 
1460 0.4999669 
1461 0.4999668 
1462 0.4999667 
1463 0.4999667 
1464 0.4999666 
1465 0.4999664 
1466 0.4999664 
1467 0.4999663 
1468 0.4999662 
1469 0.4999657 
1470 0.4999657 
1471 0.4999656 
1472 0.4999656 
1473 0.4999655 
1474 0.4999654 
1475 0.4999653 
1476 0.4999653 
1477 0.4999652 
1478 0.4999651 
1479 0.4999648 
1480 0.4999648 
1481 0.4999648 
1482 0.4999647 
1483 0.4999646 
1484 0.4999646 
1485 0.4999647 
1486 0.4999647 
1487 0.4999645 
1488 0.4999645 
1489 0.4999644 
1490 0.4999644 
1491 0.4999642 
1492 0.4999642 
1493 0.4999641 
1494 0.4999641 
1495 0.4999639 
1496 0.4999639 
1497 0.4999637 
1498 0.4999637 
1499 0.4999636 
1500 0.4999636 
1501 0.4999635 
1502 0.499963 
1503 0.4999629 
1504 0.4999629 
1505 0.4999628 
1506 0.4999623 
1507 0.4999622 
1508 0.4999622 
1509 0.4999621 
1510 0.4999621 
1511 0.4999621 
1512 0.4999621 
1513 0.4999619 
1514 0.4999619 
1515 0.4999618 
1516 0.4999617 
1517 0.4999616 
1518 0.4999616 
1519 0.4999611 
1520 0.499961 
1521 0.4999609 
1522 0.4999608 
1523 0.4999603 
1524 0.4999602 
1525 0.4999601 
1526 0.49996 
1527 0.49996 
1528 0.4999598 
1529 0.4999598 
1530 0.4999597 
1531 0.4999594 
1532 0.4999589 
1533 0.4999589 
1534 0.4999588 
1535 0.4999588 
1536 0.4999586 
1537 0.4999586 
1538 0.4999585 
1539 0.4999585 
1540 0.499958 
1541 0.4999579 
1542 0.4999579 
1543 0.4999579 
1544 0.4999579 
1545 0.4999579 
1546 0.4999578 
1547 0.4999577 
1548 0.4999577 
1549 0.4999576 
1550 0.4999576 
1551 0.4999575 
1552 0.4999575 
1553 0.4999574 
1554 0.4999574 
1555 0.4999574 
1556 0.4999573 
1557 0.4999572 
1558 0.4999572 
1559 0.4999571 
1560 0.4999569 
1561 0.4999568 
1562 0.4999568 
1563 0.4999568 
1564 0.4999564 
1565 0.4999564 
1566 0.4999564 
1567 0.4999564 
1568 0.4999564 
1569 0.4999561 
1570 0.4999559 
1571 0.4999558 
1572 0.4999558 
1573 0.4999557 
1574 0.4999555 
1575 0.4999555 
1576 0.4999554 
1577 0.4999554 
1578 0.4999554 
1579 0.4999552 
1580 0.4999552 
1581 0.4999548 
1582 0.4999548 
1583 0.4999547 
1584 0.4999546 
1585 0.4999546 
1586 0.4999546 
1587 0.4999546 
1588 0.4999545 
1589 0.4999544 
1590 0.4999544 
1591 0.4999544 
1592 0.4999543 
1593 0.4999543 
1594 0.4999543 
1595 0.4999542 
1596 0.4999542 
1597 0.4999542 
1598 0.4999542 
1599 0.4999542 
1600 0.4999542 
1601 0.4999541 
1602 0.4999541 
1603 0.4999541 
1604 0.4999539 
1605 0.4999539 
1606 0.4999539 
1607 0.4999539 
1608 0.4999538 
1609 0.4999537 
1610 0.4999537 
1611 0.4999537 
1612 0.4999537 
1613 0.4999535 
1614 0.4999535 
1615 0.4999535 
1616 0.4999534 
1617 0.4999534 
1618 0.4999534 
1619 0.4999533 
1620 0.4999533 
1621 0.4999533 
1622 0.4999533 
1623 0.4999533 
1624 0.4999533 
1625 0.4999532 
1626 0.4999532 
1627 0.4999532 
1628 0.4999532 
1629 0.4999532 
1630 0.4999531 
1631 0.4999531 
1632 0.4999531 
1633 0.4999531 
1634 0.4999531 
1635 0.499953 
1636 0.499953 
1637 0.4999529 
1638 0.4999529 
1639 0.4999529 
1640 0.4999529 
1641 0.4999529 
1642 0.4999528 
1643 0.4999528 
1644 0.4999528 
1645 0.4999527 
1646 0.4999527 
1647 0.4999527 
1648 0.4999527 
1649 0.4999525 
1650 0.4999524 
1651 0.4999524 
1652 0.4999524 
1653 0.4999523 
1654 0.4999523 
1655 0.4999523 
1656 0.4999523 
1657 0.4999523 
1658 0.4999523 
1659 0.4999523 
1660 0.4999519 
1661 0.4999519 
1662 0.4999518 
1663 0.4999518 
1664 0.4999518 
1665 0.4999518 
1666 0.4999518 
1667 0.4999517 
1668 0.4999517 
1669 0.4999517 
1670 0.4999516 
1671 0.4999516 
1672 0.4999516 
1673 0.4999516 
1674 0.4999516 
1675 0.4999515 
1676 0.4999515 
1677 0.4999515 
1678 0.4999515 
1679 0.4999515 
1680 0.4999514 
1681 0.4999514 
1682 0.4999513 
1683 0.4999513 
1684 0.4999513 
1685 0.4999512 
1686 0.4999512 
1687 0.4999512 
1688 0.4999512 
1689 0.4999511 
1690 0.4999511 
1691 0.4999511 
1692 0.499951 
1693 0.499951 
1694 0.4999509 
1695 0.4999509 
1696 0.4999509 
1697 0.4999509 
1698 0.4999509 
1699 0.4999508 
1700 0.4999508 
1701 0.4999508 
1702 0.4999508 
1703 0.4999508 
1704 0.4999508 
1705 0.4999508 
1706 0.4999508 
1707 0.4999507 
1708 0.4999507 
1709 0.4999507 
1710 0.4999507 
1711 0.4999507 
1712 0.4999507 
1713 0.4999507 
1714 0.4999507 
1715 0.4999507 
1716 0.4999507 
1717 0.4999507 
1718 0.4999506 
1719 0.4999506 
1720 0.4999506 
1721 0.4999506 
1722 0.4999506 
1723 0.4999506 
1724 0.4999506 
1725 0.4999506 
1726 0.4999506 
1727 0.4999505 
1728 0.4999505 
1729 0.4999505 
1730 0.4999505 
1731 0.4999505 
1732 0.4999505 
1733 0.4999504 
1734 0.4999504 
1735 0.4999504 
1736 0.4999504 
1737 0.4999504 
1738 0.4999504 
1739 0.4999504 
1740 0.4999504 
1741 0.4999504 
1742 0.4999504 
1743 0.4999503 
1744 0.4999503 
1745 0.4999503 
1746 0.4999503 
1747 0.4999503 
1748 0.4999503 
1749 0.4999503 
1750 0.4999502 
1751 0.4999502 
1752 0.4999502 
1753 0.4999502 
1754 0.4999502 
1755 0.4999502 
1756 0.4999502 
1757 0.4999502 
1758 0.4999502 
1759 0.4999502 
1760 0.4999501 
1761 0.4999501 
1762 0.4999501 
1763 0.4999501 
1764 0.49995 
1765 0.49995 
1766 0.49995 
1767 0.49995 
1768 0.49995 
1769 0.4999954 
1770 0.4999954 
1771 0.4999954 
1772 0.4999954 
1773 0.4999954 
1774 0.4999954 
1775 0.4999954 
1776 0.4999954 
1777 0.4999954 
1778 0.4999954 
1779 0.4999954 
1780 0.4999954 
1781 0.4999954 
1782 0.4999954 
1783 0.4999954 
1784 0.4999954 
1785 0.4999954 
1786 0.4999954 
1787 0.4999954 
1788 0.4999954 
1789 0.4999954 
1790 0.4999954 
1791 0.4999954 
1792 0.4999953 
1793 0.4999953 
1794 0.4999953 
1795 0.4999953 
1796 0.4999953 
1797 0.4999953 
1798 0.4999953 
1799 0.4999953 
1800 0.4999953 
1801 0.4999953 
1802 0.4999953 
1803 0.4999953 
1804 0.4999952 
1805 0.4999952 
1806 0.4999952 
1807 0.4999952 
1808 0.4999952 
1809 0.4999952 
1810 0.4999952 
1811 0.4999952 
1812 0.4999952 
1813 0.4999951 
1814 0.4999951 
1815 0.4999951 
1816 0.4999951 
1817 0.4999951 
1818 0.4999951 
1819 0.4999951 
1820 0.4999951 
1821 0.4999951 
1822 0.4999951 
1823 0.4999951 
1824 0.4999951 
1825 0.4999951 
1826 0.4999951 
1827 0.4999951 
1828 0.4999951 
1829 0.499995 
1830 0.499995 
1831 0.499995 
1832 0.499995 
1833 0.499995 
1834 0.499995 
1835 0.499995 
1836 0.499995 
1837 0.499995 
1838 0.499995 
1839 0.499995 
1840 0.499995 
1841 0.499995 
1842 0.499995 
1843 0.499995 
1844 0.499995 
1845 0.499995 
1846 0.499995 
1847 0.4999949 
1848 0.4999949 
1849 0.4999949 
1850 0.4999949 
1851 0.4999949 
1852 0.4999949 
1853 0.4999949 
1854 0.4999949 
1855 0.4999949 
1856 0.4999949 
1857 0.4999949 
1858 0.4999949 
1859 0.4999949 
1860 0.4999949 
1861 0.4999949 
1862 0.4999949 
1863 0.4999949 
1864 0.4999949 
1865 0.4999949 
1866 0.4999949 
1867 0.4999949 
1868 0.4999949 
1869 0.4999949 
1870 0.4999949 
1871 0.4999949 
1872 0.4999949 
1873 0.4999949 
1874 0.4999949 
1875 0.4999948 
1876 0.4999948 
1877 0.4999948 
1878 0.4999948 
1879 0.4999948 
1880 0.4999948 
1881 0.4999948 
1882 0.4999948 
1883 0.4999948 
1884 0.4999948 
1885 0.4999948 
1886 0.4999948 
1887 0.4999948 
1888 0.4999948 
1889 0.4999948 
1890 0.4999948 
1891 0.4999948 
1892 0.4999948 
1893 0.4999948 
1894 0.4999948 
1895 0.4999948 
1896 0.4999948 
1897 0.4999948 
1898 0.4999948 
1899 0.4999948 
1900 0.4999947 
1901 0.4999947 
1902 0.4999947 
1903 0.4999947 
1904 0.4999947 
1905 0.4999947 
1906 0.4999947 
1907 0.4999947 
1908 0.4999947 
1909 0.4999947 
1910 0.4999947 
1911 0.4999947 
1912 0.4999947 
1913 0.4999947 
1914 0.4999947 
1915 0.4999947 
1916 0.4999947 
1917 0.4999947 
1918 0.4999947 
1919 0.4999947 
1920 0.4999947 
1921 0.4999947 
1922 0.4999947 
1923 0.4999947 
1924 0.4999947 
1925 0.4999947 
1926 0.4999947 
1927 0.4999947 
1928 0.4999947 
1929 0.4999947 
1930 0.4999947 
1931 0.4999946 
1932 0.4999946 
1933 0.4999946 
1934 0.4999946 
1935 0.4999946 
1936 0.4999946 
1937 0.4999946 
1938 0.4999946 
1939 0.4999946 
1940 0.4999946 
1941 0.4999946 
1942 0.4999946 
1943 0.4999946 
1944 0.4999946 
1945 0.4999946 
1946 0.4999946 
1947 0.4999946 
1948 0.4999946 
1949 0.4999946 
1950 0.4999946 
1951 0.4999946 
1952 0.4999946 
1953 0.4999946 
1954 0.4999946 
1955 0.4999946 
1956 0.4999946 
1957 0.4999946 
1958 0.4999946 
1959 0.4999946 
1960 0.4999946 
1961 0.4999946 
1962 0.4999946 
1963 0.4999946 
1964 0.4999946 
1965 0.4999946 
1966 0.4999946 
1967 0.4999946 
1968 0.4999946 
1969 0.4999946 
1970 0.4999946 
1971 0.4999946 
1972 0.4999945 
1973 0.4999945 
1974 0.4999945 
1975 0.4999945 
1976 0.4999945 
1977 0.4999945 
1978 0.4999945 
1979 0.4999945 
1980 0.4999945 
1981 0.4999945 
1982 0.4999945 
1983 0.4999945 
1984 0.4999945 
1985 0.4999945 
1986 0.4999945 
1987 0.4999945 
1988 0.4999945 
1989 0.4999945 
1990 0.4999945 
1991 0.4999945 
1992 0.4999945 
1993 0.4999945 
1994 0.4999945 
1995 0.4999945 
1996 0.4999945 
1997 0.4999945 
1998 0.4999945 
1999 0.4999945 
2000 0.4999945 
2001 0.4999945 
2002 0.4999945 
2003 0.4999945 
2004 0.4999945 
2005 0.4999945 
2006 0.4999945 
2007 0.4999945 
2008 0.4999945 
2009 0.4999945 
2010 0.4999945 
2011 0.4999945 
2012 0.4999945 
2013 0.4999945 
2014 0.4999945 
2015 0.4999945 
2016 0.4999945 
2017 0.4999945 
2018 0.4999945 
2019 0.4999945 
2020 0.4999945 
2021 0.4999945 
2022 0.4999945 
2023 0.4999945 
2024 0.4999945 
2025 0.4999945 
2026 0.4999945 
2027 0.4999945 
2028 0.4999945 
2029 0.4999945 
2030 0.4999945 
2031 0.4999945 
2032 0.4999945 
2033 0.4999945 
2034 0.4999945 
2035 0.4999944 
2036 0.4999944 
2037 0.4999944 
2038 0.4999944 
2039 0.4999944 
2040 0.4999944 
2041 0.4999944 
2042 0.4999944 
2043 0.4999944 
2044 0.4999944 
2045 0.4999944 
2046 0.4999944 
2047 0.4999944 
2048 0.4999944 
2049 0.4999944 
2050 0.4999944 
2051 0.4999944 
2052 0.4999944 
2053 0.4999944 
2054 0.4999944 
2055 0.4999944 
2056 0.4999944 
2057 0.4999944 
2058 0.4999944 
2059 0.4999944 
2060 0.4999944 
2061 0.4999944 
2062 0.4999944 
2063 0.4999944 
2064 0.4999944 
2065 0.4999944 
2066 0.4999944 
2067 0.4999944 
2068 0.4999944 
2069 0.4999944 
2070 0.4999944 
2071 0.4999944 
2072 0.4999944 
2073 0.4999944 
2074 0.4999944 
2075 0.4999944 
2076 0.4999944 
2077 0.4999944 
2078 0.4999944 
2079 0.4999944 
2080 0.4999944 
2081 0.4999944 
2082 0.4999944 
2083 0.4999943 
2084 0.4999943 
2085 0.4999943 
2086 0.4999943 
2087 0.4999943 
2088 0.4999943 
2089 0.4999943 
2090 0.4999943 
2091 0.4999943 
2092 0.4999943 
2093 0.4999943 
2094 0.4999943 
2095 0.4999943 
2096 0.4999943 
2097 0.4999943 
2098 0.4999943 
2099 0.4999943 
2100 0.4999943 
2101 0.4999943 
2102 0.4999943 
2103 0.4999943 
2104 0.4999943 
2105 0.4999943 
2106 0.4999943 
2107 0.4999943 
2108 0.4999943 
2109 0.4999943 
2110 0.4999943 
2111 0.4999943 
2112 0.4999943 
2113 0.4999943 
2114 0.4999943 
2115 0.4999943 
2116 0.4999943 
2117 0.4999943 
2118 0.4999943 
2119 0.4999943 
2120 0.4999943 
2121 0.4999943 
2122 0.4999943 
2123 0.4999943 
2124 0.4999943 
2125 0.4999943 
2126 0.4999943 
2127 0.4999943 
2128 0.4999943 
2129 0.4999943 
2130 0.4999943 
2131 0.4999943 
2132 0.4999943 
2133 0.4999943 
2134 0.4999943 
2135 0.4999943 
2136 0.4999943 
2137 0.4999943 
2138 0.4999943 
2139 0.4999943 
2140 0.4999943 
2141 0.4999943 
2142 0.4999942 
2143 0.4999942 
2144 0.4999942 
2145 0.4999942 
2146 0.4999942 
2147 0.4999942 
2148 0.4999942 
2149 0.4999942 
2150 0.4999942 
2151 0.4999942 
2152 0.4999942 
2153 0.4999942 
2154 0.4999942 
2155 0.4999942 
2156 0.4999942 
2157 0.4999942 
2158 0.4999942 
2159 0.4999942 
2160 0.4999942 
2161 0.4999942 
2162 0.4999942 
2163 0.4999942 
2164 0.4999942 
2165 0.4999942 
2166 0.4999942 
2167 0.4999942 
2168 0.4999942 
2169 0.4999942 
2170 0.4999942 
2171 0.4999942 
2172 0.4999942 
2173 0.4999942 
2174 0.4999942 
2175 0.4999942 
2176 0.4999942 
2177 0.4999942 
2178 0.4999942 
2179 0.4999942 
2180 0.4999942 
2181 0.4999942 
2182 0.4999942 
2183 0.4999942 
2184 0.4999942 
2185 0.4999942 
2186 0.4999942 
2187 0.4999942 
2188 0.4999942 
2189 0.4999942 
2190 0.4999942 
2191 0.4999942 
2192 0.4999942 
2193 0.4999942 
2194 0.4999942 
2195 0.4999942 
2196 0.4999942 
2197 0.4999942 
2198 0.4999942 
2199 0.4999942 
2200 0.4999942 
2201 0.4999942 
2202 0.4999942 
2203 0.4999942 
2204 0.4999942 
2205 0.4999942 
2206 0.4999942 
2207 0.4999942 
2208 0.4999942 
2209 0.4999942 
2210 0.4999942 
2211 0.4999942 
2212 0.4999942 
2213 0.4999942 
2214 0.4999942 
2215 0.4999942 
2216 0.4999942 
2217 0.4999942 
2218 0.4999942 
2219 0.4999942 
2220 0.4999942 
2221 0.4999942 
2222 0.4999942 
2223 0.4999942 
2224 0.4999942 
2225 0.4999942 
2226 0.4999942 
2227 0.4999942 
2228 0.4999942 
2229 0.4999942 
2230 0.4999942 
2231 0.4999942 
2232 0.4999942 
2233 0.4999942 
2234 0.4999942 
2235 0.4999942 
2236 0.4999942 
2237 0.4999942 
2238 0.4999942 
2239 0.4999942 
2240 0.4999942 
2241 0.4999942 
2242 0.4999942 
2243 0.4999942 
2244 0.4999942 
2245 0.4999942 
2246 0.4999942 
2247 0.4999942 
2248 0.4999942 
2249 0.4999942 
2250 0.4999942 
2251 0.4999942 
2252 0.4999942 
2253 0.4999942 
2254 0.4999942 
2255 0.4999942 
2256 0.4999942 
2257 0.4999942 
2258 0.4999942 
2259 0.4999942 
2260 0.4999942 
2261 0.4999942 
2262 0.4999942 
2263 0.4999942 
2264 0.4999942 
2265 0.4999942 
2266 0.4999942 
2267 0.4999942 
2268 0.4999942 
2269 0.4999942 
2270 0.4999942 
2271 0.4999942 
2272 0.4999942 
2273 0.4999942 
2274 0.4999942 
2275 0.4999942 
2276 0.4999942 
2277 0.4999942 
2278 0.4999942 
2279 0.4999942 
2280 0.4999942 
2281 0.4999942 
2282 0.4999942 
2283 0.4999942 
2284 0.4999942 
2285 0.4999942 
2286 0.4999942 
2287 0.4999942 
2288 0.4999942 
2289 0.4999942 
2290 0.4999942 
2291 0.4999942 
2292 0.4999942 
2293 0.4999942 
2294 0.4999942 
2295 0.4999942 
2296 0.4999942 
2297 0.4999942 
2298 0.4999942 
2299 0.4999942 
2300 0.4999942 
2301 0.4999942 
2302 0.4999942 
2303 0.4999942 
2304 0.4999942 
2305 0.4999942 
2306 0.4999942 
2307 0.4999942 
2308 0.4999942 
2309 0.4999942 
2310 0.4999942 
2311 0.4999942 
2312 0.4999942 
2313 0.4999942 
2314 0.4999942 
2315 0.4999942 
2316 0.4999942 
2317 0.4999942 
2318 0.4999942 
2319 0.4999942 
2320 0.4999942 
2321 0.4999942 
2322 0.4999942 
2323 0.4999941 
2324 0.4999941 
2325 0.4999941 
2326 0.4999941 
2327 0.4999941 
2328 0.4999941 
2329 0.4999941 
2330 0.4999941 
2331 0.4999941 
2332 0.4999941 
2333 0.4999941 
2334 0.4999941 
2335 0.4999941 
2336 0.4999941 
2337 0.4999941 
2338 0.4999941 
2339 0.4999941 
2340 0.4999941 
2341 0.4999941 
2342 0.4999941 
2343 0.4999941 
2344 0.4999941 
2345 0.4999941 
2346 0.4999941 
2347 0.4999941 
2348 0.4999941 
2349 0.4999941 
2350 0.4999941 
2351 0.4999941 
2352 0.4999941 
2353 0.4999941 
2354 0.4999941 
2355 0.4999941 
2356 0.4999941 
2357 0.4999941 
2358 0.4999941 
2359 0.4999941 
2360 0.4999941 
2361 0.4999941 
2362 0.4999941 
2363 0.4999941 
2364 0.4999941 
2365 0.4999941 
2366 0.4999941 
2367 0.4999941 
2368 0.4999941 
2369 0.4999941 
2370 0.4999941 
2371 0.4999941 
2372 0.4999941 
2373 0.4999941 
2374 0.4999941 
2375 0.4999941 
2376 0.4999941 
2377 0.4999941 
2378 0.4999941 
2379 0.4999941 
2380 0.4999941 
2381 0.4999941 
2382 0.4999941 
2383 0.4999941 
2384 0.4999941 
2385 0.4999941 
2386 0.4999941 
2387 0.4999941 
2388 0.4999941 
2389 0.4999941 
2390 0.4999941 
2391 0.4999941 
2392 0.4999941 
2393 0.4999941 
2394 0.4999941 
2395 0.4999941 
2396 0.4999941 
2397 0.4999941 
2398 0.4999941 
2399 0.4999941 
2400 0.4999941 
2401 0.4999941 
2402 0.4999941 
2403 0.4999941 
2404 0.4999941 
2405 0.4999941 
2406 0.4999941 
2407 0.4999941 
2408 0.4999941 
2409 0.4999941 
2410 0.4999941 
2411 0.4999941 
2412 0.4999941 
2413 0.4999941 
2414 0.4999941 
2415 0.4999941 
2416 0.4999941 
2417 0.4999941 
2418 0.4999941 
2419 0.4999941 
2420 0.4999941 
2421 0.4999941 
2422 0.4999941 
2423 0.4999941 
2424 0.4999941 
2425 0.4999941 
2426 0.4999941 
2427 0.4999941 
2428 0.4999941 
2429 0.4999941 
2430 0.4999941 
2431 0.4999941 
2432 0.4999941 
2433 0.4999941 
2434 0.4999941 
2435 0.4999941 
2436 0.4999941 
2437 0.4999941 
2438 0.4999941 
2439 0.4999941 
2440 0.4999941 
2441 0.4999941 
2442 0.4999941 
2443 0.4999941 
2444 0.4999941 
2445 0.4999941 
2446 0.4999941 
2447 0.4999941 
2448 0.4999941 
2449 0.4999941 
2450 0.4999941 
2451 0.4999941 
2452 0.4999941 
2453 0.4999941 
2454 0.4999941 
2455 0.4999941 
2456 0.4999941 
2457 0.4999941 
2458 0.4999941 
2459 0.4999941 
2460 0.4999941 
2461 0.4999941 
2462 0.4999941 
2463 0.4999941 
2464 0.4999941 
2465 0.4999941 
2466 0.4999941 
2467 0.4999941 
2468 0.4999941 
2469 0.4999941 
2470 0.4999941 
2471 0.4999941 
2472 0.4999941 
2473 0.4999941 
2474 0.4999941 
2475 0.4999941 
2476 0.4999941 
2477 0.4999941 
2478 0.4999941 
2479 0.4999941 
2480 0.4999941 
2481 0.4999941 
2482 0.4999941 
2483 0.4999941 
2484 0.4999941 
2485 0.4999941 
2486 0.4999941 
2487 0.4999941 
2488 0.4999941 
2489 0.4999941 
2490 0.4999941 
2491 0.4999941 
2492 0.4999941 
2493 0.4999941 
2494 0.4999941 
2495 0.4999941 
2496 0.4999941 
2497 0.4999941 
2498 0.4999941 
2499 0.4999941 
2500 0.4999941 
2501 0.4999941 
2502 0.4999941 
2503 0.4999941 
2504 0.4999941 
2505 0.4999941 
2506 0.4999941 
2507 0.4999941 
2508 0.4999941 
2509 0.4999941 
2510 0.4999941 
2511 0.4999941 
2512 0.4999941 
2513 0.4999941 
2514 0.4999941 
2515 0.4999941 
2516 0.4999941 
2517 0.4999941 
2518 0.4999941 
2519 0.4999941 
2520 0.4999941 
2521 0.4999941 
2522 0.4999941 
2523 0.4999941 
2524 0.4999941 
2525 0.4999941 
2526 0.4999941 
2527 0.4999941 
2528 0.4999941 
2529 0.4999941 
2530 0.4999941 
2531 0.4999941 
2532 0.4999941 
2533 0.4999941 
2534 0.4999941 
2535 0.4999941 
2536 0.4999941 
2537 0.4999941 
2538 0.4999941 
2539 0.4999941 
2540 0.4999941 
2541 0.4999941 
2542 0.4999941 
2543 0.4999941 
2544 0.4999941 
2545 0.4999941 
2546 0.4999941 
2547 0.4999941 
2548 0.4999941 
2549 0.4999941 
2550 0.4999941 
2551 0.4999941 
2552 0.4999941 
2553 0.4999941 
2554 0.4999941 
2555 0.4999941 
2556 0.4999941 
2557 0.4999941 
2558 0.4999941 
2559 0.4999941 
2560 0.4999941 
2561 0.4999941 
2562 0.4999941 
2563 0.4999941 
2564 0.4999941 
2565 0.4999941 
2566 0.4999941 
2567 0.4999941 
2568 0.4999941 
2569 0.4999941 
2570 0.4999941 
2571 0.4999941 
2572 0.4999941 
2573 0.4999941 
2574 0.4999941 
2575 0.4999941 
2576 0.4999941 
2577 0.4999941 
2578 0.4999941 
2579 0.4999941 
2580 0.4999941 
2581 0.4999941 
2582 0.4999941 
2583 0.4999941 
2584 0.4999941 
2585 0.4999941 
2586 0.4999941 
2587 0.4999941 
2588 0.4999941 
2589 0.4999941 
2590 0.4999941 
2591 0.4999941 
2592 0.4999941 
2593 0.4999941 
2594 0.4999941 
2595 0.4999941 
2596 0.4999941 
2597 0.4999941 
2598 0.4999941 
2599 0.4999941 
2600 0.4999941 
2601 0.4999941 
2602 0.4999941 
2603 0.4999941 
2604 0.4999941 
2605 0.4999941 
2606 0.4999941 
2607 0.4999941 
2608 0.4999941 
2609 0.4999941 
2610 0.4999941 
2611 0.4999941 
2612 0.4999941 
2613 0.4999941 
2614 0.4999941 
2615 0.4999941 
2616 0.4999941 
2617 0.4999941 
2618 0.4999941 
2619 0.4999941 
2620 0.4999941 
2621 0.4999941 
2622 0.4999941 
2623 0.4999941 
2624 0.4999941 
2625 0.4999941 
2626 0.4999941 
2627 0.4999941 
2628 0.4999941 
2629 0.4999941 
2630 0.4999941 
2631 0.4999941 
2632 0.4999941 
2633 0.4999941 
2634 0.4999941 
2635 0.4999941 
2636 0.4999941 
2637 0.4999941 
2638 0.4999941 
2639 0.4999941 
2640 0.4999941 
2641 0.4999941 
2642 0.4999941 
2643 0.4999941 
2644 0.4999941 
2645 0.4999941 
2646 0.4999941 
2647 0.4999941 
2648 0.4999941 
2649 0.4999941 
2650 0.4999941 
2651 0.4999941 
2652 0.4999941 
2653 0.4999941 
2654 0.4999941 
2655 0.4999941 
2656 0.4999941 
2657 0.4999941 
2658 0.4999941 
2659 0.4999941 
2660 0.4999941 
2661 0.4999941 
2662 0.4999941 
2663 0.4999941 
2664 0.4999941 
2665 0.4999941 
2666 0.4999941 
2667 0.4999941 
2668 0.4999941 
2669 0.4999941 
2670 0.4999941 
2671 0.4999941 
2672 0.4999941 
2673 0.4999941 
2674 0.4999941 
2675 0.4999941 
2676 0.4999941 
2677 0.4999941 
2678 0.4999941 
2679 0.4999941 
2680 0.4999941 
2681 0.4999941 
2682 0.4999941 
2683 0.4999941 
2684 0.4999941 
2685 0.4999941 
2686 0.4999941 
2687 0.4999941 
2688 0.4999941 
2689 0.4999941 
2690 0.4999941 
2691 0.4999941 
2692 0.4999941 
2693 0.4999941 
2694 0.4999941 
2695 0.4999941 
2696 0.4999941 
2697 0.4999941 
2698 0.4999941 
2699 0.4999941 
2700 0.4999941 
2701 0.4999941 
2702 0.4999941 
2703 0.4999941 
2704 0.4999941 
2705 0.4999941 
2706 0.4999941 
2707 0.4999941 
2708 0.4999941 
2709 0.4999941 
2710 0.4999941 
2711 0.4999941 
2712 0.4999941 
2713 0.4999941 
2714 0.4999941 
2715 0.4999941 
2716 0.4999941 
2717 0.4999941 
2718 0.4999941 
2719 0.4999941 
2720 0.4999941 
2721 0.4999941 
2722 0.4999941 
2723 0.4999941 
2724 0.4999941 
2725 0.4999941 
2726 0.4999941 
2727 0.4999941 
2728 0.4999941 
2729 0.4999941 
2730 0.4999941 
2731 0.4999941 
2732 0.4999941 
2733 0.4999941 
2734 0.4999941 
2735 0.4999941 
2736 0.4999941 
2737 0.499994 
2738 0.499994 
2739 0.499994 
2740 0.499994 
2741 0.499994 
2742 0.499994 
2743 0.499994 
2744 0.499994 
2745 0.499994 
2746 0.499994 
2747 0.499994 
2748 0.499994 
2749 0.499994 
2750 0.499994 
2751 0.499994 
2752 0.499994 
2753 0.499994 
2754 0.499994 
2755 0.499994 
2756 0.499994 
2757 0.499994 
2758 0.499994 
2759 0.499994 
2760 0.499994 
2761 0.499994 
2762 0.499994 
2763 0.499994 
2764 0.499994 
2765 0.499994 
2766 0.499994 
2767 0.499994 
2768 0.499994 
2769 0.499994 
2770 0.499994 
2771 0.499994 
2772 0.499994 
2773 0.499994 
2774 0.499994 
2775 0.499994 
2776 0.499994 
2777 0.499994 
2778 0.499994 
2779 0.499994 
2780 0.499994 
2781 0.499994 
2782 0.499994 
2783 0.499994 
2784 0.499994 
2785 0.499994 
2786 0.499994 
2787 0.499994 
2788 0.499994 
2789 0.499994 
2790 0.499994 
2791 0.499994 
2792 0.499994 
2793 0.499994 
2794 0.499994 
2795 0.499994 
2796 0.499994 
2797 0.499994 
2798 0.499994 
2799 0.499994 
2800 0.499994 
2801 0.499994 
2802 0.499994 
2803 0.499994 
2804 0.499994 
2805 0.499994 
2806 0.499994 
2807 0.499994 
2808 0.499994 
2809 0.499994 
2810 0.499994 
2811 0.499994 
2812 0.499994 
2813 0.499994 
2814 0.499994 
2815 0.499994 
2816 0.499994 
2817 0.499994 
2818 0.499994 
2819 0.499994 
2820 0.499994 
2821 0.499994 
2822 0.499994 
2823 0.499994 
2824 0.499994 
2825 0.499994 
2826 0.499994 
2827 0.499994 
2828 0.499994 
2829 0.499994 
2830 0.499994 
2831 0.499994 
2832 0.499994 
2833 0.499994 
2834 0.499994 
2835 0.499994 
2836 0.499994 
2837 0.499994 
2838 0.499994 
2839 0.499994 
2840 0.499994 
2841 0.499994 
2842 0.499994 
2843 0.499994 
2844 0.499994 
2845 0.499994 
2846 0.499994 
2847 0.499994 
2848 0.499994 
2849 0.499994 
2850 0.499994 
2851 0.499994 
2852 0.499994 
2853 0.499994 
2854 0.499994 
2855 0.499994 
2856 0.499994 
2857 0.499994 
2858 0.499994 
2859 0.499994 
2860 0.499994 
2861 0.499994 
2862 0.499994 
2863 0.499994 
2864 0.499994 
2865 0.499994 
2866 0.499994 
2867 0.499994 
2868 0.499994 
2869 0.499994 
2870 0.499994 
2871 0.499994 
2872 0.499994 
2873 0.499994 
2874 0.499994 
2875 0.499994 
2876 0.499994 
2877 0.499994 
2878 0.499994 
2879 0.499994 
2880 0.499994 
2881 0.499994 
2882 0.499994 
2883 0.499994 
2884 0.499994 
2885 0.499994 
2886 0.499994 
2887 0.499994 
2888 0.499994 
2889 0.499994 
2890 0.499994 
2891 0.499994 
2892 0.499994 
2893 0.499994 
2894 0.499994 
2895 0.499994 
2896 0.499994 
2897 0.499994 
2898 0.499994 
2899 0.499994 
2900 0.499994 
2901 0.499994 
2902 0.499994 
2903 0.499994 
2904 0.499994 
2905 0.499994 
2906 0.499994 
2907 0.499994 
2908 0.499994 
2909 0.499994 
2910 0.499994 
2911 0.499994 
2912 0.499994 
2913 0.499994 
2914 0.499994 
2915 0.499994 
2916 0.499994 
2917 0.499994 
2918 0.499994 
2919 0.499994 
2920 0.499994 
2921 0.499994 
2922 0.499994 
2923 0.499994 
2924 0.499994 
2925 0.499994 
2926 0.499994 
2927 0.499994 
2928 0.499994 
2929 0.499994 
2930 0.499994 
2931 0.499994 
2932 0.499994 
2933 0.499994 
2934 0.499994 
2935 0.499994 
2936 0.499994 
2937 0.499994 
2938 0.499994 
2939 0.499994 
2940 0.499994 
2941 0.499994 
2942 0.499994 
2943 0.499994 
2944 0.499994 
2945 0.499994 
2946 0.499994 
2947 0.499994 
2948 0.499994 
2949 0.499994 
2950 0.499994 
2951 0.499994 
2952 0.499994 
2953 0.499994 
2954 0.499994 
2955 0.499994 
2956 0.499994 
2957 0.499994 
2958 0.499994 
2959 0.499994 
2960 0.499994 
2961 0.499994 
2962 0.499994 
2963 0.499994 
2964 0.499994 
2965 0.499994 
2966 0.499994 
2967 0.499994 
2968 0.499994 
2969 0.499994 
2970 0.499994 
2971 0.499994 
2972 0.499994 
2973 0.499994 
2974 0.499994 
2975 0.499994 
2976 0.499994 
2977 0.499994 
2978 0.499994 
2979 0.499994 
2980 0.499994 
2981 0.499994 
2982 0.499994 
2983 0.499994 
2984 0.499994 
2985 0.499994 
2986 0.499994 
2987 0.499994 
2988 0.499994 
2989 0.499994 
2990 0.499994 
2991 0.499994 
2992 0.499994 
2993 0.499994 
2994 0.499994 
2995 0.499994 
2996 0.499994 
2997 0.499994 
2998 0.499994 
2999 0.499994 
3000 0.499994 
3001 0.499994 
3002 0.499994 
3003 0.499994 
3004 0.499994 
3005 0.499994 
3006 0.499994 
3007 0.499994 
3008 0.499994 
3009 0.499994 
3010 0.499994 
3011 0.499994 
3012 0.499994 
3013 0.499994 
3014 0.499994 
3015 0.499994 
3016 0.499994 
3017 0.499994 
3018 0.499994 
3019 0.499994 
3020 0.499994 
3021 0.499994 
3022 0.499994 
3023 0.499994 
3024 0.499994 
3025 0.499994 
3026 0.499994 
3027 0.499994 
3028 0.499994 
3029 0.499994 
3030 0.499994 
3031 0.499994 
3032 0.499994 
3033 0.499994 
3034 0.499994 
3035 0.499994 
3036 0.499994 
3037 0.499994 
3038 0.499994 
3039 0.499994 
3040 0.499994 
3041 0.499994 
3042 0.499994 
3043 0.499994 
3044 0.499994 
3045 0.499994 
3046 0.499994 
3047 0.499994 
3048 0.499994 
3049 0.499994 
3050 0.499994 
3051 0.499994 
3052 0.499994 
3053 0.499994 
3054 0.499994 
3055 0.499994 
3056 0.499994 
3057 0.499994 
3058 0.499994 
3059 0.499994 
3060 0.499994 
3061 0.499994 
3062 0.499994 
3063 0.499994 
3064 0.499994 
3065 0.499994 
3066 0.499994 
3067 0.499994 
3068 0.499994 
3069 0.499994 
3070 0.499994 
3071 0.499994 
3072 0.499994 
3073 0.499994 
3074 0.499994 
3075 0.499994 
3076 0.499994 
3077 0.499994 
3078 0.499994 
3079 0.499994 
3080 0.499994 
3081 0.499994 
3082 0.499994 
3083 0.499994 
3084 0.499994 
3085 0.499994 
3086 0.499994 
3087 0.499994 
3088 0.499994 
3089 0.499994 
3090 0.499994 
3091 0.499994 
3092 0.499994 
3093 0.499994 
3094 0.499994 
3095 0.499994 
3096 0.499994 
3097 0.499994 
3098 0.499994 
3099 0.499994 
3100 0.499994 
3101 0.499994 
3102 0.499994 
3103 0.499994 
3104 0.499994 
3105 0.499994 
3106 0.499994 
3107 0.499994 
3108 0.499994 
3109 0.499994 
3110 0.499994 
3111 0.499994 
3112 0.499994 
3113 0.499994 
3114 0.499994 
3115 0.499994 
3116 0.499994 
3117 0.499994 
3118 0.499994 
3119 0.499994 
3120 0.499994 
3121 0.499994 
3122 0.499994 
3123 0.499994 
3124 0.499994 
3125 0.499994 
3126 0.499994 
3127 0.499994 
3128 0.499994 
3129 0.499994 
3130 0.499994 
3131 0.499994 
3132 0.499994 
3133 0.499994 
3134 0.499994 
3135 0.499994 
3136 0.499994 
3137 0.499994 
3138 0.499994 
3139 0.499994 
3140 0.499994 
3141 0.499994 
3142 0.499994 
3143 0.499994 
3144 0.499994 
3145 0.499994 
3146 0.499994 
3147 0.499994 
3148 0.499994 
3149 0.499994 
3150 0.499994 
3151 0.499994 
3152 0.499994 
3153 0.499994 
3154 0.499994 
3155 0.499994 
3156 0.499994 
3157 0.499994 
3158 0.499994 
3159 0.499994 
3160 0.499994 
3161 0.499994 
3162 0.499994 
3163 0.499994 
3164 0.499994 
3165 0.499994 
3166 0.499994 
3167 0.499994 
3168 0.499994 
3169 0.499994 
3170 0.499994 
3171 0.499994 
3172 0.499994 
3173 0.499994 
3174 0.499994 
3175 0.499994 
3176 0.499994 
3177 0.499994 
3178 0.499994 
3179 0.499994 
3180 0.499994 
3181 0.499994 
3182 0.499994 
3183 0.499994 
3184 0.499994 
3185 0.499994 
3186 0.499994 
3187 0.499994 
3188 0.499994 
3189 0.499994 
3190 0.499994 
3191 0.499994 
3192 0.499994 
3193 0.499994 
3194 0.499994 
3195 0.499994 
3196 0.499994 
3197 0.499994 
3198 0.499994 
3199 0.499994 
3200 0.499994 
3201 0.499994 
3202 0.499994 
3203 0.499994 
3204 0.499994 
3205 0.499994 
3206 0.499994 
3207 0.499994 
3208 0.499994 
3209 0.499994 
3210 0.499994 
3211 0.499994 
3212 0.499994 
3213 0.499994 
3214 0.499994 
3215 0.499994 
3216 0.499994 
3217 0.499994 
3218 0.499994 
3219 0.499994 
3220 0.499994 
3221 0.499994 
3222 0.499994 
3223 0.499994 
3224 0.499994 
3225 0.499994 
3226 0.499994 
3227 0.499994 
3228 0.499994 
3229 0.499994 
3230 0.499994 
3231 0.499994 
3232 0.499994 
3233 0.499994 
3234 0.499994 
3235 0.499994 
3236 0.499994 
3237 0.499994 
3238 0.499994 
3239 0.499994 
3240 0.499994 
3241 0.499994 
3242 0.499994 
3243 0.499994 
3244 0.499994 
3245 0.499994 
3246 0.499994 
3247 0.499994 
3248 0.499994 
3249 0.499994 
3250 0.499994 
3251 0.499994 
3252 0.499994 
3253 0.499994 
3254 0.499994 
3255 0.499994 
3256 0.499994 
3257 0.499994 
3258 0.499994 
3259 0.499994 
3260 0.499994 
3261 0.499994 
3262 0.499994 
3263 0.499994 
3264 0.499994 
3265 0.499994 
3266 0.499994 
3267 0.499994 
3268 0.499994 
3269 0.499994 
3270 0.499994 
3271 0.499994 
3272 0.499994 
3273 0.499994 
3274 0.499994 
3275 0.499994 
3276 0.499994 
3277 0.499994 
3278 0.499994 
3279 0.4999939 
3280 0.4999939 
3281 0.4999939 
3282 0.4999939 
3283 0.4999939 
3284 0.4999939 
3285 0.4999939 
3286 0.4999939 
3287 0.4999939 
3288 0.4999939 
3289 0.4999939 
3290 0.4999939 
3291 0.4999939 
3292 0.4999939 
3293 0.4999939 
3294 0.4999939 
3295 0.4999939 
3296 0.4999939 
3297 0.4999939 
3298 0.4999939 
3299 0.4999939 
3300 0.4999939 
3301 0.4999939 
3302 0.4999939 
3303 0.4999939 
3304 0.4999939 
3305 0.4999939 
3306 0.4999939 
3307 0.4999939 
3308 0.4999939 
3309 0.4999939 
3310 0.4999939 
3311 0.4999939 
3312 0.4999939 
3313 0.4999939 
3314 0.4999939 
3315 0.4999939 
3316 0.4999939 
3317 0.4999939 
3318 0.4999939 
3319 0.4999939 
3320 0.4999939 
3321 0.4999939 
3322 0.4999939 
3323 0.4999939 
3324 0.4999939 
3325 0.4999939 
3326 0.4999939 
3327 0.4999939 
3328 0.4999939 
3329 0.4999939 
3330 0.4999939 
3331 0.4999939 
3332 0.4999939 
3333 0.4999939 
3334 0.4999939 
3335 0.4999939 
3336 0.4999939 
3337 0.4999939 
3338 0.4999939 
3339 0.4999939 
3340 0.4999939 
3341 0.4999939 
3342 0.4999939 
3343 0.4999939 
3344 0.4999939 
3345 0.4999939 
3346 0.4999939 
3347 0.4999939 
3348 0.4999939 
3349 0.4999939 
3350 0.4999939 
3351 0.4999939 
3352 0.4999939 
3353 0.4999939 
3354 0.4999939 
3355 0.4999939 
3356 0.4999939 
3357 0.4999939 
3358 0.4999939 
3359 0.4999939 
3360 0.4999939 
3361 0.4999939 
3362 0.4999939 
3363 0.4999939 
3364 0.4999939 
3365 0.4999939 
3366 0.4999939 
3367 0.4999939 
3368 0.4999939 
3369 0.4999939 
3370 0.4999939 
3371 0.4999939 
3372 0.4999939 
3373 0.4999939 
3374 0.4999939 
3375 0.4999939 
3376 0.4999939 
3377 0.4999939 
3378 0.4999939 
3379 0.4999939 
3380 0.4999939 
3381 0.4999939 
3382 0.4999939 
3383 0.4999939 
3384 0.4999939 
3385 0.4999939 
3386 0.4999939 
3387 0.4999939 
3388 0.4999939 
3389 0.4999939 
3390 0.4999939 
3391 0.4999939 
3392 0.4999939 
3393 0.4999939 
3394 0.4999939 
3395 0.4999939 
3396 0.4999939 
3397 0.4999939 
3398 0.4999939 
3399 0.4999939 
3400 0.4999939 
3401 0.4999939 
3402 0.4999939 
3403 0.4999939 
3404 0.4999939 
3405 0.4999939 
3406 0.4999939 
3407 0.4999939 
3408 0.4999939 
3409 0.4999939 
3410 0.4999939 
3411 0.4999939 
3412 0.4999939 
3413 0.4999939 
3414 0.4999939 
3415 0.4999939 
3416 0.4999939 
3417 0.4999939 
3418 0.4999939 
3419 0.4999939 
3420 0.4999939 
3421 0.4999939 
3422 0.4999939 
3423 0.4999939 
3424 0.4999939 
3425 0.4999939 
3426 0.4999939 
3427 0.4999939 
3428 0.4999939 
3429 0.4999939 
3430 0.4999939 
3431 0.4999939 
3432 0.4999939 
3433 0.4999939 
3434 0.4999939 
3435 0.4999939 
3436 0.4999939 
3437 0.4999939 
3438 0.4999939 
3439 0.4999939 
3440 0.4999939 
3441 0.4999939 
3442 0.4999939 
3443 0.4999939 
3444 0.4999939 
3445 0.4999939 
3446 0.4999939 
3447 0.4999939 
3448 0.4999939 
3449 0.4999939 
3450 0.4999939 
3451 0.4999939 
3452 0.4999939 
3453 0.4999939 
3454 0.4999939 
3455 0.4999939 
3456 0.4999939 
3457 0.4999939 
3458 0.4999939 
3459 0.4999939 
3460 0.4999939 
3461 0.4999939 
3462 0.4999939 
3463 0.4999939 
3464 0.4999939 
3465 0.4999939 
3466 0.4999939 
3467 0.4999939 
3468 0.4999939 
3469 0.4999939 
3470 0.4999939 
3471 0.4999939 
3472 0.4999939 
3473 0.4999939 
3474 0.4999939 
3475 0.4999939 
3476 0.4999939 
3477 0.4999939 
3478 0.4999939 
3479 0.4999939 
3480 0.4999939 
3481 0.4999939 
3482 0.4999939 
3483 0.4999939 
3484 0.4999939 
3485 0.4999939 
3486 0.4999939 
3487 0.4999939 
3488 0.4999939 
3489 0.4999939 
3490 0.4999939 
3491 0.4999939 
3492 0.4999939 
3493 0.4999939 
3494 0.4999939 
3495 0.4999939 
3496 0.4999939 
3497 0.4999939 
3498 0.4999939 
3499 0.4999939 
3500 0.4999939 
3501 0.4999939 
3502 0.4999939 
3503 0.4999939 
3504 0.4999939 
3505 0.4999939 
3506 0.4999939 
3507 0.4999939 
3508 0.4999939 
3509 0.4999939 
3510 0.4999939 
3511 0.4999939 
3512 0.4999939 
3513 0.4999939 
3514 0.4999939 
3515 0.4999939 
3516 0.4999939 
3517 0.4999939 
3518 0.4999939 
3519 0.4999939 
3520 0.4999939 
3521 0.4999939 
3522 0.4999939 
3523 0.4999939 
3524 0.4999939 
3525 0.4999939 
3526 0.4999939 
3527 0.4999939 
3528 0.4999939 
3529 0.4999939 
3530 0.4999939 
3531 0.4999939 
3532 0.4999939 
3533 0.4999939 
3534 0.4999939 
3535 0.4999939 
3536 0.4999939 
3537 0.4999939 
3538 0.4999939 
3539 0.4999939 
3540 0.4999939 
3541 0.4999939 
3542 0.4999939 
3543 0.4999939 
3544 0.4999939 
3545 0.4999939 
3546 0.4999939 
3547 0.4999939 
3548 0.4999939 
3549 0.4999939 
3550 0.4999939 
3551 0.4999939 
3552 0.4999939 
3553 0.4999939 
3554 0.4999939 
3555 0.4999939 
3556 0.4999939 
3557 0.4999939 
3558 0.4999939 
3559 0.4999939 
3560 0.4999939 
3561 0.4999939 
3562 0.4999939 
3563 0.4999939 
3564 0.4999939 
3565 0.4999939 
3566 0.4999939 
3567 0.4999939 
3568 0.4999939 
3569 0.4999939 
3570 0.4999939 
3571 0.4999939 
3572 0.4999939 
3573 0.4999939 
3574 0.4999939 
3575 0.4999939 
3576 0.4999939 
3577 0.4999939 
3578 0.4999939 
3579 0.4999939 
3580 0.4999939 
3581 0.4999939 
3582 0.4999939 
3583 0.4999939 
3584 0.4999939 
3585 0.4999939 
3586 0.4999939 
3587 0.4999939 
3588 0.4999939 
3589 0.4999939 
3590 0.4999939 
3591 0.4999939 
3592 0.4999939 
3593 0.4999939 
3594 0.4999939 
3595 0.4999939 
3596 0.4999939 
3597 0.4999939 
3598 0.4999939 
3599 0.4999939 
3600 0.4999939 
3601 0.4999939 
3602 0.4999939 
3603 0.4999939 
3604 0.4999939 
3605 0.4999939 
3606 0.4999939 
3607 0.4999939 
3608 0.4999939 
3609 0.4999939 
3610 0.4999939 
3611 0.4999939 
3612 0.4999939 
3613 0.4999939 
3614 0.4999939 
3615 0.4999939 
3616 0.4999939 
3617 0.4999939 
3618 0.4999939 
3619 0.4999939 
3620 0.4999939 
3621 0.4999939 
3622 0.4999939 
3623 0.4999939 
3624 0.4999939 
3625 0.4999939 
3626 0.4999939 
3627 0.4999939 
3628 0.4999939 
3629 0.4999939 
3630 0.4999939 
3631 0.4999939 
3632 0.4999939 
3633 0.4999939 
3634 0.4999939 
3635 0.4999939 
3636 0.4999939 
3637 0.4999939 
3638 0.4999939 
3639 0.4999939 
3640 0.4999939 
3641 0.4999939 
3642 0.4999939 
3643 0.4999939 
3644 0.4999939 
3645 0.4999939 
3646 0.4999939 
3647 0.4999939 
3648 0.4999939 
3649 0.4999939 
3650 0.4999939 
3651 0.4999939 
3652 0.4999939 
3653 0.4999939 
3654 0.4999939 
3655 0.4999939 
3656 0.4999939 
3657 0.4999939 
3658 0.4999939 
3659 0.4999939 
3660 0.4999939 
3661 0.4999939 
3662 0.4999939 
3663 0.4999939 
3664 0.4999939 
3665 0.4999939 
3666 0.4999939 
3667 0.4999939 
3668 0.4999939 
3669 0.4999939 
3670 0.4999939 
3671 0.4999939 
3672 0.4999939 
3673 0.4999939 
3674 0.4999939 
3675 0.4999939 
3676 0.4999939 
3677 0.4999939 
3678 0.4999939 
3679 0.4999939 
3680 0.4999939 
3681 0.4999939 
3682 0.4999939 
3683 0.4999939 
3684 0.4999939 
3685 0.4999939 
3686 0.4999939 
3687 0.4999939 
3688 0.4999939 
3689 0.4999939 
3690 0.4999939 
3691 0.4999939 
3692 0.4999939 
3693 0.4999939 
3694 0.4999939 
3695 0.4999939 
3696 0.4999939 
3697 0.4999939 
3698 0.4999939 
3699 0.4999939 
3700 0.4999939 
3701 0.4999939 
3702 0.4999939 
3703 0.4999939 
3704 0.4999939 
3705 0.4999939 
3706 0.4999939 
3707 0.4999939 
3708 0.4999939 
3709 0.4999939 
3710 0.4999939 
3711 0.4999939 
3712 0.4999939 
3713 0.4999939 
3714 0.4999939 
3715 0.4999939 
3716 0.4999939 
3717 0.4999939 
3718 0.4999939 
3719 0.4999939 
3720 0.4999939 
3721 0.4999939 
3722 0.4999939 
3723 0.4999939 
3724 0.4999939 
3725 0.4999939 
3726 0.4999939 
3727 0.4999939 
3728 0.4999939 
3729 0.4999939 
3730 0.4999939 
3731 0.4999939 
3732 0.4999939 
3733 0.4999939 
3734 0.4999939 
3735 0.4999939 
3736 0.4999939 
3737 0.4999939 
3738 0.4999939 
3739 0.4999939 
3740 0.4999939 
3741 0.4999939 
3742 0.4999939 
3743 0.4999939 
3744 0.4999939 
3745 0.4999939 
3746 0.4999939 
3747 0.4999939 
3748 0.4999939 
3749 0.4999939 
3750 0.4999939 
3751 0.4999939 
3752 0.4999939 
3753 0.4999939 
3754 0.4999939 
3755 0.4999939 
3756 0.4999939 
3757 0.4999939 
3758 0.4999939 
3759 0.4999939 
3760 0.4999939 
3761 0.4999939 
3762 0.4999939 
3763 0.4999939 
3764 0.4999939 
3765 0.4999939 
3766 0.4999939 
3767 0.4999939 
3768 0.4999939 
3769 0.4999939 
3770 0.4999939 
3771 0.4999939 
3772 0.4999939 
3773 0.4999939 
3774 0.4999939 
3775 0.4999939 
3776 0.4999939 
3777 0.4999939 
3778 0.4999939 
3779 0.4999939 
3780 0.4999939 
3781 0.4999939 
3782 0.4999939 
3783 0.4999939 
3784 0.4999939 
3785 0.4999939 
3786 0.4999939 
3787 0.4999939 
3788 0.4999939 
3789 0.4999939 
3790 0.4999939 
3791 0.4999939 
3792 0.4999939 
3793 0.4999939 
3794 0.4999939 
3795 0.4999939 
3796 0.4999939 
3797 0.4999939 
3798 0.4999939 
3799 0.4999939 
3800 0.4999939 
3801 0.4999939 
3802 0.4999939 
3803 0.4999939 
3804 0.4999939 
3805 0.4999939 
3806 0.4999939 
3807 0.4999939 
3808 0.4999939 
3809 0.4999939 
3810 0.4999939 
3811 0.4999939 
3812 0.4999939 
3813 0.4999939 
3814 0.4999939 
3815 0.4999939 
3816 0.4999939 
3817 0.4999939 
3818 0.4999939 
3819 0.4999939 
3820 0.4999939 
3821 0.4999939 
3822 0.4999939 
3823 0.4999939 
3824 0.4999939 
3825 0.4999939 
3826 0.4999939 
3827 0.4999939 
3828 0.4999939 
3829 0.4999939 
3830 0.4999939 
3831 0.4999939 
3832 0.4999939 
3833 0.4999939 
3834 0.4999939 
3835 0.4999939 
3836 0.4999939 
3837 0.4999939 
3838 0.4999939 
3839 0.4999939 
3840 0.4999939 
3841 0.4999939 
3842 0.4999939 
3843 0.4999939 
3844 0.4999939 
3845 0.4999939 
3846 0.4999939 
3847 0.4999939 
3848 0.4999939 
3849 0.4999939 
3850 0.4999939 
3851 0.4999939 
3852 0.4999939 
3853 0.4999939 
3854 0.4999939 
3855 0.4999939 
3856 0.4999939 
3857 0.4999938 
3858 0.4999938 
3859 0.4999938 
3860 0.4999938 
3861 0.4999938 
3862 0.4999938 
3863 0.4999938 
3864 0.4999938 
3865 0.4999938 
3866 0.4999938 
3867 0.4999938 
3868 0.4999938 
3869 0.4999938 
3870 0.4999938 
3871 0.4999938 
3872 0.4999938 
3873 0.4999938 
3874 0.4999938 
3875 0.4999938 
3876 0.4999938 
3877 0.4999938 
3878 0.4999938 
3879 0.4999938 
3880 0.4999938 
3881 0.4999938 
3882 0.4999938 
3883 0.4999938 
3884 0.4999938 
3885 0.4999938 
3886 0.4999938 
3887 0.4999938 
3888 0.4999938 
3889 0.4999938 
3890 0.4999938 
3891 0.4999938 
3892 0.4999938 
3893 0.4999938 
3894 0.4999938 
3895 0.4999938 
3896 0.4999938 
3897 0.4999938 
3898 0.4999938 
3899 0.4999938 
3900 0.4999938 
3901 0.4999938 
3902 0.4999938 
3903 0.4999938 
3904 0.4999938 
3905 0.4999938 
3906 0.4999938 
3907 0.4999938 
3908 0.4999938 
3909 0.4999938 
3910 0.4999938 
3911 0.4999938 
3912 0.4999938 
3913 0.4999938 
3914 0.4999938 
3915 0.4999938 
3916 0.4999938 
3917 0.4999938 
3918 0.4999938 
3919 0.4999938 
3920 0.4999938 
3921 0.4999938 
3922 0.4999938 
3923 0.4999938 
3924 0.4999938 
3925 0.4999938 
3926 0.4999938 
3927 0.4999938 
3928 0.4999938 
3929 0.4999938 
3930 0.4999938 
3931 0.4999938 
3932 0.4999938 
3933 0.4999938 
3934 0.4999938 
3935 0.4999938 
3936 0.4999938 
3937 0.4999938 
3938 0.4999938 
3939 0.4999938 
3940 0.4999938 
3941 0.4999938 
3942 0.4999938 
3943 0.4999938 
3944 0.4999938 
3945 0.4999938 
3946 0.4999938 
3947 0.4999938 
3948 0.4999938 
3949 0.4999938 
3950 0.4999938 
3951 0.4999938 
3952 0.4999938 
3953 0.4999938 
3954 0.4999938 
3955 0.4999938 
3956 0.4999938 
3957 0.4999938 
3958 0.4999938 
3959 0.4999938 
3960 0.4999938 
3961 0.4999938 
3962 0.4999938 
3963 0.4999938 
3964 0.4999938 
3965 0.4999938 
3966 0.4999938 
3967 0.4999938 
3968 0.4999938 
3969 0.4999938 
3970 0.4999938 
3971 0.4999938 
3972 0.4999938 
3973 0.4999938 
3974 0.4999938 
3975 0.4999938 
3976 0.4999938 
3977 0.4999938 
3978 0.4999938 
3979 0.4999938 
3980 0.4999938 
3981 0.4999938 
3982 0.4999938 
3983 0.4999938 
3984 0.4999938 
3985 0.4999938 
3986 0.4999938 
3987 0.4999938 
3988 0.4999938 
3989 0.4999938 
3990 0.4999938 
3991 0.4999938 
3992 0.4999938 
3993 0.4999938 
3994 0.4999938 
3995 0.4999938 
3996 0.4999938 
3997 0.4999938 
3998 0.4999938 
3999 0.4999938 
4000 0.4999938 
4001 0.4999938 
4002 0.4999938 
4003 0.4999938 
4004 0.4999938 
4005 0.4999938 
4006 0.4999938 
4007 0.4999938 
4008 0.4999938 
4009 0.4999938 
4010 0.4999938 
4011 0.4999938 
4012 0.4999938 
4013 0.4999938 
4014 0.4999938 
4015 0.4999938 
4016 0.4999938 
4017 0.4999938 
4018 0.4999938 
4019 0.4999938 
4020 0.4999938 
4021 0.4999938 
4022 0.4999938 
4023 0.4999938 
4024 0.4999938 
4025 0.4999938 
4026 0.4999938 
4027 0.4999938 
4028 0.4999938 
4029 0.4999938 
4030 0.4999938 
4031 0.4999938 
4032 0.4999938 
4033 0.4999938 
4034 0.4999938 
4035 0.4999938 
4036 0.4999938 
4037 0.4999938 
4038 0.4999938 
4039 0.4999938 
4040 0.4999938 
4041 0.4999938 
4042 0.4999938 
4043 0.4999938 
4044 0.4999938 
4045 0.4999938 
4046 0.4999938 
4047 0.4999938 
4048 0.4999938 
4049 0.4999938 
4050 0.4999938 
4051 0.4999938 
4052 0.4999938 
4053 0.4999938 
4054 0.4999938 
4055 0.4999938 
4056 0.4999938 
4057 0.4999938 
4058 0.4999938 
4059 0.4999938 
4060 0.4999938 
4061 0.4999938 
4062 0.4999938 
4063 0.4999938 
4064 0.4999938 
4065 0.4999938 
4066 0.4999938 
4067 0.4999938 
4068 0.4999938 
4069 0.4999938 
4070 0.4999938 
4071 0.4999938 
4072 0.4999938 
4073 0.4999938 
4074 0.4999938 
4075 0.4999938 
4076 0.4999938 
4077 0.4999938 
4078 0.4999938 
4079 0.4999938 
4080 0.4999938 
4081 0.4999938 
4082 0.4999938 
4083 0.4999938 
4084 0.4999938 
4085 0.4999938 
4086 0.4999938 
4087 0.4999938 
4088 0.4999938 
4089 0.4999938 
4090 0.4999938 
4091 0.4999938 
4092 0.4999938 
4093 0.4999938 
4094 0.4999938 
4095 0.4999938 
4096 0.4999938 
4097 0.4999938 
4098 0.4999938 
4099 0.4999938 
4100 0.4999938 
4101 0.4999938 
4102 0.4999938 
4103 0.4999938 
4104 0.4999938 
4105 0.4999938 
4106 0.4999938 
4107 0.4999938 
4108 0.4999938 
4109 0.4999938 
4110 0.4999938 
4111 0.4999938 
4112 0.4999938 
4113 0.4999938 
4114 0.4999938 
4115 0.4999938 
4116 0.4999938 
4117 0.4999938 
4118 0.4999938 
4119 0.4999938 
4120 0.4999938 
4121 0.4999938 
4122 0.4999938 
4123 0.4999938 
4124 0.4999938 
4125 0.4999938 
4126 0.4999938 
4127 0.4999938 
4128 0.4999938 
4129 0.4999938 
4130 0.4999938 
4131 0.4999938 
4132 0.4999938 
4133 0.4999938 
4134 0.4999938 
4135 0.4999938 
4136 0.4999938 
4137 0.4999938 
4138 0.4999938 
4139 0.4999938 
4140 0.4999938 
4141 0.4999938 
4142 0.4999938 
4143 0.4999938 
4144 0.4999938 
4145 0.4999938 
4146 0.4999938 
4147 0.4999938 
4148 0.4999938 
4149 0.4999938 
4150 0.4999938 
4151 0.4999938 
4152 0.4999938 
4153 0.4999938 
4154 0.4999938 
4155 0.4999938 
4156 0.4999938 
4157 0.4999938 
4158 0.4999938 
4159 0.4999938 
4160 0.4999938 
4161 0.4999938 
4162 0.4999938 
4163 0.4999938 
4164 0.4999938 
4165 0.4999938 
4166 0.4999938 
4167 0.4999938 
4168 0.4999938 
4169 0.4999938 
4170 0.4999938 
4171 0.4999938 
4172 0.4999938 
4173 0.4999938 
4174 0.4999938 
4175 0.4999938 
4176 0.4999938 
4177 0.4999938 
4178 0.4999938 
4179 0.4999938 
4180 0.4999938 
4181 0.4999938 
4182 0.4999938 
4183 0.4999938 
4184 0.4999938 
4185 0.4999938 
4186 0.4999938 
4187 0.4999938 
4188 0.4999938 
4189 0.4999938 
4190 0.4999938 
4191 0.4999938 
4192 0.4999938 
4193 0.4999938 
4194 0.4999938 
4195 0.4999938 
4196 0.4999938 
4197 0.4999938 
4198 0.4999938 
4199 0.4999938 
4200 0.4999938 
4201 0.4999938 
4202 0.4999938 
4203 0.4999938 
4204 0.4999938 
4205 0.4999938 
4206 0.4999938 
4207 0.4999938 
4208 0.4999938 
4209 0.4999938 
4210 0.4999938 
4211 0.4999938 
4212 0.4999938 
4213 0.4999938 
4214 0.4999938 
4215 0.4999938 
4216 0.4999938 
4217 0.4999938 
4218 0.4999938 
4219 0.4999938 
4220 0.4999938 
4221 0.4999938 
4222 0.4999938 
4223 0.4999938 
4224 0.4999938 
4225 0.4999938 
4226 0.4999938 
4227 0.4999938 
4228 0.4999938 
4229 0.4999938 
4230 0.4999938 
4231 0.4999938 
4232 0.4999938 
4233 0.4999938 
4234 0.4999938 
4235 0.4999938 
4236 0.4999938 
4237 0.4999938 
4238 0.4999938 
4239 0.4999938 
4240 0.4999938 
4241 0.4999938 
4242 0.4999938 
4243 0.4999938 
4244 0.4999938 
4245 0.4999938 
4246 0.4999938 
4247 0.4999938 
4248 0.4999938 
4249 0.4999938 
4250 0.4999938 
4251 0.4999938 
4252 0.4999938 
4253 0.4999938 
4254 0.4999938 
4255 0.4999938 
4256 0.4999938 
4257 0.4999938 
4258 0.4999938 
4259 0.4999938 
4260 0.4999938 
4261 0.4999938 
4262 0.4999938 
4263 0.4999938 
4264 0.4999938 
4265 0.4999938 
4266 0.4999938 
4267 0.4999938 
4268 0.4999938 
4269 0.4999938 
4270 0.4999938 
4271 0.4999938 
4272 0.4999938 
4273 0.4999938 
4274 0.4999938 
4275 0.4999938 
4276 0.4999938 
4277 0.4999938 
4278 0.4999938 
4279 0.4999938 
4280 0.4999938 
4281 0.4999938 
4282 0.4999938 
4283 0.4999938 
4284 0.4999938 
4285 0.4999938 
4286 0.4999938 
4287 0.4999938 
4288 0.4999938 
4289 0.4999938 
4290 0.4999938 
4291 0.4999938 
4292 0.4999938 
4293 0.4999938 
4294 0.4999938 
4295 0.4999938 
4296 0.4999938 
4297 0.4999938 
4298 0.4999938 
4299 0.4999938 
4300 0.4999938 
4301 0.4999938 
4302 0.4999938 
4303 0.4999938 
4304 0.4999938 
4305 0.4999938 
4306 0.4999938 
4307 0.4999938 
4308 0.4999938 
4309 0.4999938 
4310 0.4999938 
4311 0.4999938 
4312 0.4999938 
4313 0.4999938 
4314 0.4999938 
4315 0.4999938 
4316 0.4999938 
4317 0.4999938 
4318 0.4999938 
4319 0.4999938 
4320 0.4999938 
4321 0.4999938 
4322 0.4999938 
4323 0.4999938 
4324 0.4999938 
4325 0.4999938 
4326 0.4999938 
4327 0.4999938 
4328 0.4999938 
4329 0.4999938 
4330 0.4999938 
4331 0.4999938 
4332 0.4999938 
4333 0.4999938 
4334 0.4999938 
4335 0.4999938 
4336 0.4999938 
4337 0.4999938 
4338 0.4999938 
4339 0.4999938 
4340 0.4999938 
4341 0.4999938 
4342 0.4999938 
4343 0.4999938 
4344 0.4999938 
4345 0.4999938 
4346 0.4999938 
4347 0.4999938 
4348 0.4999938 
4349 0.4999938 
4350 0.4999938 
4351 0.4999938 
4352 0.4999938 
4353 0.4999938 
4354 0.4999938 
4355 0.4999938 
4356 0.4999938 
4357 0.4999938 
4358 0.4999938 
4359 0.4999938 
4360 0.4999938 
4361 0.4999938 
4362 0.4999938 
4363 0.4999938 
4364 0.4999938 
4365 0.4999938 
4366 0.4999938 
4367 0.4999938 
4368 0.4999938 
4369 0.4999938 
4370 0.4999938 
4371 0.4999938 
4372 0.4999938 
4373 0.4999938 
4374 0.4999938 
4375 0.4999938 
4376 0.4999938 
4377 0.4999938 
4378 0.4999938 
4379 0.4999938 
4380 0.4999938 
4381 0.4999938 
4382 0.4999938 
4383 0.4999938 
4384 0.4999938 
4385 0.4999938 
4386 0.4999938 
4387 0.4999938 
4388 0.4999938 
4389 0.4999938 
4390 0.4999938 
4391 0.4999938 
4392 0.4999938 
4393 0.4999938 
4394 0.4999938 
4395 0.4999938 
4396 0.4999938 
4397 0.4999938 
4398 0.4999938 
4399 0.4999938 
4400 0.4999938 
4401 0.4999938 
4402 0.4999938 
4403 0.4999938 
4404 0.4999938 
4405 0.4999938 
4406 0.4999938 
4407 0.4999938 
4408 0.4999938 
4409 0.4999938 
4410 0.4999938 
4411 0.4999938 
4412 0.4999938 
4413 0.4999938 
4414 0.4999938 
4415 0.4999938 
4416 0.4999938 
4417 0.4999938 
4418 0.4999938 
4419 0.4999938 
4420 0.4999938 
4421 0.4999938 
4422 0.4999938 
4423 0.4999938 
4424 0.4999938 
4425 0.4999938 
4426 0.4999938 
4427 0.4999938 
4428 0.4999938 
4429 0.4999938 
4430 0.4999938 
4431 0.4999938 
4432 0.4999938 
4433 0.4999938 
4434 0.4999938 
4435 0.4999938 
4436 0.4999938 
4437 0.4999938 
4438 0.4999938 
4439 0.4999938 
4440 0.4999938 
4441 0.4999938 
4442 0.4999938 
4443 0.4999938 
4444 0.4999938 
4445 0.4999938 
4446 0.4999938 
4447 0.4999938 
4448 0.4999938 
4449 0.4999938 
4450 0.4999938 
4451 0.4999938 
4452 0.4999938 
4453 0.4999938 
4454 0.4999938 
4455 0.4999938 
4456 0.4999938 
4457 0.4999938 
4458 0.4999938 
4459 0.4999938 
4460 0.4999938 
4461 0.4999938 
4462 0.4999938 
4463 0.4999938 
4464 0.4999938 
4465 0.4999938 
4466 0.4999938 
4467 0.4999938 
4468 0.4999938 
4469 0.4999938 
4470 0.4999938 
4471 0.4999938 
4472 0.4999938 
4473 0.4999938 
4474 0.4999938 
4475 0.4999938 
4476 0.4999938 
4477 0.4999938 
4478 0.4999938 
4479 0.4999938 
4480 0.4999938 
4481 0.4999938 
4482 0.4999938 
4483 0.4999938 
4484 0.4999938 
4485 0.4999938 
4486 0.4999938 
4487 0.4999938 
4488 0.4999938 
4489 0.4999938 
4490 0.4999938 
4491 0.4999938 
4492 0.4999938 
4493 0.4999938 
4494 0.4999938 
4495 0.4999938 
4496 0.4999938 
4497 0.4999938 
4498 0.4999938 
4499 0.4999938 
4500 0.4999938 
4501 0.4999938 
4502 0.4999938 
4503 0.4999938 
4504 0.4999938 
4505 0.4999938 
4506 0.4999938 
4507 0.4999938 
4508 0.4999938 
4509 0.4999938 
4510 0.4999938 
4511 0.4999938 
4512 0.4999938 
4513 0.4999938 
4514 0.4999938 
4515 0.4999938 
4516 0.4999938 
4517 0.4999938 
4518 0.4999938 
4519 0.4999938 
4520 0.4999938 
4521 0.4999938 
4522 0.4999938 
4523 0.4999938 
4524 0.4999938 
4525 0.4999938 
4526 0.4999938 
4527 0.4999938 
4528 0.4999938 
4529 0.4999938 
4530 0.4999938 
4531 0.4999938 
4532 0.4999938 
4533 0.4999938 
4534 0.4999938 
4535 0.4999938 
4536 0.4999938 
4537 0.4999938 
4538 0.4999938 
4539 0.4999938 
4540 0.4999938 
4541 0.4999938 
4542 0.4999938 
4543 0.4999938 
4544 0.4999938 
4545 0.4999938 
4546 0.4999938 
4547 0.4999938 
4548 0.4999938 
4549 0.4999938 
4550 0.4999938 
4551 0.4999938 
4552 0.4999938 
4553 0.4999938 
4554 0.4999938 
4555 0.4999938 
4556 0.4999938 
4557 0.4999938 
4558 0.4999938 
4559 0.4999938 
4560 0.4999938 
4561 0.4999938 
4562 0.4999938 
4563 0.4999938 
4564 0.4999938 
4565 0.4999938 
4566 0.4999938 
4567 0.4999938 
4568 0.4999938 
4569 0.4999938 
4570 0.4999938 
4571 0.4999938 
4572 0.4999938 
4573 0.4999938 
4574 0.4999938 
4575 0.4999938 
4576 0.4999938 
4577 0.4999938 
4578 0.4999938 
4579 0.4999938 
4580 0.4999938 
4581 0.4999938 
4582 0.4999938 
4583 0.4999938 
4584 0.4999938 
4585 0.4999938 
4586 0.4999938 
4587 0.4999938 
4588 0.4999938 
4589 0.4999938 
4590 0.4999938 
4591 0.4999938 
4592 0.4999938 
4593 0.4999938 
4594 0.4999938 
4595 0.4999938 
4596 0.4999938 
4597 0.4999938 
4598 0.4999938 
4599 0.4999938 
4600 0.4999938 
4601 0.4999938 
4602 0.4999938 
4603 0.4999938 
4604 0.4999938 
4605 0.4999938 
4606 0.4999938 
4607 0.4999938 
4608 0.4999938 
4609 0.4999938 
4610 0.4999938 
4611 0.4999938 
4612 0.4999938 
4613 0.4999938 
4614 0.4999938 
4615 0.4999938 
4616 0.4999938 
4617 0.4999938 
4618 0.4999938 
4619 0.4999938 
4620 0.4999938 
4621 0.4999938 
4622 0.4999938 
4623 0.4999938 
4624 0.4999938 
4625 0.4999938 
4626 0.4999938 
4627 0.4999938 
4628 0.4999938 
4629 0.4999938 
4630 0.4999938 
4631 0.4999938 
4632 0.4999938 
4633 0.4999938 
4634 0.4999938 
4635 0.4999938 
4636 0.4999938 
4637 0.4999938 
4638 0.4999938 
4639 0.4999938 
4640 0.4999938 
4641 0.4999938 
4642 0.4999938 
4643 0.4999938 
4644 0.4999938 
4645 0.4999938 
4646 0.4999938 
4647 0.4999938 
4648 0.4999938 
4649 0.4999938 
4650 0.4999938 
4651 0.4999938 
4652 0.4999938 
4653 0.4999938 
4654 0.4999938 
4655 0.4999938 
4656 0.4999938 
4657 0.4999938 
4658 0.4999938 
4659 0.4999938 
4660 0.4999938 
4661 0.4999938 
4662 0.4999938 
4663 0.4999938 
4664 0.4999938 
4665 0.4999938 
4666 0.4999938 
4667 0.4999938 
4668 0.4999938 
4669 0.4999938 
4670 0.4999938 
4671 0.4999938 
4672 0.4999938 
4673 0.4999938 
4674 0.4999938 
4675 0.4999938 
4676 0.4999938 
4677 0.4999938 
4678 0.4999938 
4679 0.4999938 
4680 0.4999938 
4681 0.4999938 
4682 0.4999938 
4683 0.4999938 
4684 0.4999938 
4685 0.4999938 
4686 0.4999938 
4687 0.4999938 
4688 0.4999938 
4689 0.4999938 
4690 0.4999938 
4691 0.4999938 
4692 0.4999938 
4693 0.4999938 
4694 0.4999938 
4695 0.4999938 
4696 0.4999938 
4697 0.4999938 
4698 0.4999938 
4699 0.4999938 
4700 0.4999938 
4701 0.4999938 
4702 0.4999938 
4703 0.4999938 
4704 0.4999938 
4705 0.4999938 
4706 0.4999938 
4707 0.4999938 
4708 0.4999938 
4709 0.4999938 
4710 0.4999938 
4711 0.4999938 
4712 0.4999938 
4713 0.4999938 
4714 0.4999938 
4715 0.4999938 
4716 0.4999938 
4717 0.4999938 
4718 0.4999938 
4719 0.4999938 
4720 0.4999938 
4721 0.4999938 
4722 0.4999938 
4723 0.4999938 
4724 0.4999938 
4725 0.4999938 
4726 0.4999938 
4727 0.4999938 
4728 0.4999938 
4729 0.4999938 
4730 0.4999938 
4731 0.4999938 
4732 0.4999938 
4733 0.4999938 
4734 0.4999938 
4735 0.4999938 
4736 0.4999938 
4737 0.4999938 
4738 0.4999938 
4739 0.4999938 
4740 0.4999938 
4741 0.4999938 
4742 0.4999938 
4743 0.4999938 
4744 0.4999938 
4745 0.4999938 
4746 0.4999938 
4747 0.4999938 
4748 0.4999938 
4749 0.4999937 
4750 0.4999937 
4751 0.4999937 
4752 0.4999937 
4753 0.4999937 
4754 0.4999937 
4755 0.4999937 
4756 0.4999937 
4757 0.4999937 
4758 0.4999937 
4759 0.4999937 
4760 0.4999937 
4761 0.4999937 
4762 0.4999937 
4763 0.4999937 
4764 0.4999937 
4765 0.4999937 
4766 0.4999937 
4767 0.4999937 
4768 0.4999937 
4769 0.4999937 
4770 0.4999937 
4771 0.4999937 
4772 0.4999937 
4773 0.4999937 
4774 0.4999937 
4775 0.4999937 
4776 0.4999937 
4777 0.4999937 
4778 0.4999937 
4779 0.4999937 
4780 0.4999937 
4781 0.4999937 
4782 0.4999937 
4783 0.4999937 
4784 0.4999937 
4785 0.4999937 
4786 0.4999937 
4787 0.4999937 
4788 0.4999937 
4789 0.4999937 
4790 0.4999937 
4791 0.4999937 
4792 0.4999937 
4793 0.4999937 
4794 0.4999937 
4795 0.4999937 
4796 0.4999937 
4797 0.4999937 
4798 0.4999937 
4799 0.4999937 
4800 0.4999937 
4801 0.4999937 
4802 0.4999937 
4803 0.4999937 
4804 0.4999937 
4805 0.4999937 
4806 0.4999937 
4807 0.4999937 
4808 0.4999937 
4809 0.4999937 
4810 0.4999937 
4811 0.4999937 
4812 0.4999937 
4813 0.4999937 
4814 0.4999937 
4815 0.4999937 
4816 0.4999937 
4817 0.4999937 
4818 0.4999937 
4819 0.4999937 
4820 0.4999937 
4821 0.4999937 
4822 0.4999937 
4823 0.4999937 
4824 0.4999937 
4825 0.4999937 
4826 0.4999937 
4827 0.4999937 
4828 0.4999937 
4829 0.4999937 
4830 0.4999937 
4831 0.4999937 
4832 0.4999937 
4833 0.4999937 
4834 0.4999937 
4835 0.4999937 
4836 0.4999937 
4837 0.4999937 
4838 0.4999937 
4839 0.4999937 
4840 0.4999937 
4841 0.4999937 
4842 0.4999937 
4843 0.4999937 
4844 0.4999937 
4845 0.4999937 
4846 0.4999937 
4847 0.4999937 
4848 0.4999937 
4849 0.4999937 
4850 0.4999937 
4851 0.4999937 
4852 0.4999937 
4853 0.4999937 
4854 0.4999937 
4855 0.4999937 
4856 0.4999937 
4857 0.4999937 
4858 0.4999937 
4859 0.4999937 
4860 0.4999937 
4861 0.4999937 
4862 0.4999937 
4863 0.4999937 
4864 0.4999937 
4865 0.4999937 
4866 0.4999937 
4867 0.4999937 
4868 0.4999937 
4869 0.4999937 
4870 0.4999937 
4871 0.4999937 
4872 0.4999937 
4873 0.4999937 
4874 0.4999937 
4875 0.4999937 
4876 0.4999937 
4877 0.4999937 
4878 0.4999937 
4879 0.4999937 
4880 0.4999937 
4881 0.4999937 
4882 0.4999937 
4883 0.4999937 
4884 0.4999937 
4885 0.4999937 
4886 0.4999937 
4887 0.4999937 
4888 0.4999937 
4889 0.4999937 
4890 0.4999937 
4891 0.4999937 
4892 0.4999937 
4893 0.4999937 
4894 0.4999937 
4895 0.4999937 
4896 0.4999937 
4897 0.4999937 
4898 0.4999937 
4899 0.4999937 
4900 0.4999937 
4901 0.4999937 
4902 0.4999937 
4903 0.4999937 
4904 0.4999937 
4905 0.4999937 
4906 0.4999937 
4907 0.4999937 
4908 0.4999937 
4909 0.4999937 
4910 0.4999937 
4911 0.4999937 
4912 0.4999937 
4913 0.4999937 
4914 0.4999937 
4915 0.4999937 
4916 0.4999937 
4917 0.4999937 
4918 0.4999937 
4919 0.4999937 
4920 0.4999937 
4921 0.4999937 
4922 0.4999937 
4923 0.4999937 
4924 0.4999937 
4925 0.4999937 
4926 0.4999937 
4927 0.4999937 
4928 0.4999937 
4929 0.4999937 
4930 0.4999937 
4931 0.4999937 
4932 0.4999937 
4933 0.4999937 
4934 0.4999937 
4935 0.4999937 
4936 0.4999937 
4937 0.4999937 
4938 0.4999937 
4939 0.4999937 
4940 0.4999937 
4941 0.4999937 
4942 0.4999937 
4943 0.4999937 
4944 0.4999937 
4945 0.4999937 
4946 0.4999937 
4947 0.4999937 
4948 0.4999937 
4949 0.4999937 
4950 0.4999937 
4951 0.4999937 
4952 0.4999937 
4953 0.4999937 
4954 0.4999937 
4955 0.4999937 
4956 0.4999937 
4957 0.4999937 
4958 0.4999937 
4959 0.4999937 
4960 0.4999937 
4961 0.4999937 
4962 0.4999937 
4963 0.4999937 
4964 0.4999937 
4965 0.4999937 
4966 0.4999937 
4967 0.4999937 
4968 0.4999937 
4969 0.4999937 
4970 0.4999937 
4971 0.4999937 
4972 0.4999937 
4973 0.4999937 
4974 0.4999937 
4975 0.4999937 
4976 0.4999937 
4977 0.4999937 
4978 0.4999937 
4979 0.4999937 
4980 0.4999937 
4981 0.4999937 
4982 0.4999937 
4983 0.4999937 
4984 0.4999937 
4985 0.4999937 
4986 0.4999937 
4987 0.4999937 
4988 0.4999937 
4989 0.4999937 
4990 0.4999937 
4991 0.4999937 
4992 0.4999937 
4993 0.4999937 
4994 0.4999937 
4995 0.4999937 
4996 0.4999937 
4997 0.4999937 
4998 0.4999937 
4999 0.4999937 
5000 0.4999937 
