1 0.5862529 
2 0.587473 
3 0.5887554 
4 0.5899293 
5 0.5920949 
6 0.5966765 
7 0.5976983 
8 0.5986251 
9 0.5995959 
10 0.6008428 
11 0.6023755 
12 0.6034224 
13 0.6050262 
14 0.606065 
15 0.6071489 
16 0.6090913 
17 0.6103597 
18 0.6124606 
19 0.6140118 
20 0.6161215 
21 0.6187607 
22 0.6202647 
23 0.6226598 
24 0.6250381 
25 0.6266448 
26 0.6340808 
27 0.6136369 
28 0.5875608 
29 0.5735287 
30 0.5809696 
31 0.583812 
32 0.5895491 
33 0.5936478 
34 0.6018891 
35 0.6030072 
36 0.5972453 
37 0.5962612 
38 0.5958254 
39 0.594605 
40 0.5947718 
41 0.5931491 
42 0.5931807 
43 0.5969918 
44 0.597156 
45 0.5948962 
46 0.5839413 
47 0.5707086 
48 0.5726687 
49 0.5845054 
50 0.582792 
51 0.5796707 
52 0.5579271 
53 0.5745263 
54 0.5003149 
55 0.512687 
56 0.5215027 
57 0.5317242 
58 0.5480437 
59 0.5350924 
60 0.5308686 
61 0.5319522 
62 0.5310059 
63 0.5070243 
64 0.5115985 
65 0.5133471 
66 0.5154349 
67 0.51874 
68 0.5071927 
69 0.5064123 
70 0.5055868 
71 0.5045137 
72 0.5018539 
73 0.4999714 
74 0.5016509 
75 0.502095 
76 0.5025354 
77 0.5025113 
78 0.502147 
79 0.5013523 
80 0.5010804 
81 0.5008104 
82 0.5007671 
83 0.5005266 
84 0.5004375 
85 0.5001892 
86 0.499998 
87 0.4999965 
88 0.4999964 
89 0.4999964 
90 0.4999964 
91 0.4999964 
92 0.4999964 
93 0.4999964 
94 0.4999964 
95 0.4999964 
96 0.4999964 
97 0.4999964 
98 0.4999964 
99 0.4999964 
100 0.4999964 
101 0.4999964 
102 0.4999964 
103 0.4999964 
104 0.4999964 
105 0.4999964 
106 0.4999964 
107 0.4999964 
108 0.4999964 
109 0.4999964 
110 0.4999964 
111 0.4999964 
112 0.4999964 
113 0.4999964 
114 0.4999964 
115 0.4999964 
116 0.4999964 
117 0.4999964 
118 0.4999964 
119 0.4999964 
120 0.4999964 
121 0.4999964 
122 0.4999964 
123 0.4999964 
124 0.4999964 
125 0.4999964 
126 0.4999964 
127 0.4999964 
128 0.4999964 
129 0.4999964 
130 0.4999964 
131 0.4999964 
132 0.4999964 
133 0.4999964 
134 0.4999964 
135 0.4999964 
136 0.4999964 
137 0.4999964 
138 0.4999964 
139 0.4999964 
140 0.4999964 
141 0.4999964 
142 0.4999964 
143 0.4999964 
144 0.4999964 
145 0.4999964 
146 0.4999964 
147 0.4999964 
148 0.4999964 
149 0.4999964 
150 0.4999964 
151 0.4999964 
152 0.4999964 
153 0.4999964 
154 0.4999964 
155 0.4999964 
156 0.4999964 
157 0.4999964 
158 0.4999964 
159 0.4999964 
160 0.4999964 
161 0.4999964 
162 0.4999964 
163 0.4999964 
164 0.4999964 
165 0.4999964 
166 0.4999964 
167 0.4999964 
168 0.4999964 
169 0.4999964 
170 0.4999964 
171 0.4999964 
172 0.4999964 
173 0.4999964 
174 0.4999964 
175 0.4999964 
176 0.4999964 
177 0.4999964 
178 0.4999964 
179 0.4999964 
180 0.4999964 
181 0.4999964 
182 0.4999964 
183 0.4999964 
184 0.4999964 
185 0.4999964 
186 0.4999964 
187 0.4999964 
188 0.4999964 
189 0.4999964 
190 0.4999964 
191 0.4999964 
192 0.4999964 
193 0.4999964 
194 0.4999964 
195 0.4999964 
196 0.4999964 
197 0.4999964 
198 0.4999964 
199 0.4999964 
200 0.4999964 
201 0.4999964 
202 0.4999964 
203 0.4999964 
204 0.4999964 
205 0.4999964 
206 0.4999964 
207 0.4999964 
208 0.4999964 
209 0.4999964 
210 0.4999964 
211 0.4999964 
212 0.4999964 
213 0.4999964 
214 0.4999964 
215 0.4999964 
216 0.4999964 
217 0.4999964 
218 0.4999964 
219 0.4999964 
220 0.4999964 
221 0.4999964 
222 0.4999964 
223 0.4999964 
224 0.4999964 
225 0.4999964 
226 0.4999964 
227 0.4999964 
228 0.4999964 
229 0.4999964 
230 0.4999964 
231 0.4999964 
232 0.4999964 
233 0.4999964 
234 0.4999964 
235 0.4999964 
236 0.4999964 
237 0.4999964 
238 0.4999964 
239 0.4999963 
240 0.4999963 
241 0.4999963 
242 0.4999963 
243 0.4999963 
244 0.4999963 
245 0.4999963 
246 0.4999963 
247 0.4999963 
248 0.4999963 
249 0.4999963 
250 0.4999963 
251 0.4999963 
252 0.4999963 
253 0.4999963 
254 0.4999963 
255 0.4999963 
256 0.4999963 
257 0.4999963 
258 0.4999963 
259 0.4999963 
260 0.4999963 
261 0.4999963 
262 0.4999963 
263 0.4999963 
264 0.4999963 
265 0.4999963 
266 0.4999963 
267 0.4999963 
268 0.4999963 
269 0.4999963 
270 0.4999963 
271 0.4999963 
272 0.4999963 
273 0.4999963 
274 0.4999963 
275 0.4999963 
276 0.4999963 
277 0.4999963 
278 0.4999963 
279 0.4999963 
280 0.4999963 
281 0.4999963 
282 0.4999963 
283 0.4999963 
284 0.4999963 
285 0.4999963 
286 0.4999963 
287 0.4999963 
288 0.4999963 
289 0.4999963 
290 0.4999963 
291 0.4999963 
292 0.4999963 
293 0.4999963 
294 0.4999963 
295 0.4999963 
296 0.4999963 
297 0.4999963 
298 0.4999963 
299 0.4999963 
300 0.4999963 
301 0.4999963 
302 0.4999963 
303 0.4999963 
304 0.4999963 
305 0.4999963 
306 0.4999963 
307 0.4999963 
308 0.4999963 
309 0.4999963 
310 0.4999963 
311 0.4999963 
312 0.4999963 
313 0.4999963 
314 0.4999963 
315 0.4999963 
316 0.4999963 
317 0.4999963 
318 0.4999962 
319 0.4999962 
320 0.4999962 
321 0.4999962 
322 0.4999962 
323 0.4999962 
324 0.4999962 
325 0.4999962 
326 0.4999962 
327 0.4999962 
328 0.4999962 
329 0.4999962 
330 0.4999962 
331 0.4999962 
332 0.4999962 
333 0.4999962 
334 0.4999962 
335 0.4999962 
336 0.4999962 
337 0.4999962 
338 0.4999962 
339 0.4999962 
340 0.4999961 
341 0.4999968 
342 0.4999966 
343 0.4999964 
344 0.4999964 
345 0.4999964 
346 0.499999 
347 0.4999963 
348 0.4999962 
349 0.4999962 
350 0.4999962 
351 0.4999963 
352 0.4999963 
353 0.5000078 
354 0.4999962 
355 0.4999962 
356 0.4999961 
357 0.4999961 
358 0.4999961 
359 0.4999961 
360 0.4999961 
361 0.4999961 
362 0.4999961 
363 0.5000069 
364 0.499996 
365 0.499996 
366 0.499996 
367 0.499996 
368 0.499996 
369 0.499996 
370 0.499996 
371 0.499996 
372 0.499996 
373 0.499996 
374 0.499996 
375 0.499996 
376 0.499996 
377 0.499996 
378 0.499996 
379 0.499996 
380 0.499996 
381 0.499996 
382 0.499996 
383 0.499996 
384 0.499996 
385 0.499996 
386 0.499996 
387 0.499996 
388 0.499996 
389 0.499996 
390 0.499996 
391 0.499996 
392 0.499996 
393 0.499996 
394 0.499996 
395 0.499996 
396 0.499996 
397 0.499996 
398 0.499996 
399 0.499996 
400 0.499996 
401 0.499996 
402 0.499996 
403 0.499996 
404 0.499996 
405 0.499996 
406 0.499996 
407 0.499996 
408 0.499996 
409 0.499996 
410 0.499996 
411 0.499996 
412 0.499996 
413 0.499996 
414 0.499996 
415 0.499996 
416 0.499996 
417 0.499996 
418 0.499996 
419 0.499996 
420 0.499996 
421 0.499996 
422 0.499996 
423 0.499996 
424 0.499996 
425 0.499996 
426 0.499996 
427 0.499996 
428 0.499996 
429 0.499996 
430 0.499996 
431 0.499996 
432 0.499996 
433 0.499996 
434 0.499996 
435 0.499996 
436 0.499996 
437 0.499996 
438 0.499996 
439 0.499996 
440 0.499996 
441 0.499996 
442 0.499996 
443 0.499996 
444 0.499996 
445 0.499996 
446 0.499996 
447 0.499996 
448 0.499996 
449 0.499996 
450 0.499996 
451 0.499996 
452 0.499996 
453 0.499996 
454 0.499996 
455 0.499996 
456 0.499996 
457 0.499996 
458 0.499996 
459 0.499996 
460 0.499996 
461 0.499996 
462 0.499996 
463 0.499996 
464 0.499996 
465 0.499996 
466 0.499996 
467 0.499996 
468 0.499996 
469 0.499996 
470 0.499996 
471 0.499996 
472 0.4999964 
473 0.499996 
474 0.499996 
475 0.499996 
476 0.499996 
477 0.499996 
478 0.499996 
479 0.499996 
480 0.499996 
481 0.499996 
482 0.499996 
483 0.499996 
484 0.499996 
485 0.499996 
486 0.499996 
487 0.499996 
488 0.499996 
489 0.499996 
490 0.499996 
491 0.499996 
492 0.499996 
493 0.499996 
494 0.499996 
495 0.499996 
496 0.499996 
497 0.499996 
498 0.499996 
499 0.499996 
500 0.499996 
501 0.499996 
502 0.499996 
503 0.499996 
504 0.499996 
505 0.499996 
506 0.499996 
507 0.499996 
508 0.499996 
509 0.499996 
510 0.499996 
511 0.499996 
512 0.499996 
513 0.499996 
514 0.499996 
515 0.499996 
516 0.499996 
517 0.499996 
518 0.499996 
519 0.499996 
520 0.499996 
521 0.499996 
522 0.499996 
523 0.499996 
524 0.499996 
525 0.499996 
526 0.499996 
527 0.499996 
528 0.499996 
529 0.499996 
530 0.499996 
531 0.499996 
532 0.499996 
533 0.499996 
534 0.499996 
535 0.499996 
536 0.499996 
537 0.499996 
538 0.499996 
539 0.499996 
540 0.499996 
541 0.499996 
542 0.499996 
543 0.499996 
544 0.499996 
545 0.499996 
546 0.499996 
547 0.499996 
548 0.499996 
549 0.499996 
550 0.499996 
551 0.499996 
552 0.499996 
553 0.499996 
554 0.499996 
555 0.499996 
556 0.499996 
557 0.499996 
558 0.499996 
559 0.499996 
560 0.499996 
561 0.499996 
562 0.499996 
563 0.499996 
564 0.499996 
565 0.499996 
566 0.499996 
567 0.499996 
568 0.499996 
569 0.499996 
570 0.499996 
571 0.499996 
572 0.499996 
573 0.499996 
574 0.499996 
575 0.499996 
576 0.499996 
577 0.499996 
578 0.499996 
579 0.499996 
580 0.499996 
581 0.499996 
582 0.499996 
583 0.499996 
584 0.499996 
585 0.499996 
586 0.499996 
587 0.499996 
588 0.499996 
589 0.499996 
590 0.499996 
591 0.499996 
592 0.499996 
593 0.499996 
594 0.499996 
595 0.499996 
596 0.499996 
597 0.499996 
598 0.499996 
599 0.499996 
600 0.499996 
601 0.499996 
602 0.499996 
603 0.499996 
604 0.499996 
605 0.499996 
606 0.499996 
607 0.499996 
608 0.499996 
609 0.499996 
610 0.499996 
611 0.499996 
612 0.499996 
613 0.499996 
614 0.499996 
615 0.499996 
616 0.499996 
617 0.499996 
618 0.499996 
619 0.499996 
620 0.499996 
621 0.499996 
622 0.499996 
623 0.499996 
624 0.499996 
625 0.499996 
626 0.499996 
627 0.499996 
628 0.499996 
629 0.499996 
630 0.499996 
631 0.499996 
632 0.499996 
633 0.499996 
634 0.499996 
635 0.499996 
636 0.499996 
637 0.499996 
638 0.499996 
639 0.499996 
640 0.499996 
641 0.499996 
642 0.499996 
643 0.499996 
644 0.499996 
645 0.499996 
646 0.499996 
647 0.499996 
648 0.499996 
649 0.499996 
650 0.499996 
651 0.499996 
652 0.499996 
653 0.499996 
654 0.499996 
655 0.499996 
656 0.499996 
657 0.499996 
658 0.499996 
659 0.499996 
660 0.499996 
661 0.499996 
662 0.499996 
663 0.499996 
664 0.499996 
665 0.499996 
666 0.499996 
667 0.499996 
668 0.499996 
669 0.499996 
670 0.499996 
671 0.499996 
672 0.499996 
673 0.499996 
674 0.499996 
675 0.499996 
676 0.499996 
677 0.499996 
678 0.499996 
679 0.499996 
680 0.499996 
681 0.499996 
682 0.499996 
683 0.499996 
684 0.499996 
685 0.499996 
686 0.499996 
687 0.499996 
688 0.499996 
689 0.499996 
690 0.499996 
691 0.499996 
692 0.499996 
693 0.499996 
694 0.499996 
695 0.499996 
696 0.499996 
697 0.499996 
698 0.499996 
699 0.499996 
700 0.499996 
701 0.499996 
702 0.499996 
703 0.499996 
704 0.499996 
705 0.499996 
706 0.499996 
707 0.499996 
708 0.499996 
709 0.499996 
710 0.499996 
711 0.499996 
712 0.499996 
713 0.499996 
714 0.499996 
715 0.499996 
716 0.499996 
717 0.499996 
718 0.499996 
719 0.499996 
720 0.499996 
721 0.499996 
722 0.499996 
723 0.499996 
724 0.499996 
725 0.499996 
726 0.499996 
727 0.499996 
728 0.499996 
729 0.499996 
730 0.499996 
731 0.499996 
732 0.499996 
733 0.499996 
734 0.499996 
735 0.499996 
736 0.499996 
737 0.499996 
738 0.499996 
739 0.499996 
740 0.499996 
741 0.499996 
742 0.499996 
743 0.499996 
744 0.499996 
745 0.499996 
746 0.499996 
747 0.499996 
748 0.499996 
749 0.499996 
750 0.499996 
751 0.499996 
752 0.499996 
753 0.499996 
754 0.499996 
755 0.499996 
756 0.499996 
757 0.499996 
758 0.499996 
759 0.499996 
760 0.499996 
761 0.499996 
762 0.499996 
763 0.499996 
764 0.499996 
765 0.499996 
766 0.499996 
767 0.499996 
768 0.499996 
769 0.499996 
770 0.499996 
771 0.499996 
772 0.499996 
773 0.499996 
774 0.499996 
775 0.499996 
776 0.499996 
777 0.499996 
778 0.499996 
779 0.499996 
780 0.499996 
781 0.499996 
782 0.499996 
783 0.499996 
784 0.499996 
785 0.499996 
786 0.499996 
787 0.499996 
788 0.499996 
789 0.499996 
790 0.499996 
791 0.499996 
792 0.499996 
793 0.499996 
794 0.499996 
795 0.499996 
796 0.499996 
797 0.499996 
798 0.499996 
799 0.499996 
800 0.499996 
801 0.499996 
802 0.499996 
803 0.499996 
804 0.499996 
805 0.499996 
806 0.499996 
807 0.499996 
808 0.4999959 
809 0.4999959 
810 0.4999959 
811 0.4999959 
812 0.4999959 
813 0.4999959 
814 0.4999959 
815 0.4999959 
816 0.4999959 
817 0.4999959 
818 0.4999959 
819 0.4999959 
820 0.4999959 
821 0.4999959 
822 0.4999959 
823 0.4999959 
824 0.4999959 
825 0.4999959 
826 0.4999959 
827 0.4999959 
828 0.4999959 
829 0.4999959 
830 0.4999959 
831 0.4999959 
832 0.4999959 
833 0.4999959 
834 0.4999959 
835 0.4999959 
836 0.4999959 
837 0.4999959 
838 0.4999959 
839 0.4999959 
840 0.4999959 
841 0.4999959 
842 0.4999959 
843 0.4999959 
844 0.4999959 
845 0.4999959 
846 0.4999959 
847 0.4999959 
848 0.4999959 
849 0.4999959 
850 0.4999959 
851 0.4999959 
852 0.4999959 
853 0.4999959 
854 0.4999959 
855 0.4999959 
856 0.4999959 
857 0.4999959 
858 0.4999959 
859 0.4999959 
860 0.4999959 
861 0.4999959 
862 0.4999959 
863 0.4999959 
864 0.4999959 
865 0.4999959 
866 0.4999959 
867 0.4999959 
868 0.4999959 
869 0.4999959 
870 0.4999959 
871 0.4999959 
872 0.4999959 
873 0.4999959 
874 0.4999959 
875 0.4999959 
876 0.4999959 
877 0.4999959 
878 0.4999959 
879 0.4999959 
880 0.4999959 
881 0.4999959 
882 0.4999959 
883 0.4999959 
884 0.4999959 
885 0.4999959 
886 0.4999959 
887 0.4999959 
888 0.4999959 
889 0.4999959 
890 0.4999959 
891 0.4999959 
892 0.4999959 
893 0.4999959 
894 0.4999959 
895 0.4999959 
896 0.4999959 
897 0.4999959 
898 0.4999959 
899 0.4999959 
900 0.4999959 
901 0.4999959 
902 0.4999959 
903 0.4999959 
904 0.4999959 
905 0.4999959 
906 0.4999959 
907 0.4999959 
908 0.4999959 
909 0.4999959 
910 0.4999959 
911 0.4999959 
912 0.4999959 
913 0.4999959 
914 0.4999959 
915 0.4999959 
916 0.4999959 
917 0.4999959 
918 0.4999959 
919 0.4999959 
920 0.4999959 
921 0.4999959 
922 0.4999959 
923 0.4999959 
924 0.4999959 
925 0.4999959 
926 0.4999959 
927 0.4999959 
928 0.4999959 
929 0.4999959 
930 0.4999959 
931 0.4999959 
932 0.4999959 
933 0.4999959 
934 0.4999959 
935 0.4999959 
936 0.4999959 
937 0.4999959 
938 0.4999959 
939 0.4999959 
940 0.4999959 
941 0.4999959 
942 0.4999959 
943 0.4999959 
944 0.4999959 
945 0.4999959 
946 0.4999959 
947 0.4999959 
948 0.4999959 
949 0.4999959 
950 0.4999959 
951 0.4999959 
952 0.4999959 
953 0.4999959 
954 0.4999959 
955 0.4999959 
956 0.4999959 
957 0.4999959 
958 0.4999959 
959 0.4999959 
960 0.4999959 
961 0.4999959 
962 0.4999959 
963 0.4999959 
964 0.4999959 
965 0.4999959 
966 0.4999959 
967 0.4999959 
968 0.4999959 
969 0.4999959 
970 0.4999959 
971 0.4999959 
972 0.4999959 
973 0.4999959 
974 0.4999959 
975 0.4999959 
976 0.4999959 
977 0.4999959 
978 0.4999959 
979 0.4999959 
980 0.4999959 
981 0.4999959 
982 0.4999959 
983 0.4999959 
984 0.4999959 
985 0.4999959 
986 0.4999959 
987 0.4999959 
988 0.4999959 
989 0.4999959 
990 0.4999959 
991 0.4999959 
992 0.4999959 
993 0.4999959 
994 0.4999959 
995 0.4999959 
996 0.4999959 
997 0.4999959 
998 0.4999959 
999 0.4999959 
1000 0.4999959 
