1 0.992681 
2 0.976819 
3 0.967803 
4 0.95688 
5 0.952262 
6 0.938895 
7 0.910073 
8 0.888196 
9 0.87288 
10 0.857779 
11 0.835091 
12 0.824272 
13 0.805176 
14 0.797785 
15 0.785339 
16 0.774091 
17 0.767995 
18 0.760806 
19 0.746769 
20 0.73098 
21 0.708884 
22 0.70029 
23 0.689013 
24 0.672435 
25 0.640621 
26 0.624162 
27 0.605813 
28 0.580496 
29 0.563633 
30 0.553972 
31 0.547332 
32 0.53693 
33 0.530568 
34 0.518414 
35 0.502357 
36 0.487517 
37 0.472781 
38 0.455891 
39 0.442611 
40 0.43296 
41 0.414893 
42 0.391631 
43 0.374553 
44 0.344508 
45 0.316695 
46 0.271011 
47 0.210023 
48 0.166466 
49 0.145644 
50 0.152062 
51 0.119063 
52 0.112908 
53 0.100958 
54 0.172296 
55 0.132219 
56 0.10789 
57 0.0874944 
58 0.0750825 
59 0.0684647 
60 0.0690851 
61 0.0601389 
62 0.0560617 
63 0.108454 
64 0.0784083 
65 0.0645239 
66 0.0515501 
67 0.0387597 
68 0.0576572 
69 0.04321 
70 0.0341183 
71 0.0290068 
72 0.02653 
73 0.0249632 
74 0.985104 
75 0.970108 
76 0.927783 
77 0.883282 
78 0.808371 
79 0.675807 
80 0.542438 
81 0.436446 
82 0.3693 
83 0.231796 
84 0.147976 
85 0.0880226 
86 0.0815207 
87 0.0742464 
88 0.0730647 
89 0.0729807 
90 0.0728969 
91 0.0728129 
92 0.0727265 
93 0.0717107 
94 0.0716302 
95 0.0715267 
96 0.0714462 
97 0.0713655 
98 0.0712848 
99 0.0712041 
100 0.070312 
101 0.0702326 
102 0.0691644 
103 0.0690836 
104 0.0683298 
105 0.0682504 
106 0.0681709 
107 0.0678585 
108 0.0677799 
109 0.0677013 
110 0.0676226 
111 0.0675438 
112 0.067465 
113 0.067386 
114 0.0672507 
115 0.0671715 
116 0.0670921 
117 0.0670127 
118 0.0669331 
119 0.0668535 
120 0.0654272 
121 0.0653547 
122 0.0646732 
123 0.0646025 
124 0.0645317 
125 0.0644608 
126 0.0643898 
127 0.0643187 
128 0.0642476 
129 0.0641763 
130 0.0641049 
131 0.0640335 
132 0.0639619 
133 0.0638902 
134 0.0638185 
135 0.0636084 
136 0.0635369 
137 0.0634653 
138 0.0633935 
139 0.0633217 
140 0.0632498 
141 0.0631777 
142 0.0631055 
143 0.0630333 
144 0.0629609 
145 0.0628884 
146 0.0628158 
147 0.0627187 
148 0.0626432 
149 0.0625702 
150 0.062497 
151 0.0620645 
152 0.0619938 
153 0.0616348 
154 0.0615651 
155 0.0614953 
156 0.0614254 
157 0.0613554 
158 0.0612852 
159 0.0610381 
160 0.0609678 
161 0.0608974 
162 0.0608268 
163 0.0607561 
164 0.0606853 
165 0.0606144 
166 0.0605434 
167 0.0604722 
168 0.0604009 
169 0.0603294 
170 0.0602579 
171 0.0601862 
172 0.0601144 
173 0.0600424 
174 0.0599703 
175 0.059898 
176 0.0598257 
177 0.0593154 
178 0.0592447 
179 0.0591739 
180 0.0591029 
181 0.0590318 
182 0.0589605 
183 0.0577969 
184 0.0577291 
185 0.0575708 
186 0.0575026 
187 0.0574343 
188 0.0567109 
189 0.0566461 
190 0.0565811 
191 0.056516 
192 0.0564508 
193 0.0563854 
194 0.0562841 
195 0.0562187 
196 0.0561532 
197 0.0560875 
198 0.0560216 
199 0.0559556 
200 0.0558894 
201 0.0558231 
202 0.0557567 
203 0.0547173 
204 0.0546503 
205 0.054583 
206 0.0545156 
207 0.054448 
208 0.0543802 
209 0.0543122 
210 0.0539241 
211 0.0538576 
212 0.0537909 
213 0.053724 
214 0.0536319 
215 0.0535647 
216 0.0530047 
217 0.0528734 
218 0.052807 
219 0.0523882 
220 0.0523227 
221 0.0522571 
222 0.0521912 
223 0.0521252 
224 0.0520589 
225 0.0519925 
226 0.0519258 
227 0.0518589 
228 0.0517918 
229 0.0517245 
230 0.051657 
231 0.0515892 
232 0.0515212 
233 0.0514529 
234 0.0513844 
235 0.0513157 
236 0.0512298 
237 0.0511606 
238 0.0510912 
239 0.0510215 
240 0.0509515 
241 0.0508813 
242 0.0508107 
243 0.0507193 
244 0.0506481 
245 0.0505767 
246 0.0505049 
247 0.0504329 
248 0.0503605 
249 0.0502215 
250 0.0501486 
251 0.0496434 
252 0.0495723 
253 0.0495009 
254 0.0494291 
255 0.049357 
256 0.0492845 
257 0.0492116 
258 0.0491384 
259 0.0488005 
260 0.0487283 
261 0.0486556 
262 0.0485826 
263 0.0485092 
264 0.0484353 
265 0.048361 
266 0.0482863 
267 0.0482024 
268 0.0481268 
269 0.0474533 
270 0.047382 
271 0.0473104 
272 0.0472383 
273 0.0471658 
274 0.0470929 
275 0.0470194 
276 0.0469455 
277 0.0468711 
278 0.0461918 
279 0.04613 
280 0.0460677 
281 0.0460051 
282 0.0456788 
283 0.0456143 
284 0.0455493 
285 0.0451829 
286 0.0447783 
287 0.0446944 
288 0.0446096 
289 0.044524 
290 0.0444374 
291 0.0443498 
292 0.0442612 
293 0.0441716 
294 0.0440808 
295 0.043976 
296 0.0438829 
297 0.0433543 
298 0.0431799 
299 0.0430868 
300 0.0429923 
301 0.042614 
302 0.0422603 
303 0.0421607 
304 0.0420595 
305 0.0413805 
306 0.0412475 
307 0.0411065 
308 0.0409647 
309 0.0408183 
310 0.0406668 
311 0.040493 
312 0.040319 
313 0.0400977 
314 0.0397627 
315 0.0388345 
316 0.0384183 
317 0.0377915 
318 0.0350054 
319 0.0296593 
320 0.0295969 
321 0.0295431 
322 0.0294971 
323 0.0294313 
324 0.0293737 
325 0.0293224 
326 0.0292692 
327 0.0292141 
328 0.0291567 
329 0.0290966 
330 0.0290329 
331 0.028965 
332 0.0288915 
333 0.0288107 
334 0.0287152 
335 0.0285037 
336 0.0282174 
337 0.0281057 
338 0.027851 
339 0.0276925 
340 0.0273849 
341 0.024552 
342 0.0245101 
343 0.0239857 
344 0.0238604 
345 0.02362 
346 0.0219844 
347 0.020196 
348 0.0197792 
349 0.0194397 
350 0.0185623 
351 0.0174964 
352 0.0174764 
353 0.0217704 
354 0.0142781 
355 0.0139792 
356 0.0139267 
357 0.0138462 
358 0.0137597 
359 0.0136639 
360 0.0135519 
361 0.0134036 
362 0.0130808 
363 0.0249645 
364 0.0246328 
365 0.0215118 
366 0.0161497 
367 0.0149186 
368 0.0136194 
369 0.0134718 
370 0.0134218 
371 0.0133722 
372 0.0133218 
373 0.0132723 
374 0.013222 
375 0.0131721 
376 0.0131223 
377 0.0130726 
378 0.0130229 
379 0.0129738 
380 0.0129246 
381 0.0128746 
382 0.0128251 
383 0.0127751 
384 0.0127256 
385 0.0126767 
386 0.0126249 
387 0.0125764 
388 0.0125266 
389 0.0124778 
390 0.0124287 
391 0.0123797 
392 0.0123312 
393 0.0122822 
394 0.0122337 
395 0.0121848 
396 0.0121359 
397 0.0120874 
398 0.0120385 
399 0.0119896 
400 0.0119408 
401 0.0118919 
402 0.0118426 
403 0.0117942 
404 0.0117459 
405 0.0116971 
406 0.0116484 
407 0.0115992 
408 0.0115505 
409 0.0115019 
410 0.0114533 
411 0.0114053 
412 0.0113568 
413 0.0113078 
414 0.0112589 
415 0.0112104 
416 0.0111616 
417 0.0111127 
418 0.0110644 
419 0.0110161 
420 0.0109673 
421 0.0109195 
422 0.0108717 
423 0.0108239 
424 0.0107762 
425 0.0107275 
426 0.0106794 
427 0.0106316 
428 0.0105835 
429 0.010536 
430 0.0104879 
431 0.0104404 
432 0.0103919 
433 0.010344 
434 0.0102959 
435 0.010248 
436 0.0102004 
437 0.0101519 
438 0.0101039 
439 0.0100558 
440 0.0100076 
441 0.00995898 
442 0.00991071 
443 0.00986285 
444 0.00981441 
445 0.00976635 
446 0.00971817 
447 0.00966935 
448 0.00961979 
449 0.00957062 
450 0.00952125 
451 0.00947208 
452 0.00942214 
453 0.00937137 
454 0.00932071 
455 0.00926909 
456 0.00921799 
457 0.00915717 
458 0.00911251 
459 0.00902675 
460 0.00897997 
461 0.00893215 
462 0.00888312 
463 0.0088321 
464 0.00877972 
465 0.008725 
466 0.00866723 
467 0.00860525 
468 0.00853711 
469 0.00845872 
470 0.00835884 
471 0.00818032 
472 0.00804038 
473 0.0236451 
474 0.0150525 
475 0.0135641 
476 0.0134171 
477 0.013342 
478 0.0132672 
479 0.0131935 
480 0.0131201 
481 0.0130463 
482 0.0129728 
483 0.0129004 
484 0.0128283 
485 0.0127566 
486 0.0126844 
487 0.0126139 
488 0.0125431 
489 0.0124733 
490 0.0124031 
491 0.0123332 
492 0.012264 
493 0.0121943 
494 0.0121251 
495 0.0120338 
496 0.0119636 
497 0.0118931 
498 0.0118235 
499 0.0117542 
500 0.0116851 
501 0.0110235 
502 0.010971 
503 0.0109188 
504 0.0108668 
505 0.0108149 
506 0.0107638 
507 0.0107124 
508 0.0106616 
509 0.01061 
510 0.0105586 
511 0.0105079 
512 0.0104574 
513 0.0104076 
514 0.0103576 
515 0.0103077 
516 0.0102578 
517 0.0102077 
518 0.0101576 
519 0.0101083 
520 0.0100592 
521 0.0100107 
522 0.00996243 
523 0.00991381 
524 0.00986531 
525 0.00981695 
526 0.00976925 
527 0.00972068 
528 0.00967324 
529 0.00962636 
530 0.00957964 
531 0.00953209 
532 0.00948512 
533 0.00943828 
534 0.00939155 
535 0.00934492 
536 0.0092984 
537 0.00925197 
538 0.00920563 
539 0.00915891 
540 0.00911228 
541 0.00906572 
542 0.0090197 
543 0.00897378 
544 0.008927 
545 0.00888071 
546 0.00883449 
547 0.00878833 
548 0.00874176 
549 0.00869658 
550 0.00865004 
551 0.00860353 
552 0.00855701 
553 0.0085105 
554 0.00846443 
555 0.00841833 
556 0.00837215 
557 0.00832598 
558 0.00827973 
559 0.00823296 
560 0.0081861 
561 0.00813958 
562 0.00809294 
563 0.00804662 
564 0.00800013 
565 0.00795297 
566 0.00790464 
567 0.007857 
568 0.00780861 
569 0.00775987 
570 0.00771078 
571 0.00766174 
572 0.00761273 
573 0.00756291 
574 0.00751276 
575 0.0074614 
576 0.00740973 
577 0.0073566 
578 0.0073018 
579 0.00724565 
580 0.00718841 
581 0.00685841 
582 0.00609938 
583 0.00608542 
584 0.00583377 
585 0.00580564 
586 0.00577661 
587 0.00574648 
588 0.00571502 
589 0.00568235 
590 0.005648 
591 0.00561202 
592 0.00557415 
593 0.00553387 
594 0.00549107 
595 0.00544556 
596 0.00539639 
597 0.00534332 
598 0.0052847 
599 0.0116379 
600 0.00521933 
601 0.00514489 
602 0.00506076 
603 0.00494277 
604 0.00481682 
605 0.0198341 
606 0.00444929 
607 0.004435 
608 0.00438159 
609 0.00437687 
610 0.0043722 
611 0.00436758 
612 0.00436301 
613 0.0043586 
614 0.00435413 
615 0.00434439 
616 0.00433949 
617 0.00433464 
618 0.00432986 
619 0.00432517 
620 0.0043205 
621 0.00431593 
622 0.00431134 
623 0.00430681 
624 0.00430231 
625 0.00429787 
626 0.00429346 
627 0.0042891 
628 0.00428479 
629 0.00428049 
630 0.00427619 
631 0.00427193 
632 0.00426774 
633 0.00426355 
634 0.00425942 
635 0.00425531 
636 0.00425119 
637 0.00424711 
638 0.00424301 
639 0.00423898 
640 0.00423491 
641 0.0042309 
642 0.00422695 
643 0.00422297 
644 0.00421907 
645 0.0042151 
646 0.00421123 
647 0.00420729 
648 0.00420337 
649 0.00419951 
650 0.00419545 
651 0.00419159 
652 0.00418777 
653 0.00418394 
654 0.00418015 
655 0.00417635 
656 0.0041726 
657 0.00416883 
658 0.00416511 
659 0.00416136 
660 0.00415765 
661 0.00415276 
662 0.00414886 
663 0.00414497 
664 0.00414114 
665 0.00413734 
666 0.00413362 
667 0.00412993 
668 0.00412621 
669 0.00412252 
670 0.00411885 
671 0.00411522 
672 0.00411162 
673 0.00410802 
674 0.00410444 
675 0.00410085 
676 0.00409727 
677 0.0040937 
678 0.00409013 
679 0.0040866 
680 0.00408307 
681 0.00407958 
682 0.00407496 
683 0.00407178 
684 0.00406861 
685 0.00406544 
686 0.0040623 
687 0.00405912 
688 0.00405597 
689 0.00405281 
690 0.00404967 
691 0.00404652 
692 0.00404337 
693 0.00404022 
694 0.00403707 
695 0.0040339 
696 0.00403074 
697 0.00402758 
698 0.00402443 
699 0.00402124 
700 0.00401809 
701 0.00401491 
702 0.00401175 
703 0.00400861 
704 0.00400544 
705 0.00400228 
706 0.00399912 
707 0.00399595 
708 0.00399274 
709 0.00398954 
710 0.00398636 
711 0.00398319 
712 0.00397997 
713 0.00397678 
714 0.00397359 
715 0.00397037 
716 0.00396717 
717 0.00396396 
718 0.00396074 
719 0.00395754 
720 0.00395432 
721 0.00395109 
722 0.00394783 
723 0.00394458 
724 0.00394132 
725 0.00393805 
726 0.00393479 
727 0.00393152 
728 0.00392827 
729 0.00392498 
730 0.00392174 
731 0.00391843 
732 0.00391513 
733 0.00391185 
734 0.00390383 
735 0.00389896 
736 0.00389418 
737 0.0038895 
738 0.00388487 
739 0.00388029 
740 0.00387572 
741 0.00387116 
742 0.00386664 
743 0.00386212 
744 0.00385762 
745 0.00385313 
746 0.00384862 
747 0.00384411 
748 0.00383959 
749 0.00383508 
750 0.00383054 
751 0.00382598 
752 0.00382144 
753 0.00381683 
754 0.00381224 
755 0.00380764 
756 0.00380304 
757 0.00379838 
758 0.00379371 
759 0.00378902 
760 0.00378431 
761 0.00377958 
762 0.00377483 
763 0.00377006 
764 0.00376527 
765 0.00375793 
766 0.00375134 
767 0.00374478 
768 0.00373828 
769 0.00373179 
770 0.00372525 
771 0.00371868 
772 0.00371216 
773 0.00370563 
774 0.00369904 
775 0.00369242 
776 0.00368573 
777 0.00367895 
778 0.00367217 
779 0.00366534 
780 0.00365844 
781 0.00365153 
782 0.00364451 
783 0.00363743 
784 0.00363028 
785 0.00362306 
786 0.00361577 
787 0.00360697 
788 0.0035973 
789 0.00358773 
790 0.00357812 
791 0.00356819 
792 0.00355799 
793 0.00354751 
794 0.00353674 
795 0.00352567 
796 0.00351432 
797 0.00350271 
798 0.00349086 
799 0.00347873 
800 0.00346633 
801 0.00345368 
802 0.00344078 
803 0.00342763 
804 0.00341423 
805 0.00340057 
806 0.00338667 
807 0.00337249 
808 0.00335803 
809 0.00333915 
810 0.00333268 
811 0.00332589 
812 0.00331879 
813 0.00331168 
814 0.00330458 
815 0.00329751 
816 0.00329019 
817 0.00328297 
818 0.0032758 
819 0.00326865 
820 0.00326152 
821 0.00325441 
822 0.0032473 
823 0.00324018 
824 0.00323305 
825 0.00322589 
826 0.0032187 
827 0.00321146 
828 0.00320417 
829 0.0031968 
830 0.00318941 
831 0.00317851 
832 0.00315474 
833 0.00314198 
834 0.00314018 
835 0.00313936 
836 0.00313854 
837 0.00313772 
838 0.0031369 
839 0.00313607 
840 0.00313526 
841 0.00313445 
842 0.00313365 
843 0.00313285 
844 0.00313206 
845 0.00313126 
846 0.00313048 
847 0.00312967 
848 0.00312887 
849 0.00312808 
850 0.00312729 
851 0.0031265 
852 0.0031257 
853 0.00312489 
854 0.00312409 
855 0.0031233 
856 0.0031225 
857 0.0031217 
858 0.0031209 
859 0.0031201 
860 0.00311931 
861 0.00311852 
862 0.00311771 
863 0.00311691 
864 0.00311612 
865 0.00311533 
866 0.00311445 
867 0.00311365 
868 0.00311284 
869 0.00311203 
870 0.00311123 
871 0.00311044 
872 0.00310963 
873 0.00310883 
874 0.00310803 
875 0.00310721 
876 0.0031064 
877 0.0031056 
878 0.0031048 
879 0.00310401 
880 0.00310321 
881 0.00310242 
882 0.00310162 
883 0.00310083 
884 0.00310002 
885 0.00309922 
886 0.00309842 
887 0.00309764 
888 0.00309685 
889 0.00309605 
890 0.00309526 
891 0.00309447 
892 0.00309366 
893 0.00309288 
894 0.00309208 
895 0.00309129 
896 0.00309049 
897 0.00308968 
898 0.00308888 
899 0.00308808 
900 0.00308728 
901 0.00308649 
902 0.00308569 
903 0.00308489 
904 0.00308411 
905 0.0030833 
906 0.0030825 
907 0.00308171 
908 0.00308092 
909 0.00308012 
910 0.00307933 
911 0.00307854 
912 0.00307774 
913 0.00307695 
914 0.00307615 
915 0.00307536 
916 0.00307457 
917 0.00307377 
918 0.00307299 
919 0.00307219 
920 0.00307139 
921 0.00307061 
922 0.00306981 
923 0.00306902 
924 0.00306823 
925 0.00306745 
926 0.00306666 
927 0.00306586 
928 0.00306507 
929 0.00306428 
930 0.0030635 
931 0.00306271 
932 0.00306192 
933 0.00306112 
934 0.00306032 
935 0.00305952 
936 0.00305874 
937 0.00305795 
938 0.00305714 
939 0.00305636 
940 0.00305558 
941 0.00305479 
942 0.00305401 
943 0.00305321 
944 0.00305242 
945 0.00305163 
946 0.00305085 
947 0.00305005 
948 0.00304926 
949 0.00304849 
950 0.0030477 
951 0.00304692 
952 0.00304613 
953 0.00304534 
954 0.00304456 
955 0.00304378 
956 0.003043 
957 0.00304221 
958 0.00304143 
959 0.00304066 
960 0.00303988 
961 0.00303911 
962 0.00303833 
963 0.00303755 
964 0.00303676 
965 0.00303599 
966 0.00303522 
967 0.00303445 
968 0.00303366 
969 0.00303289 
970 0.0030321 
971 0.00303133 
972 0.00303055 
973 0.00302977 
974 0.00302898 
975 0.0030282 
976 0.00302742 
977 0.00302664 
978 0.00302585 
979 0.00302508 
980 0.0030243 
981 0.00302352 
982 0.00302274 
983 0.00302196 
984 0.00302119 
985 0.00302041 
986 0.00301963 
987 0.00301885 
988 0.00301806 
989 0.00301728 
990 0.00301651 
991 0.00301573 
992 0.00301495 
993 0.00301419 
994 0.00301342 
995 0.00301265 
996 0.00301187 
997 0.00301109 
998 0.00301032 
999 0.00300955 
1000 0.00300878 
