1 32.773373 
2 32.773041 
3 32.772703 
4 32.772396 
5 32.771834 
6 32.770652 
7 32.770434 
8 32.770223 
9 32.76998 
10 32.769677 
11 32.769315 
12 32.76908 
13 32.768725 
14 32.768502 
15 32.768271 
16 32.767941 
17 32.767728 
18 32.767407 
19 32.767171 
20 32.766858 
21 32.766611 
22 32.766376 
23 32.766019 
24 32.765726 
25 32.765542 
26 32.76487 
27 32.764057 
28 32.762897 
29 32.761759 
30 32.76132 
31 32.760919 
32 32.760194 
33 32.759395 
34 32.758276 
35 32.757724 
36 32.756877 
37 32.756315 
38 32.755729 
39 32.755269 
40 32.754896 
41 32.754319 
42 32.75379 
43 32.753388 
44 32.75291 
45 32.75261 
46 32.752354 
47 32.752163 
48 32.752055 
49 32.751888 
50 32.75132 
51 32.751269 
52 32.751115 
53 32.751056 
54 32.750679 
55 32.750634 
56 32.750618 
57 32.750602 
58 32.750575 
59 32.750458 
60 32.750421 
61 32.750412 
62 32.750394 
63 32.750154 
64 32.75014 
65 32.750135 
66 32.75013 
67 32.750124 
68 32.750092 
69 32.750088 
70 32.750084 
71 32.750081 
72 32.750075 
73 32.750068 
74 32.74987 
75 32.749742 
76 32.749619 
77 32.749452 
78 32.749324 
79 32.749211 
80 32.749137 
81 32.749066 
82 32.74903 
83 32.748978 
84 32.748956 
85 32.748935 
86 32.748932 
87 32.748927 
88 32.748927 
89 32.748927 
90 32.748927 
91 32.748927 
92 32.748927 
93 32.748927 
94 32.748927 
95 32.748927 
96 32.748927 
97 32.748927 
98 32.748927 
99 32.748926 
100 32.748926 
101 32.748926 
102 32.748926 
103 32.748926 
104 32.748926 
105 32.748926 
106 32.748926 
107 32.748926 
108 32.748926 
109 32.748926 
110 32.748926 
111 32.748926 
112 32.748926 
113 32.748926 
114 32.748926 
115 32.748926 
116 32.748926 
117 32.748926 
118 32.748926 
119 32.748926 
120 32.748926 
121 32.748926 
122 32.748926 
123 32.748926 
124 32.748926 
125 32.748925 
126 32.748925 
127 32.748925 
128 32.748925 
129 32.748925 
130 32.748925 
131 32.748925 
132 32.748925 
133 32.748925 
134 32.748925 
135 32.748925 
136 32.748925 
137 32.748925 
138 32.748925 
139 32.748925 
140 32.748925 
141 32.748925 
142 32.748925 
143 32.748925 
144 32.748925 
145 32.748925 
146 32.748925 
147 32.748925 
148 32.748925 
149 32.748925 
150 32.748925 
151 32.748925 
152 32.748924 
153 32.748924 
154 32.748924 
155 32.748924 
156 32.748924 
157 32.748924 
158 32.748924 
159 32.748924 
160 32.748924 
161 32.748924 
162 32.748924 
163 32.748924 
164 32.748924 
165 32.748924 
166 32.748924 
167 32.748924 
168 32.748924 
169 32.748924 
170 32.748924 
171 32.748924 
172 32.748924 
173 32.748924 
174 32.748924 
175 32.748924 
176 32.748924 
177 32.748924 
178 32.748924 
179 32.748923 
180 32.748923 
181 32.748923 
182 32.748923 
183 32.748923 
184 32.748923 
185 32.748923 
186 32.748923 
187 32.748923 
188 32.748923 
189 32.748923 
190 32.748923 
191 32.748923 
192 32.748923 
193 32.748923 
194 32.748923 
195 32.748923 
196 32.748923 
197 32.748923 
198 32.748923 
199 32.748923 
200 32.748923 
201 32.748923 
202 32.748923 
203 32.748923 
204 32.748923 
205 32.748923 
206 32.748922 
207 32.748922 
208 32.748922 
209 32.748922 
210 32.748922 
211 32.748922 
212 32.748922 
213 32.748922 
214 32.748922 
215 32.748922 
216 32.748922 
217 32.748922 
218 32.748922 
219 32.748922 
220 32.748922 
221 32.748922 
222 32.748922 
223 32.748922 
224 32.748922 
225 32.748922 
226 32.748922 
227 32.748922 
228 32.748922 
229 32.748922 
230 32.748922 
231 32.748922 
232 32.748922 
233 32.748921 
234 32.748921 
235 32.748921 
236 32.748921 
237 32.748921 
238 32.748921 
239 32.748921 
240 32.748921 
241 32.748921 
242 32.748921 
243 32.748921 
244 32.748921 
245 32.748921 
246 32.748921 
247 32.748921 
248 32.748921 
249 32.748921 
250 32.748921 
251 32.748921 
252 32.748921 
253 32.748921 
254 32.748921 
255 32.748921 
256 32.74892 
257 32.74892 
258 32.74892 
259 32.74892 
260 32.74892 
261 32.74892 
262 32.74892 
263 32.74892 
264 32.74892 
265 32.74892 
266 32.74892 
267 32.74892 
268 32.74892 
269 32.74892 
270 32.74892 
271 32.74892 
272 32.74892 
273 32.74892 
274 32.74892 
275 32.74892 
276 32.74892 
277 32.748919 
278 32.748919 
279 32.748919 
280 32.748919 
281 32.748919 
282 32.748919 
283 32.748919 
284 32.748919 
285 32.748919 
286 32.748919 
287 32.748919 
288 32.748919 
289 32.748919 
290 32.748919 
291 32.748919 
292 32.748919 
293 32.748919 
294 32.748919 
295 32.748918 
296 32.748918 
297 32.748918 
298 32.748918 
299 32.748918 
300 32.748918 
301 32.748918 
302 32.748918 
303 32.748918 
304 32.748918 
305 32.748918 
306 32.748918 
307 32.748918 
308 32.748917 
309 32.748917 
310 32.748917 
311 32.748917 
312 32.748917 
313 32.748917 
314 32.748916 
315 32.748916 
316 32.748916 
317 32.748916 
318 32.748914 
319 32.748902 
320 32.748902 
321 32.748902 
322 32.748902 
323 32.748902 
324 32.748902 
325 32.748901 
326 32.748901 
327 32.748901 
328 32.748901 
329 32.748901 
330 32.748901 
331 32.748901 
332 32.748901 
333 32.748901 
334 32.7489 
335 32.7489 
336 32.748899 
337 32.748899 
338 32.748898 
339 32.748898 
340 32.748897 
341 32.748862 
342 32.748862 
343 32.74886 
344 32.74886 
345 32.748859 
346 32.748845 
347 32.748845 
348 32.748845 
349 32.748845 
350 32.748844 
351 32.74884 
352 32.74884 
353 32.748831 
354 32.748831 
355 32.748831 
356 32.748831 
357 32.748831 
358 32.748831 
359 32.748831 
360 32.748831 
361 32.748831 
362 32.74883 
363 32.748816 
364 32.748816 
365 32.748816 
366 32.748816 
367 32.748816 
368 32.748816 
369 32.748816 
370 32.748816 
371 32.748816 
372 32.748816 
373 32.748816 
374 32.748816 
375 32.748816 
376 32.748816 
377 32.748816 
378 32.748816 
379 32.748816 
380 32.748816 
381 32.748816 
382 32.748816 
383 32.748816 
384 32.748816 
385 32.748816 
386 32.748816 
387 32.748816 
388 32.748816 
389 32.748816 
390 32.748816 
391 32.748816 
392 32.748816 
393 32.748816 
394 32.748816 
395 32.748816 
396 32.748816 
397 32.748816 
398 32.748816 
399 32.748816 
400 32.748816 
401 32.748816 
402 32.748816 
403 32.748816 
404 32.748816 
405 32.748816 
406 32.748816 
407 32.748816 
408 32.748816 
409 32.748816 
410 32.748816 
411 32.748816 
412 32.748816 
413 32.748816 
414 32.748816 
415 32.748816 
416 32.748816 
417 32.748816 
418 32.748816 
419 32.748816 
420 32.748816 
421 32.748816 
422 32.748816 
423 32.748816 
424 32.748816 
425 32.748816 
426 32.748816 
427 32.748816 
428 32.748815 
429 32.748815 
430 32.748815 
431 32.748815 
432 32.748815 
433 32.748815 
434 32.748815 
435 32.748815 
436 32.748815 
437 32.748815 
438 32.748815 
439 32.748815 
440 32.748815 
441 32.748815 
442 32.748815 
443 32.748815 
444 32.748815 
445 32.748815 
446 32.748815 
447 32.748815 
448 32.748815 
449 32.748815 
450 32.748815 
451 32.748815 
452 32.748815 
453 32.748815 
454 32.748815 
455 32.748815 
456 32.748815 
457 32.748815 
458 32.748815 
459 32.748815 
460 32.748815 
461 32.748815 
462 32.748815 
463 32.748815 
464 32.748815 
465 32.748815 
466 32.748815 
467 32.748815 
468 32.748815 
469 32.748815 
470 32.748815 
471 32.748815 
472 32.748811 
473 32.748808 
474 32.748808 
475 32.748807 
476 32.748807 
477 32.748807 
478 32.748807 
479 32.748807 
480 32.748807 
481 32.748807 
482 32.748807 
483 32.748807 
484 32.748807 
485 32.748807 
486 32.748807 
487 32.748807 
488 32.748807 
489 32.748807 
490 32.748807 
491 32.748807 
492 32.748807 
493 32.748807 
494 32.748807 
495 32.748807 
496 32.748807 
497 32.748807 
498 32.748807 
499 32.748807 
500 32.748807 
501 32.748807 
502 32.748807 
503 32.748807 
504 32.748807 
505 32.748807 
506 32.748807 
507 32.748807 
508 32.748807 
509 32.748807 
510 32.748807 
511 32.748807 
512 32.748807 
513 32.748807 
514 32.748807 
515 32.748807 
516 32.748807 
517 32.748807 
518 32.748807 
519 32.748807 
520 32.748807 
521 32.748807 
522 32.748807 
523 32.748807 
524 32.748807 
525 32.748807 
526 32.748807 
527 32.748807 
528 32.748807 
529 32.748807 
530 32.748807 
531 32.748807 
532 32.748807 
533 32.748807 
534 32.748807 
535 32.748807 
536 32.748807 
537 32.748807 
538 32.748807 
539 32.748807 
540 32.748807 
541 32.748807 
542 32.748807 
543 32.748807 
544 32.748807 
545 32.748807 
546 32.748807 
547 32.748807 
548 32.748807 
549 32.748807 
550 32.748807 
551 32.748807 
552 32.748807 
553 32.748807 
554 32.748807 
555 32.748807 
556 32.748807 
557 32.748807 
558 32.748807 
559 32.748807 
560 32.748807 
561 32.748807 
562 32.748807 
563 32.748807 
564 32.748807 
565 32.748807 
566 32.748807 
567 32.748807 
568 32.748807 
569 32.748807 
570 32.748807 
571 32.748807 
572 32.748807 
573 32.748807 
574 32.748807 
575 32.748807 
576 32.748807 
577 32.748807 
578 32.748807 
579 32.748807 
580 32.748807 
581 32.748807 
582 32.748806 
583 32.748806 
584 32.748805 
585 32.748805 
586 32.748805 
587 32.748805 
588 32.748805 
589 32.748805 
590 32.748805 
591 32.748805 
592 32.748805 
593 32.748805 
594 32.748805 
595 32.748805 
596 32.748805 
597 32.748804 
598 32.748804 
599 32.748804 
600 32.748804 
601 32.748804 
602 32.748804 
603 32.748803 
604 32.748803 
605 32.748799 
606 32.748798 
607 32.748798 
608 32.748798 
609 32.748798 
610 32.748798 
611 32.748798 
612 32.748798 
613 32.748798 
614 32.748798 
615 32.748798 
616 32.748798 
617 32.748798 
618 32.748798 
619 32.748798 
620 32.748798 
621 32.748798 
622 32.748798 
623 32.748798 
624 32.748798 
625 32.748798 
626 32.748798 
627 32.748798 
628 32.748798 
629 32.748798 
630 32.748798 
631 32.748798 
632 32.748798 
633 32.748798 
634 32.748798 
635 32.748798 
636 32.748798 
637 32.748798 
638 32.748798 
639 32.748798 
640 32.748798 
641 32.748798 
642 32.748798 
643 32.748798 
644 32.748798 
645 32.748798 
646 32.748798 
647 32.748798 
648 32.748798 
649 32.748798 
650 32.748798 
651 32.748798 
652 32.748798 
653 32.748798 
654 32.748798 
655 32.748798 
656 32.748797 
657 32.748797 
658 32.748797 
659 32.748797 
660 32.748797 
661 32.748797 
662 32.748797 
663 32.748797 
664 32.748797 
665 32.748797 
666 32.748797 
667 32.748797 
668 32.748797 
669 32.748797 
670 32.748797 
671 32.748797 
672 32.748797 
673 32.748797 
674 32.748797 
675 32.748797 
676 32.748797 
677 32.748797 
678 32.748797 
679 32.748797 
680 32.748797 
681 32.748797 
682 32.748797 
683 32.748797 
684 32.748797 
685 32.748797 
686 32.748797 
687 32.748797 
688 32.748797 
689 32.748797 
690 32.748797 
691 32.748797 
692 32.748797 
693 32.748797 
694 32.748797 
695 32.748797 
696 32.748797 
697 32.748797 
698 32.748797 
699 32.748797 
700 32.748797 
701 32.748797 
702 32.748797 
703 32.748797 
704 32.748797 
705 32.748797 
706 32.748797 
707 32.748797 
708 32.748797 
709 32.748797 
710 32.748797 
711 32.748797 
712 32.748797 
713 32.748797 
714 32.748797 
715 32.748797 
716 32.748797 
717 32.748797 
718 32.748797 
719 32.748797 
720 32.748797 
721 32.748797 
722 32.748797 
723 32.748797 
724 32.748797 
725 32.748797 
726 32.748797 
727 32.748797 
728 32.748797 
729 32.748797 
730 32.748797 
731 32.748797 
732 32.748797 
733 32.748797 
734 32.748797 
735 32.748797 
736 32.748797 
737 32.748797 
738 32.748797 
739 32.748797 
740 32.748797 
741 32.748797 
742 32.748797 
743 32.748797 
744 32.748797 
745 32.748797 
746 32.748797 
747 32.748797 
748 32.748796 
749 32.748796 
750 32.748796 
751 32.748796 
752 32.748796 
753 32.748796 
754 32.748796 
755 32.748796 
756 32.748796 
757 32.748796 
758 32.748796 
759 32.748796 
760 32.748796 
761 32.748796 
762 32.748796 
763 32.748796 
764 32.748796 
765 32.748796 
766 32.748796 
767 32.748796 
768 32.748796 
769 32.748796 
770 32.748796 
771 32.748796 
772 32.748796 
773 32.748796 
774 32.748796 
775 32.748796 
776 32.748796 
777 32.748796 
778 32.748796 
779 32.748796 
780 32.748796 
781 32.748796 
782 32.748796 
783 32.748796 
784 32.748796 
785 32.748796 
786 32.748796 
787 32.748796 
788 32.748796 
789 32.748796 
790 32.748796 
791 32.748796 
792 32.748795 
793 32.748795 
794 32.748795 
795 32.748795 
796 32.748795 
797 32.748795 
798 32.748795 
799 32.748795 
800 32.748795 
801 32.748795 
802 32.748795 
803 32.748795 
804 32.748795 
805 32.748795 
806 32.748795 
807 32.748795 
808 32.748795 
809 32.748795 
810 32.748794 
811 32.748794 
812 32.748794 
813 32.748794 
814 32.748794 
815 32.748794 
816 32.748794 
817 32.748794 
818 32.748794 
819 32.748794 
820 32.748794 
821 32.748794 
822 32.748794 
823 32.748794 
824 32.748794 
825 32.748794 
826 32.748794 
827 32.748794 
828 32.748794 
829 32.748794 
830 32.748794 
831 32.748794 
832 32.748794 
833 32.748793 
834 32.748793 
835 32.748793 
836 32.748793 
837 32.748793 
838 32.748793 
839 32.748793 
840 32.748793 
841 32.748793 
842 32.748793 
843 32.748793 
844 32.748793 
845 32.748793 
846 32.748793 
847 32.748793 
848 32.748793 
849 32.748793 
850 32.748793 
851 32.748793 
852 32.748793 
853 32.748793 
854 32.748793 
855 32.748793 
856 32.748793 
857 32.748793 
858 32.748793 
859 32.748793 
860 32.748793 
861 32.748793 
862 32.748793 
863 32.748793 
864 32.748793 
865 32.748793 
866 32.748793 
867 32.748793 
868 32.748793 
869 32.748793 
870 32.748793 
871 32.748793 
872 32.748793 
873 32.748793 
874 32.748793 
875 32.748793 
876 32.748793 
877 32.748793 
878 32.748793 
879 32.748793 
880 32.748793 
881 32.748793 
882 32.748793 
883 32.748793 
884 32.748793 
885 32.748793 
886 32.748793 
887 32.748793 
888 32.748793 
889 32.748793 
890 32.748793 
891 32.748793 
892 32.748793 
893 32.748793 
894 32.748793 
895 32.748793 
896 32.748793 
897 32.748793 
898 32.748793 
899 32.748793 
900 32.748793 
901 32.748793 
902 32.748793 
903 32.748793 
904 32.748793 
905 32.748793 
906 32.748793 
907 32.748793 
908 32.748793 
909 32.748793 
910 32.748793 
911 32.748793 
912 32.748793 
913 32.748793 
914 32.748793 
915 32.748793 
916 32.748793 
917 32.748793 
918 32.748793 
919 32.748793 
920 32.748793 
921 32.748793 
922 32.748793 
923 32.748793 
924 32.748793 
925 32.748793 
926 32.748793 
927 32.748793 
928 32.748793 
929 32.748793 
930 32.748793 
931 32.748793 
932 32.748793 
933 32.748793 
934 32.748793 
935 32.748793 
936 32.748793 
937 32.748793 
938 32.748793 
939 32.748793 
940 32.748793 
941 32.748793 
942 32.748793 
943 32.748793 
944 32.748793 
945 32.748793 
946 32.748793 
947 32.748793 
948 32.748793 
949 32.748793 
950 32.748793 
951 32.748793 
952 32.748793 
953 32.748793 
954 32.748793 
955 32.748793 
956 32.748793 
957 32.748793 
958 32.748793 
959 32.748793 
960 32.748793 
961 32.748793 
962 32.748793 
963 32.748793 
964 32.748793 
965 32.748793 
966 32.748793 
967 32.748793 
968 32.748793 
969 32.748793 
970 32.748793 
971 32.748793 
972 32.748793 
973 32.748793 
974 32.748793 
975 32.748793 
976 32.748793 
977 32.748793 
978 32.748793 
979 32.748793 
980 32.748793 
981 32.748793 
982 32.748793 
983 32.748793 
984 32.748793 
985 32.748793 
986 32.748793 
987 32.748793 
988 32.748793 
989 32.748793 
990 32.748793 
991 32.748793 
992 32.748793 
993 32.748793 
994 32.748793 
995 32.748793 
996 32.748793 
997 32.748793 
998 32.748793 
999 32.748793 
1000 32.748793 
