1 32.7734
2 32.773
3 32.7727
4 32.7724
5 32.7718
6 32.7707
7 32.7704
8 32.7702
9 32.77
10 32.7697
11 32.7693
12 32.7691
13 32.7687
14 32.7685
15 32.7683
16 32.7679
17 32.7677
18 32.7674
19 32.7672
20 32.7669
21 32.7666
22 32.7664
23 32.766
24 32.7657
25 32.7655
26 32.7649
27 32.7641
28 32.7629
29 32.7618
30 32.7613
31 32.7609
32 32.7602
33 32.7594
34 32.7583
35 32.7577
36 32.7569
37 32.7563
38 32.7557
39 32.7553
40 32.7549
41 32.7543
42 32.7538
43 32.7534
44 32.7529
45 32.7526
46 32.7524
47 32.7522
48 32.7521
49 32.7519
50 32.7513
51 32.7513
52 32.7511
53 32.7511
54 32.7507
55 32.7506
56 32.7506
57 32.7506
58 32.7506
59 32.7505
60 32.7504
61 32.7504
62 32.7504
63 32.7502
64 32.7501
65 32.7501
66 32.7501
67 32.7501
68 32.7501
69 32.7501
70 32.7501
71 32.7501
72 32.7501
73 32.7501
74 32.7499
75 32.7497
76 32.7496
77 32.7495
78 32.7493
79 32.7492
80 32.7491
81 32.7491
82 32.749
83 32.749
84 32.749
85 32.7489
86 32.7489
87 32.7489
88 32.7489
89 32.7489
90 32.7489
91 32.7489
92 32.7489
93 32.7489
94 32.7489
95 32.7489
96 32.7489
97 32.7489
98 32.7489
99 32.7489
100 32.7489
101 32.7489
102 32.7489
103 32.7489
104 32.7489
105 32.7489
106 32.7489
107 32.7489
108 32.7489
109 32.7489
110 32.7489
111 32.7489
112 32.7489
113 32.7489
114 32.7489
115 32.7489
116 32.7489
117 32.7489
118 32.7489
119 32.7489
120 32.7489
121 32.7489
122 32.7489
123 32.7489
124 32.7489
125 32.7489
126 32.7489
127 32.7489
128 32.7489
129 32.7489
130 32.7489
131 32.7489
132 32.7489
133 32.7489
134 32.7489
135 32.7489
136 32.7489
137 32.7489
138 32.7489
139 32.7489
140 32.7489
141 32.7489
142 32.7489
143 32.7489
144 32.7489
145 32.7489
146 32.7489
147 32.7489
148 32.7489
149 32.7489
150 32.7489
151 32.7489
152 32.7489
153 32.7489
154 32.7489
155 32.7489
156 32.7489
157 32.7489
158 32.7489
159 32.7489
160 32.7489
161 32.7489
162 32.7489
163 32.7489
164 32.7489
165 32.7489
166 32.7489
167 32.7489
168 32.7489
169 32.7489
170 32.7489
171 32.7489
172 32.7489
173 32.7489
174 32.7489
175 32.7489
176 32.7489
177 32.7489
178 32.7489
179 32.7489
180 32.7489
181 32.7489
182 32.7489
183 32.7489
184 32.7489
185 32.7489
186 32.7489
187 32.7489
188 32.7489
189 32.7489
190 32.7489
191 32.7489
192 32.7489
193 32.7489
194 32.7489
195 32.7489
196 32.7489
197 32.7489
198 32.7489
199 32.7489
200 32.7489
201 32.7489
202 32.7489
203 32.7489
204 32.7489
205 32.7489
206 32.7489
207 32.7489
208 32.7489
209 32.7489
210 32.7489
211 32.7489
212 32.7489
213 32.7489
214 32.7489
215 32.7489
216 32.7489
217 32.7489
218 32.7489
219 32.7489
220 32.7489
221 32.7489
222 32.7489
223 32.7489
224 32.7489
225 32.7489
226 32.7489
227 32.7489
228 32.7489
229 32.7489
230 32.7489
231 32.7489
232 32.7489
233 32.7489
234 32.7489
235 32.7489
236 32.7489
237 32.7489
238 32.7489
239 32.7489
240 32.7489
241 32.7489
242 32.7489
243 32.7489
244 32.7489
245 32.7489
246 32.7489
247 32.7489
248 32.7489
249 32.7489
250 32.7489
251 32.7489
252 32.7489
253 32.7489
254 32.7489
255 32.7489
256 32.7489
257 32.7489
258 32.7489
259 32.7489
260 32.7489
261 32.7489
262 32.7489
263 32.7489
264 32.7489
265 32.7489
266 32.7489
267 32.7489
268 32.7489
269 32.7489
270 32.7489
271 32.7489
272 32.7489
273 32.7489
274 32.7489
275 32.7489
276 32.7489
277 32.7489
278 32.7489
279 32.7489
280 32.7489
281 32.7489
282 32.7489
283 32.7489
284 32.7489
285 32.7489
286 32.7489
287 32.7489
288 32.7489
289 32.7489
290 32.7489
291 32.7489
292 32.7489
293 32.7489
294 32.7489
295 32.7489
296 32.7489
297 32.7489
298 32.7489
299 32.7489
300 32.7489
301 32.7489
302 32.7489
303 32.7489
304 32.7489
305 32.7489
306 32.7489
307 32.7489
308 32.7489
309 32.7489
310 32.7489
311 32.7489
312 32.7489
313 32.7489
314 32.7489
315 32.7489
316 32.7489
317 32.7489
318 32.7489
319 32.7489
320 32.7489
321 32.7489
322 32.7489
323 32.7489
324 32.7489
325 32.7489
326 32.7489
327 32.7489
328 32.7489
329 32.7489
330 32.7489
331 32.7489
332 32.7489
333 32.7489
334 32.7489
335 32.7489
336 32.7489
337 32.7489
338 32.7489
339 32.7489
340 32.7489
341 32.7489
342 32.7489
343 32.7489
344 32.7489
345 32.7489
346 32.7488
347 32.7488
348 32.7488
349 32.7488
350 32.7488
351 32.7488
352 32.7488
353 32.7488
354 32.7488
355 32.7488
356 32.7488
357 32.7488
358 32.7488
359 32.7488
360 32.7488
361 32.7488
362 32.7488
363 32.7488
364 32.7488
365 32.7488
366 32.7488
367 32.7488
368 32.7488
369 32.7488
370 32.7488
371 32.7488
372 32.7488
373 32.7488
374 32.7488
375 32.7488
376 32.7488
377 32.7488
378 32.7488
379 32.7488
380 32.7488
381 32.7488
382 32.7488
383 32.7488
384 32.7488
385 32.7488
386 32.7488
387 32.7488
388 32.7488
389 32.7488
390 32.7488
391 32.7488
392 32.7488
393 32.7488
394 32.7488
395 32.7488
396 32.7488
397 32.7488
398 32.7488
399 32.7488
400 32.7488
401 32.7488
402 32.7488
403 32.7488
404 32.7488
405 32.7488
406 32.7488
407 32.7488
408 32.7488
409 32.7488
410 32.7488
411 32.7488
412 32.7488
413 32.7488
414 32.7488
415 32.7488
416 32.7488
417 32.7488
418 32.7488
419 32.7488
420 32.7488
421 32.7488
422 32.7488
423 32.7488
424 32.7488
425 32.7488
426 32.7488
427 32.7488
428 32.7488
429 32.7488
430 32.7488
431 32.7488
432 32.7488
433 32.7488
434 32.7488
435 32.7488
436 32.7488
437 32.7488
438 32.7488
439 32.7488
440 32.7488
441 32.7488
442 32.7488
443 32.7488
444 32.7488
445 32.7488
446 32.7488
447 32.7488
448 32.7488
449 32.7488
450 32.7488
451 32.7488
452 32.7488
453 32.7488
454 32.7488
455 32.7488
456 32.7488
457 32.7488
458 32.7488
459 32.7488
460 32.7488
461 32.7488
462 32.7488
463 32.7488
464 32.7488
465 32.7488
466 32.7488
467 32.7488
468 32.7488
469 32.7488
470 32.7488
471 32.7488
472 32.7488
473 32.7488
474 32.7488
475 32.7488
476 32.7488
477 32.7488
478 32.7488
479 32.7488
480 32.7488
481 32.7488
482 32.7488
483 32.7488
484 32.7488
485 32.7488
486 32.7488
487 32.7488
488 32.7488
489 32.7488
490 32.7488
491 32.7488
492 32.7488
493 32.7488
494 32.7488
495 32.7488
496 32.7488
497 32.7488
498 32.7488
499 32.7488
500 32.7488
501 32.7488
502 32.7488
503 32.7488
504 32.7488
505 32.7488
506 32.7488
507 32.7488
508 32.7488
509 32.7488
510 32.7488
511 32.7488
512 32.7488
513 32.7488
514 32.7488
515 32.7488
516 32.7488
517 32.7488
518 32.7488
519 32.7488
520 32.7488
521 32.7488
522 32.7488
523 32.7488
524 32.7488
525 32.7488
526 32.7488
527 32.7488
528 32.7488
529 32.7488
530 32.7488
531 32.7488
532 32.7488
533 32.7488
534 32.7488
535 32.7488
536 32.7488
537 32.7488
538 32.7488
539 32.7488
540 32.7488
541 32.7488
542 32.7488
543 32.7488
544 32.7488
545 32.7488
546 32.7488
547 32.7488
548 32.7488
549 32.7488
550 32.7488
551 32.7488
552 32.7488
553 32.7488
554 32.7488
555 32.7488
556 32.7488
557 32.7488
558 32.7488
559 32.7488
560 32.7488
561 32.7488
562 32.7488
563 32.7488
564 32.7488
565 32.7488
566 32.7488
567 32.7488
568 32.7488
569 32.7488
570 32.7488
571 32.7488
572 32.7488
573 32.7488
574 32.7488
575 32.7488
576 32.7488
577 32.7488
578 32.7488
579 32.7488
580 32.7488
581 32.7488
582 32.7488
583 32.7488
584 32.7488
585 32.7488
586 32.7488
587 32.7488
588 32.7488
589 32.7488
590 32.7488
591 32.7488
592 32.7488
593 32.7488
594 32.7488
595 32.7488
596 32.7488
597 32.7488
598 32.7488
599 32.7488
600 32.7488
601 32.7488
602 32.7488
603 32.7488
604 32.7488
605 32.7488
606 32.7488
607 32.7488
608 32.7488
609 32.7488
610 32.7488
611 32.7488
612 32.7488
613 32.7488
614 32.7488
615 32.7488
616 32.7488
617 32.7488
618 32.7488
619 32.7488
620 32.7488
621 32.7488
622 32.7488
623 32.7488
624 32.7488
625 32.7488
626 32.7488
627 32.7488
628 32.7488
629 32.7488
630 32.7488
631 32.7488
632 32.7488
633 32.7488
634 32.7488
635 32.7488
636 32.7488
637 32.7488
638 32.7488
639 32.7488
640 32.7488
641 32.7488
642 32.7488
643 32.7488
644 32.7488
645 32.7488
646 32.7488
647 32.7488
648 32.7488
649 32.7488
650 32.7488
651 32.7488
652 32.7488
653 32.7488
654 32.7488
655 32.7488
656 32.7488
657 32.7488
658 32.7488
659 32.7488
660 32.7488
661 32.7488
662 32.7488
663 32.7488
664 32.7488
665 32.7488
666 32.7488
667 32.7488
668 32.7488
669 32.7488
670 32.7488
671 32.7488
672 32.7488
673 32.7488
674 32.7488
675 32.7488
676 32.7488
677 32.7488
678 32.7488
679 32.7488
680 32.7488
681 32.7488
682 32.7488
683 32.7488
684 32.7488
685 32.7488
686 32.7488
687 32.7488
688 32.7488
689 32.7488
690 32.7488
691 32.7488
692 32.7488
693 32.7488
694 32.7488
695 32.7488
696 32.7488
697 32.7488
698 32.7488
699 32.7488
700 32.7488
701 32.7488
702 32.7488
703 32.7488
704 32.7488
705 32.7488
706 32.7488
707 32.7488
708 32.7488
709 32.7488
710 32.7488
711 32.7488
712 32.7488
713 32.7488
714 32.7488
715 32.7488
716 32.7488
717 32.7488
718 32.7488
719 32.7488
720 32.7488
721 32.7488
722 32.7488
723 32.7488
724 32.7488
725 32.7488
726 32.7488
727 32.7488
728 32.7488
729 32.7488
730 32.7488
731 32.7488
732 32.7488
733 32.7488
734 32.7488
735 32.7488
736 32.7488
737 32.7488
738 32.7488
739 32.7488
740 32.7488
741 32.7488
742 32.7488
743 32.7488
744 32.7488
745 32.7488
746 32.7488
747 32.7488
748 32.7488
749 32.7488
750 32.7488
751 32.7488
752 32.7488
753 32.7488
754 32.7488
755 32.7488
756 32.7488
757 32.7488
758 32.7488
759 32.7488
760 32.7488
761 32.7488
762 32.7488
763 32.7488
764 32.7488
765 32.7488
766 32.7488
767 32.7488
768 32.7488
769 32.7488
770 32.7488
771 32.7488
772 32.7488
773 32.7488
774 32.7488
775 32.7488
776 32.7488
777 32.7488
778 32.7488
779 32.7488
780 32.7488
781 32.7488
782 32.7488
783 32.7488
784 32.7488
785 32.7488
786 32.7488
787 32.7488
788 32.7488
789 32.7488
790 32.7488
791 32.7488
792 32.7488
793 32.7488
794 32.7488
795 32.7488
796 32.7488
797 32.7488
798 32.7488
799 32.7488
800 32.7488
801 32.7488
802 32.7488
803 32.7488
804 32.7488
805 32.7488
806 32.7488
807 32.7488
808 32.7488
809 32.7488
810 32.7488
811 32.7488
812 32.7488
813 32.7488
814 32.7488
815 32.7488
816 32.7488
817 32.7488
818 32.7488
819 32.7488
820 32.7488
821 32.7488
822 32.7488
823 32.7488
824 32.7488
825 32.7488
826 32.7488
827 32.7488
828 32.7488
829 32.7488
830 32.7488
831 32.7488
832 32.7488
833 32.7488
834 32.7488
835 32.7488
836 32.7488
837 32.7488
838 32.7488
839 32.7488
840 32.7488
841 32.7488
842 32.7488
843 32.7488
844 32.7488
845 32.7488
846 32.7488
847 32.7488
848 32.7488
849 32.7488
850 32.7488
851 32.7488
852 32.7488
853 32.7488
854 32.7488
855 32.7488
856 32.7488
857 32.7488
858 32.7488
859 32.7488
860 32.7488
861 32.7488
862 32.7488
863 32.7488
864 32.7488
865 32.7488
866 32.7488
867 32.7488
868 32.7488
869 32.7488
870 32.7488
871 32.7488
872 32.7488
873 32.7488
874 32.7488
875 32.7488
876 32.7488
877 32.7488
878 32.7488
879 32.7488
880 32.7488
881 32.7488
882 32.7488
883 32.7488
884 32.7488
885 32.7488
886 32.7488
887 32.7488
888 32.7488
889 32.7488
890 32.7488
891 32.7488
892 32.7488
893 32.7488
894 32.7488
895 32.7488
896 32.7488
897 32.7488
898 32.7488
899 32.7488
900 32.7488
901 32.7488
902 32.7488
903 32.7488
904 32.7488
905 32.7488
906 32.7488
907 32.7488
908 32.7488
909 32.7488
910 32.7488
911 32.7488
912 32.7488
913 32.7488
914 32.7488
915 32.7488
916 32.7488
917 32.7488
918 32.7488
919 32.7488
920 32.7488
921 32.7488
922 32.7488
923 32.7488
924 32.7488
925 32.7488
926 32.7488
927 32.7488
928 32.7488
929 32.7488
930 32.7488
931 32.7488
932 32.7488
933 32.7488
934 32.7488
935 32.7488
936 32.7488
937 32.7488
938 32.7488
939 32.7488
940 32.7488
941 32.7488
942 32.7488
943 32.7488
944 32.7488
945 32.7488
946 32.7488
947 32.7488
948 32.7488
949 32.7488
950 32.7488
951 32.7488
952 32.7488
953 32.7488
954 32.7488
955 32.7488
956 32.7488
957 32.7488
958 32.7488
959 32.7488
960 32.7488
961 32.7488
962 32.7488
963 32.7488
964 32.7488
965 32.7488
966 32.7488
967 32.7488
968 32.7488
969 32.7488
970 32.7488
971 32.7488
972 32.7488
973 32.7488
974 32.7488
975 32.7488
976 32.7488
977 32.7488
978 32.7488
979 32.7488
980 32.7488
981 32.7488
982 32.7488
983 32.7488
984 32.7488
985 32.7488
986 32.7488
987 32.7488
988 32.7488
989 32.7488
990 32.7488
991 32.7488
992 32.7488
993 32.7488
994 32.7488
995 32.7488
996 32.7488
997 32.7488
998 32.7488
999 32.7488
1000 32.7488
