% Created by tsnnls
% name: b
% type: matrix
% rows: 1200
% columns: 1
0.0041283085143001
-0.0087772007417402
0.0412784360700202
0.0025343478924740
-0.0102492226914529
0.0409583317859775
0.0010642845038640
-0.0128209190883245
0.0415202946263316
-0.0009285624801242
-0.0113285288049495
0.0402427958048995
-0.0025178934982977
-0.0132094198467430
0.0405178770487700
-0.0040001834369117
-0.0161274873324086
0.0400158850398457
-0.0059584966489302
-0.0162899590421951
0.0402634361479068
-0.0077689139506092
-0.0188841985713799
0.0402412287310198
-0.0084579192189421
-0.0211617088155999
0.0356456519352388
-0.0112210490063980
-0.0226184209967458
0.0383946622929726
-0.0123824761285277
-0.0249425665625017
0.0354426217327132
-0.0143618867603096
-0.0292933253819957
0.0345182540273396
-0.0162936770674225
-0.0317075751765021
0.0329244789392061
-0.0185301725739062
-0.0342397165076593
0.0315346938727954
-0.0202168466206056
-0.0431199507351292
0.0267178997956070
-0.0212952208616960
-0.0493101994078725
0.0201915211834591
-0.0237860423637551
-0.0536336463438646
0.0156999530135077
-0.0198689219724461
-0.0636021896909961
-0.0033909254629547
-0.0056522052688345
-0.0469949227082759
-0.0226902354472696
0.0156523676931879
-0.0079481601118732
-0.0329821937896265
0.0168934831453800
-0.0277730304322312
-0.0576831562427785
0.0073642997786715
-0.0112439768055023
-0.0279142987367716
0.0305124947088171
0.0301471932367629
-0.0408901768857991
0.0312649311257274
0.0507201195518309
-0.0314935447919834
0.0233481464603362
0.0555718479369788
-0.0163329227541075
0.0156409888276845
0.0519081313131836
-0.0067467563780156
0.0112056288945025
0.0506625073059739
-0.0029120526598378
0.0072551732730298
0.0505586039397964
0.0010818504890733
0.0027632588681874
0.0459622115148387
0.0061582467226911
-0.0000254156300785
0.0471755791668660
0.0080941798912540
-0.0024058073503448
0.0445046328307267
0.0082512878159315
-0.0055145512844902
0.0440490986674923
0.0113434194285709
-0.0069603396667911
0.0411282984976996
0.0100044448070539
-0.0098668276715040
0.0416834185457848
0.0124538804980635
-0.0112253001926880
0.0389788264264740
0.0117796879687279
-0.0139623349056099
0.0390356835890170
0.0137561198019007
-0.0149567059974605
0.0354878066731863
0.0135180102233451
-0.0177812853999537
0.0374734396494889
0.0141018674682086
-0.0193706627058032
0.0359806830228297
0.0139578586883939
-0.0207051903798601
0.0332746794772734
0.0145709556904301
-0.0223617572500223
0.0329448161241395
0.0139378824479230
-0.0237527691109973
0.0316818146651208
0.0136311370204716
-0.0256914595039641
0.0309036196643369
0.0138310491242165
-0.0258228484011703
0.0275142863437597
0.0137433548612692
-0.0274052777527540
0.0275487472007329
0.0126837102373903
-0.0296665191069740
0.0277358096363683
0.0122116144731325
-0.0310082989240772
0.0262312244192039
0.0120848094060176
-0.0305692049719384
0.0229609721090606
0.0118584798171929
-0.0324080435161285
0.0229173056505809
0.0109141954049893
-0.0339664547083749
0.0216029613101475
0.0109330945276893
-0.0336398892982548
0.0190208313109206
0.0105559864339240
-0.0362470968457065
0.0202221636268299
0.0084677819249621
-0.0355127122022310
0.0165376024147872
0.0092621979685065
-0.0372123722471829
0.0156779863443461
0.0087198651593778
-0.0380976442476233
0.0152751354584739
0.0068466387314645
-0.0375168253312391
0.0125625876318977
0.0069872649639477
-0.0392341371216611
0.0125583935838173
0.0051218867667369
-0.0390983945456053
0.0097745936789783
0.0057352702067007
-0.0395464887022204
0.0083796675877207
0.0049277527555275
-0.0413800450757616
0.0090299801868828
0.0018789356926620
-0.0390662931862323
0.0050275304263349
0.0035884134785081
-0.0414177156654652
0.0046562109893302
0.0018711837956988
-0.0405217271341688
0.0036882235564799
0.0001926876213462
-0.0399411753120418
0.0010946787197955
0.0008443258112393
-0.0412392915351228
0.0007789562916589
-0.0014237649423442
-0.0406033199949548
-0.0009493888990583
-0.0018996859823487
-0.0416176545179516
-0.0035324228617740
-0.0014367651018470
-0.0398473408560756
-0.0039794298699979
-0.0033157332667608
-0.0409054011498569
-0.0043110112907755
-0.0059252566168670
-0.0402360388223897
-0.0071061577934545
-0.0049163181837470
-0.0392779480428292
-0.0091742022101620
-0.0046622385313987
-0.0388816542533183
-0.0092669833316471
-0.0071762198674623
-0.0395918381839134
-0.0104837846865927
-0.0089100403607603
-0.0373521119787737
-0.0118448355458500
-0.0087193727215553
-0.0372690770844987
-0.0141755637639690
-0.0085338809187302
-0.0362085911403742
-0.0147293260314745
-0.0099820239526027
-0.0370577233337027
-0.0156041272375947
-0.0127056133208010
-0.0342908265874278
-0.0166948986738686
-0.0118831785322996
-0.0348252083353866
-0.0193611235383472
-0.0121868754826155
-0.0327926309348145
-0.0195377720514751
-0.0130152391660479
-0.0327820023948079
-0.0202094864619115
-0.0155427970288485
-0.0312547913928031
-0.0210211589282806
-0.0160474806512804
-0.0302393300759835
-0.0221306317565952
-0.0168143394224867
-0.0291975665319577
-0.0233962389385270
-0.0173839668085867
-0.0273951595851019
-0.0243933872146909
-0.0169703215748202
-0.0270962449722779
-0.0259391158633940
-0.0185885114517498
-0.0247656802989631
-0.0253723634861514
-0.0189965199801155
-0.0240700315248930
-0.0268297780615656
-0.0201218164438079
-0.0223981057618982
-0.0270897042477978
-0.0206618423676392
-0.0211114895618435
-0.0273849663217566
-0.0220511486818446
-0.0196464001155590
-0.0284916377128854
-0.0219839748044583
-0.0182947277225010
-0.0301659464779922
-0.0216098626693451
-0.0165687162462756
-0.0304479914297398
-0.0217481598736021
-0.0152346196568348
-0.0310114214657244
-0.0229737610102775
-0.0132316529654846
-0.0296698828607654
-0.0236631242726498
-0.0121482791396169
-0.0311161490231000
-0.0252223196039385
-0.0099641920330501
-0.0300476451257871
-0.0239656639040059
-0.0089156186815860
-0.0336797231220732
-0.0240791229864026
-0.0068465691526086
-0.0313938946460530
-0.0241067044299479
-0.0052974737272777
-0.0313960543364434
-0.0250752985867443
-0.0036479644373738
-0.0320218452519445
-0.0243593320155628
-0.0020541746603158
-0.0336386825681393
-0.0247500838709803
-0.0003178298853150
-0.0329321707109291
-0.0237129155083749
0.0013215871970290
-0.0317214375306190
-0.0259049658695499
0.0030439589089400
-0.0326678745835210
-0.0251174009523995
0.0046292267100344
-0.0332637509992177
-0.0223357835732706
0.0065306346126071
-0.0333932412644507
-0.0247261392175937
0.0078067919395306
-0.0309609646147448
-0.0240240142756945
0.0097914086387002
-0.0332669694604965
-0.0228980478911890
0.0113044181067974
-0.0324210003803126
-0.0224573265743229
0.0124315158215021
-0.0298393028432607
-0.0229415880048104
0.0146841348158885
-0.0324096452554151
-0.0216993890169751
0.0160702097476413
-0.0311831444537597
-0.0214557604584406
0.0168449629853059
-0.0287509139281184
-0.0210500009426434
0.0200168639993563
-0.0326159291136774
-0.0199279400236730
0.0197926573197753
-0.0278495191997467
-0.0199035431487848
0.0221951974698548
-0.0294561145747216
-0.0189737263899832
0.0234542570160775
-0.0284673324259516
-0.0183082760982130
0.0244958651567062
-0.0271074725955176
-0.0177914262245144
0.0262361113103382
-0.0276426867011943
-0.0160989986037319
0.0275051056727993
-0.0264696519934635
-0.0157894401445365
0.0280048411195497
-0.0244105092819890
-0.0154436665875401
0.0305867273987720
-0.0258143177737933
-0.0136335253163263
0.0305591177095073
-0.0235522694896266
-0.0127908026516732
0.0307259701581664
-0.0218110307380487
-0.0118771031837123
0.0347223553554286
-0.0237019951020357
-0.0106611696195250
0.0325871958391809
-0.0197803364375566
-0.0100705039635271
0.0356739027990695
-0.0210188262852775
-0.0081759444412252
0.0371366695130156
-0.0205349586328399
-0.0066245441541257
0.0356899343448708
-0.0177273181593360
-0.0059421786653135
0.0370588737598109
-0.0170007035367113
-0.0048841779561175
0.0381243982190826
-0.0162220381135925
-0.0034796099530989
0.0392093629719760
-0.0157675671251898
-0.0014014473262157
0.0394814654321971
-0.0142110027428344
-0.0005331566856570
0.0399181578174472
-0.0130647333436783
0.0008911375049179
0.0413356815594197
-0.0128412087410387
0.0035635234574612
0.0414613886273691
-0.0115009131730496
0.0050450609611983
0.0403436458921617
-0.0096478118684188
0.0058673115412365
0.0391863708209522
-0.0092666217812047
0.0091329847232234
0.0431002386812195
-0.0082874829275112
0.0106392375997884
0.0400140464575001
-0.0073699995127777
0.0133763130833420
0.0405318539193639
-0.0064966825044417
0.0159000794719365
0.0405567521854969
-0.0053389258868251
0.0180893813490856
0.0391291335220342
-0.0042855828086449
0.0203272215111155
0.0439369010188067
-0.0030518689558380
0.0248338169605027
0.0349386882425134
-0.0029177263752760
0.0265572893325031
0.0402050619421022
-0.0020041166939949
0.0343886336464075
0.0320731101675568
-0.0026493794913706
0.0387518152277225
0.0326354895285229
-0.0009895051619603
0.0441556111879991
0.0265121360403419
-0.0021098344127156
0.0563562354413044
0.0125392756559742
-0.0041562616385120
0.0652193463399927
-0.0082925076219143
-0.0069353816779075
0.0580191249097362
-0.0268743421248867
-0.0096141283890953
0.0133778445597222
-0.0592262687347215
-0.0176020768102234
0.0244794817206104
-0.0287792607629098
-0.0066906685614294
0.0224976053881961
-0.0472132363794780
-0.0099409295914388
-0.0189011621696921
-0.0453019952655460
-0.0062161240182182
-0.0481052300164917
-0.0284417470884028
0.0005693666151829
-0.0562384953394948
-0.0196220013395460
0.0048035691244819
-0.0530710814898123
-0.0124932700681586
0.0083817136177593
-0.0521002224466004
-0.0027426441839425
0.0116446021686362
-0.0505433741998187
-0.0009278942227391
0.0131484503924689
-0.0459458086710011
0.0013316761717863
0.0153375119244785
-0.0448348064898642
0.0049870773215309
0.0166930091871215
-0.0415812398744229
0.0067303188639306
0.0184397030373098
-0.0401887950093966
0.0073851473321543
0.0198720662290665
-0.0384816641137566
0.0116258703648127
0.0223818709360589
-0.0381256117834667
0.0101601936691006
0.0220733916871987
-0.0340589767728200
0.0125624396958086
0.0252301669755463
-0.0349876437905284
0.0143823436205655
0.0253686478977894
-0.0314212116456758
0.0142789827648629
0.0257822611152984
-0.0290381654357986
0.0138624563298482
0.0282968721961661
-0.0293435600229681
0.0150720649001815
0.0289195335049953
-0.0269758487130928
0.0159492753045784
0.0297594468754895
-0.0250208985643302
0.0155580956638342
0.0315071139826602
-0.0242620791186808
0.0166678995465355
0.0307857216193252
-0.0209503116222869
0.0160485931771930
0.0324794200909191
-0.0202675677475916
0.0165634789855155
0.0322060317556314
-0.0177509929895182
0.0162007148642588
0.0348950398739961
-0.0175713782053247
0.0165630526419539
0.0357457226389258
-0.0157775750384991
0.0163259163076221
0.0349000216070396
-0.0132880486198403
0.0163734871241231
0.0348973064294557
-0.0113255915520653
0.0159889208246617
0.0389524095142449
-0.0113436278084773
0.0157294506418939
0.0348419121320760
-0.0077220654974421
0.0151789733100346
0.0382915178050517
-0.0073874431123331
0.0152687740294054
0.0382154622510623
-0.0053513553713123
0.0144894342737552
0.0370512931108258
-0.0034827502238495
0.0142722137952637
0.0398477475662663
-0.0023626685202216
0.0137732653582226
0.0369268612126940
-0.0001290995613858
0.0129441028935781
0.0410101715157080
0.0007277710558584
0.0139400628499453
0.0365007108401415
0.0036378212031792
0.0116323565550683
0.0403871184632120
0.0040386503544025
0.0118945827628368
0.0382228281192849
0.0061754261818187
0.0108695333777095
0.0370718289725607
0.0074136386990458
0.0093300342595885
0.0413036692688256
0.0087564956632227
0.0114992990999362
0.0361623169030305
0.0114652893351095
0.0092509711654418
0.0373349520126676
0.0121707516830620
0.0069730679838679
0.0402225625948229
0.0133987607662469
0.0078690792431233
0.0356000216755341
0.0148793327102237
0.0078000447419651
0.0370182859052631
0.0172844277727005
0.0051508967560535
0.0364519140912799
0.0174057415563430
0.0049145836991096
0.0365428046067844
0.0194685781311901
0.0058770620973030
0.0330856646902031
0.0207496429316538
0.0031966448059269
0.0349349539698846
0.0219022973032263
0.0010040508705309
0.0345485848473550
0.0223315341021545
0.0033322013203887
0.0319135141893224
0.0249237066509953
0.0030873913828106
0.0309525858268206
0.0265098995465508
-0.0007103839234150
0.0317047601331498
0.0263669813780548
-0.0022850645710356
0.0308380421379496
0.0268859390362138
-0.0007537680826382
0.0290395912638430
0.0294880824355473
-0.0021204226680801
0.0278506445576814
0.0298376268042938
-0.0030606292476868
0.0263917974031047
0.0301892262335853
-0.0038136598390471
0.0262964720923303
0.0326263640659535
-0.0066952274632067
0.0250677053353038
0.0310053272156319
-0.0075683205132911
0.0243308925632877
0.0325430387497787
-0.0058411913143493
0.0218203679705410
0.0345191860203335
-0.0065882916182679
0.0201216758364985
0.0344523579634461
-0.0094938888070351
0.0200037047308067
0.0345261621833561
-0.0098968412899042
0.0184130669766160
0.0351867540100251
-0.0107982040054049
0.0171243650404702
0.0358319458233570
-0.0121999087418810
0.0159781224488962
0.0359960479133893
-0.0125475622720425
0.0142525679110489
0.0362464739444898
-0.0140451983688141
0.0131531232034573
0.0363689239860740
-0.0133610945809299
0.0109402358852425
0.0367082889504681
-0.0150810933261653
0.0099794789751081
0.0374938798807977
-0.0158929394081020
0.0084431451508006
0.0367715237060323
-0.0167999983408484
0.0070435220734394
0.0358156945253788
-0.0172688605204232
0.0054125031267400
0.0368488753471582
-0.0173518177140793
0.0035757729301809
0.0372813777571205
-0.0187031267670946
0.0023825648072830
0.0363863146689147
-0.0191860124245329
0.0008575542461089
0.0357955236816999
-0.0197907520011616
-0.0006304085736368
0.0354066166905131
-0.0206662743732806
-0.0023320470482233
0.0361408193771758
-0.0191662040603253
-0.0044844129345145
0.0355886326239716
-0.0204877822938747
-0.0058416637761344
0.0353288553122352
-0.0225421862952752
-0.0064761250353975
0.0334618418592880
-0.0220463980227499
-0.0083618893423709
0.0332754536201287
-0.0206590029442342
-0.0111775655768189
0.0346808571782502
-0.0209524371461805
-0.0117463148378237
0.0320196858894022
-0.0229168145287571
-0.0128800842246033
0.0313029346101002
-0.0217315222806581
-0.0151267642684715
0.0314979059121027
-0.0212926498868355
-0.0167018816759064
0.0307235936271039
-0.0227698609491467
-0.0171987059200264
0.0287056455733518
-0.0218198001500929
-0.0189349321295790
0.0282034253275780
-0.0210771283874388
-0.0218832339626726
0.0292077822361201
-0.0226777074223375
-0.0206938093803142
0.0251768275803904
-0.0221891285440014
-0.0237402428200957
0.0261408926726837
-0.0202439380617582
-0.0258306743692833
0.0258646514154478
-0.0221964040129597
-0.0242538032781717
0.0218746770861518
-0.0212633791064313
-0.0284209780706256
0.0235145258918321
-0.0202412200635414
-0.0272120181363986
0.0203408194581740
-0.0204981316163181
-0.0303549855856577
0.0206880165778330
-0.0193490949028612
-0.0302854454614808
0.0186659457283083
-0.0193233995761506
-0.0314792080601169
0.0174645269799437
-0.0194634128209596
-0.0325450852094303
0.0160962854753702
-0.0171450314920173
-0.0339009531658720
0.0153879253630249
-0.0176433842338993
-0.0355229253068410
0.0141503619155658
-0.0165188094038836
-0.0326103644744787
0.0111527203647637
-0.0159470281710011
-0.0392270641747406
0.0123413769581818
-0.0154207441679326
-0.0358102060741300
0.0091569642533899
-0.0144079333031851
-0.0372721494782434
0.0081688591206488
-0.0131483802681632
-0.0409136977073986
0.0077313999937358
-0.0127070108305811
-0.0379762233724332
0.0051847202555511
-0.0116908947140000
-0.0392257670925915
0.0040053060322225
-0.0108883673707733
-0.0396448245513207
0.0025365096487586
-0.0092733488115075
-0.0414258041508627
0.0014674182048783
-0.0081702554203472
-0.0414833748425889
-0.0000493333019908
-0.0071819867085596
-0.0408476538619044
-0.0015899691342188
-0.0051039789439549
-0.0422649980233841
-0.0027038210727679
-0.0029194954160900
-0.0432934895203539
-0.0039112063335759
-0.0027571164423705
-0.0413372524603148
-0.0056347843762433
-0.0003669223468554
-0.0408461048371247
-0.0065132376763236
0.0026210242399531
-0.0434078482966781
-0.0077985430046624
0.0040668326753405
-0.0415055120320261
-0.0088689973426868
0.0050035993401421
-0.0433890727147261
-0.0111573718294704
0.0073390891540384
-0.0431935153801546
-0.0124890470231481
0.0118973103437773
-0.0416011173526836
-0.0124543748766932
0.0134909903584181
-0.0424625561058386
-0.0146672797419219
0.0177179341609619
-0.0397516864743945
-0.0142959667898327
0.0246504391640390
-0.0408857424415147
-0.0152175134835161
0.0264908392259950
-0.0391682710244551
-0.0166188778595818
0.0343429700055861
-0.0394517254598753
-0.0178747123899508
0.0480643635498773
-0.0344579699237050
-0.0148292027689272
0.0543588426237245
-0.0287236545792248
-0.0139269646245405
0.0605771895652049
-0.0123901491820816
-0.0043635093276705
0.0372120716054332
0.0111385760856839
0.0109461407699458
0.0255397950979654
0.0359026236290263
0.0287339449937705
0.0375611980183317
0.0305993626591038
0.0209538963391935
0.0051858489207834
0.0327483601567587
0.0218820608588712
-0.0291143267783129
0.0467502516675478
0.0300558447678424
-0.0461612800922430
0.0385928777847623
0.0213158451020854
-0.0476066986485212
0.0348641432691495
0.0149811326415851
-0.0520472146296597
0.0218346190900724
0.0047163706442042
-0.0453450807797497
0.0176146409502974
0.0006428529414758
-0.0480981105786485
0.0164889762718614
-0.0030565008469265
-0.0439130680660872
0.0117848280132088
-0.0065928737244771
-0.0441227120443655
0.0099156782351109
-0.0097574580922847
-0.0434324751990042
0.0073684515922753
-0.0129062063424790
-0.0415946554709531
0.0063577554216475
-0.0149191205775034
-0.0419137582876009
0.0042535418155871
-0.0182544779190988
-0.0376645419560386
0.0061164856629817
-0.0176824176432422
-0.0390532272925644
0.0037482180301207
-0.0216748472138260
-0.0347738240832729
0.0032711562095889
-0.0214847661396835
-0.0342519190432823
0.0018388280174050
-0.0238952926846444
-0.0345114275500293
0.0026745005567036
-0.0261378656094522
-0.0326777849599224
0.0020034696891374
-0.0274357668629650
-0.0304948082775064
0.0008240983958768
-0.0285054109876266
-0.0294023022853244
0.0009670780617279
-0.0299511077325650
-0.0283295304152987
0.0010186663207234
-0.0315208049928583
-0.0258785768973345
0.0002009276003019
-0.0318619596343513
-0.0248292008684468
0.0004345858202606
-0.0333100306611707
-0.0225880810868599
0.0000799918818480
-0.0333849290664729
-0.0227261312662443
0.0012436056629874
-0.0362592103558170
-0.0210682978899134
0.0014400252848091
-0.0371000604570740
-0.0172217243217162
-0.0004371225901970
-0.0348137025809569
-0.0181817825260421
0.0021381470210784
-0.0390550022878015
-0.0146788723669442
0.0002707462603324
-0.0368872074086597
-0.0139444920569561
0.0010556465118194
-0.0391774926973750
-0.0121402929476325
0.0017688707033021
-0.0386112775193621
-0.0105331054603337
0.0010295857002088
-0.0403020969608441
-0.0087298330732236
0.0014806261279748
-0.0397701974007320
-0.0071567113780557
0.0020043887392465
-0.0398898018920087
-0.0056801596635245
0.0023237617118358
-0.0414508074778527
-0.0036090756743598
0.0018429331145646
-0.0397896224240512
-0.0023054530882904
0.0029671972638610
-0.0420199553238932
-0.0000593810724465
0.0014131867900159
-0.0397867331540425
0.0005807046358194
0.0051641981236928
-0.0410014354692515
0.0031625466521595
0.0026868293737767
-0.0416918110727854
0.0049078910681252
0.0015454391811476
-0.0389863569571771
0.0059557134262048
0.0057603925655030
-0.0420674926187361
0.0075703807345870
0.0040230997114684
-0.0386923633956044
0.0095494401793331
0.0041160972002348
-0.0397623935606025
0.0105218371529031
0.0057395636873546
-0.0385310725306253
0.0130104373442662
0.0043065913170783
-0.0392852510935580
0.0145024026122234
0.0037209944571550
-0.0378663474215432
0.0153018395043576
0.0061444306862175
-0.0369900330858877
0.0166840812875791
0.0076818535781945
-0.0367842597945024
0.0192567283045723
0.0045762715129020
-0.0363001505949643
0.0204292478042163
0.0048653211409622
-0.0350107867016404
0.0212515518431039
0.0071574093094667
-0.0341068131635751
0.0232350993852687
0.0067944855032774
-0.0337588446019105
0.0241574331785134
0.0074642813388166
-0.0323373214829978
0.0251108127492572
0.0075404018885702
-0.0308594554685463
0.0266764025703434
0.0069337733484544
-0.0299034852856435
0.0281590348945397
0.0070711666556468
-0.0290208616410140
0.0291366340913863
0.0088752428850238
-0.0280249203342675
0.0301022406151936
0.0085008246500757
-0.0264982098486503
0.0303408680714192
0.0076425456888017
-0.0244067919899691
0.0332556800560864
0.0092496615095396
-0.0247181551706466
0.0317236243713427
0.0091011280105397
-0.0216432928553465
0.0349865825205118
0.0110716208874209
-0.0219443788635726
0.0333384798474714
0.0090594828360879
-0.0187999073182916
0.0365923299521289
0.0100627311923860
-0.0186860894455797
0.0354444764927201
0.0103930698270897
-0.0163208786915450
0.0370683867772586
0.0105763887522619
-0.0151832246833210
0.0374716544643317
0.0099970571223530
-0.0134604138704126
0.0376072665208282
0.0109932442016766
-0.0118173865528891
0.0373808845898162
0.0122823255952990
-0.0101177685181231
0.0378739148671285
0.0115969840788833
-0.0085021025559473
0.0400989620103617
0.0113066397450932
-0.0071647473421608
0.0380593442468673
0.0102139817205478
-0.0051280984981869
0.0404123063635518
0.0118519158991405
-0.0037232691170228
0.0379882343098307
0.0127975713234425
-0.0018651844955074
0.0394159142408639
0.0115966050601359
-0.0002620034754183
0.0395879983357507
0.0101871728404945
0.0013983946130826
0.0400843484669273
0.0105537206168476
0.0031357711831502
0.0386515174301900
0.0114571827615648
0.0047353870988718
0.0383874645873420
0.0128533718377460
0.0064485960797721
0.0388260758669171
0.0107451159993159
0.0081044172016758
0.0387917885642143
0.0078413191332090
0.0095990072321535
0.0382707429353712
0.0109242393265670
0.0114660306130568
0.0354330041062716
0.0118114816712712
0.0124191229068104
0.0384164407928192
0.0080191335770953
0.0147699878400870
0.0371488069663719
0.0078106389662393
0.0161223406252979
0.0349917725457428
0.0111180892111289
0.0174580907543328
0.0348678358803743
0.0091579865546882
0.0189678748236305
0.0352676526384155
0.0058400881830560
0.0205756003062895
0.0337633051091607
0.0080571653304856
0.0220560750913477
0.0319430062780240
0.0089944536393204
0.0230592504657247
0.0331290556665047
0.0051244939249253
0.0252115361469349
0.0303363795175384
0.0066250791728350
0.0255539934891963
0.0292804633132028
0.0061833548904063
0.0267051873228702
0.0303345218741429
0.0045661297411679
0.0295959311732094
0.0261379190930486
0.0055049110335495
0.0280961733446647
0.0284203802245412
0.0029911351056892
0.0323005825353272
0.0244968382599672
0.0046113580491930
0.0309270011726221
0.0251369046304841
0.0021149401918017
0.0336652646053546
0.0228496898797935
0.0021422869360427
0.0334983045601911
0.0210747014941853
0.0019815046873529
0.0337552766688587
0.0215376995534409
0.0003226581299000
0.0372220565989167
0.0181257725613455
0.0010503922601567
0.0349450170483094
0.0184704414262475
-0.0012083157927168
0.0384270166255056
0.0159481786897326
-0.0007464872277240
0.0373614047201608
0.0146463234025422
-0.0018259511914379
0.0380679640053385
0.0134505825689104
-0.0028331097786122
0.0392767853779101
0.0126325924359151
-0.0053708288464553
0.0411664744225420
0.0098068056011245
-0.0036359699059941
0.0386699002978120
0.0088565627485407
-0.0061238713775213
0.0400332959838315
0.0071758515308729
-0.0062133480820884
0.0405169195004880
0.0056706423244051
-0.0077792519750287
0.0403635743675768
